
Env:SUMO, Algorithm:MADDPG, Device:cuda:1
-----------------------------------------
{'algo': 'MADDPG', 'env': 'SUMO', 'seedVal': 20150427, 'gamma': 0.999, 'epsilon': 0.001, 'critic_lr': 0.005, 'actor_lr': 0.0001, 'memory_capacity': 1000000, 'batch_size': 512, 'train_eps': 40, 'eval_eps': 10, 'epsilon_start': 3, 'max_speed': 28, 'target_update': 4, 'hidden_dim': 256, 'soft_tau': 0.005, 'max_action': 2, 'device': device(type='cuda', index=1), 'simulation_steps': 3600, 'pathToSumoFiles': 'rou_net2_single', 'model_dest_path': 'models/', 'model_dest_path_leader': 'single_acce8_speed2_', 'model_dest_path_follow': '', 'logName': '_acce2_speed_8_gamma0.999000_tua0.005000.txt', 'procID': 21}
seed 20150427
当前的gamma是0.999, 当前的soft tau是0.005
-----------------------------------------
model saved successfully!
Complete training!
final reward list:[-0.19453280393440034, -0.08030313906137586, -0.07289485211982524, -0.06473791842536392, -0.09230298135041144, 0.007306516637604152, 0.015248693935142544, 0.02978787821155893, 0.026910148179211238, 0.043245166017885917, 0.055462460033868496, 0.0652537152517834, 0.07440670145510178, 0.08854349256899144, 0.08412951547995298, 0.1008647430437379, 0.09646506912856907, 0.10532810284770994, 0.10163311696837633, 0.1056462869237118, 0.10114832954699736, 0.09786590389894834, 0.09272906996001519, 0.10726599359144151, 0.11186376463743974, 0.10955239164237163, 0.09630750546577793, 0.09960430001430512, 0.10106517952877003, 0.09918374915042096, 0.10455766106138249, 0.10981593644130754, 0.10802773345812319, 0.10200653987920931, 0.10002700331669773, 0.1054302206523375, 0.10787498979645042, 0.10488542868766326, 0.10284667072465468, 0.10505379657149506]
final halt list:[35.70560556464812, 1.6262626262626263, 1.209620786516854, 1.1870554765291608, 2.3549204052098407, 0.861311102690413, 0.3998456194519491, 0.19944512946979037, 0.15566537239675257, 0.0793507664562669, 0.062421972534332085, 0.03878681831437737, 0.013842124953236064, 0.0, 0.011627906976744186, 0.007451564828614009, 0.0, 0.0, 0.0020297699594046007, 0.0, 0.0, 0.0, 0.00849514563106796, 0.0, 0.017465626161278336, 0.0, 0.0, 0.0, 0.0, 0.013925479864508844, 0.0, 0.00574300071787509, 0.018077239112571898, 0.005204718945176961, 0.002735562310030395, 0.0, 0.0, 0.0011450381679389313, 0.004315417810906237, 0.003616636528028933]
speed reward list:[0.0, 0.0, 0.0, 0.0, 0.0, 0.0, 0.0, 0.0, 0.0, 0.0, 0.0, 0.0, 0.0, 0.0, 0.0, 0.0, 0.0, 0.0, 0.0, 0.0, 0.0, 0.0, 0.0, 0.0, 0.0, 0.0, 0.0, 0.0, 0.0, 0.0, 0.0, 0.0, 0.0, 0.0, 0.0, 0.0, 0.0, 0.0, 0.0, 0.0]
tls reward list:[-0.001437804167192164, -0.005994684693055231, -0.005788451281547632, -0.005687187658888857, -0.005763957172599986, -0.00517964553159345, -0.00589109701939296, -0.005902776938058507, -0.005581311787374739, -0.006162913921512838, -0.005941608104655284, -0.004998302540451799, -0.005613729648308307, -0.005318293128416502, -0.006135737393163309, -0.004442004981766968, -0.004647894853666584, -0.00451577574521177, -0.004022541272730592, -0.0035185917535232166, -0.0036689799387392445, -0.00405205719917983, -0.004022313664015422, -0.003914520092469417, -0.003677756767872855, -0.0033160506367403246, -0.0038576460435303245, -0.003676040009599033, -0.004071441368965853, -0.0039768057494851995, -0.003329972836627588, -0.0040431917970193, -0.0044454255452562146, -0.004555878881834384, -0.004431848352091189, -0.004030755997043842, -0.004073527874973522, -0.004133185663164256, -0.004492097075191581, -0.004762968635043432]
target reward list:[-0.1930949997672081, -0.0743084543683206, -0.06710640083827761, -0.05905073076647506, -0.08653902417781145, 0.012486162169197602, 0.0211397909545355, 0.03569065514961743, 0.03249145996658598, 0.04940807993939876, 0.06140406813852379, 0.0702520177922352, 0.08002043110341009, 0.09386178569740793, 0.09026525287311629, 0.10530674802550488, 0.10111296398223568, 0.1098438785929217, 0.10565565824110693, 0.109164878677235, 0.1048173094857366, 0.10191796109812819, 0.09675138362403062, 0.11118051368391094, 0.11554152140531258, 0.11286844227911196, 0.10016515150930827, 0.10328034002390414, 0.1051366208977359, 0.10316055489990615, 0.10788763389801007, 0.11385912823832686, 0.1124731590033794, 0.10656241876104368, 0.10445885166878892, 0.10946097664938133, 0.11194851767142394, 0.10901861435082752, 0.10733876779984626, 0.10981676520653849]
safe reward list [0.0, 0.0, 0.0, 0.0, 0.0, 0.0, 0.0, 0.0, 0.0, 0.0, 0.0, 0.0, 0.0, 0.0, 0.0, 0.0, 0.0, 0.0, 0.0, 0.0, 0.0, 0.0, 0.0, 0.0, 0.0, 0.0, 0.0, 0.0, 0.0, 0.0, 0.0, 0.0, 0.0, 0.0, 0.0, 0.0, 0.0, 0.0, 0.0, 0.0]
speed list [3.210993590259765, 15.717818557738747, 16.13034976098677, 15.98864265373358, 14.659479872799341, 14.907577181418619, 15.38340400633502, 15.698130630877015, 15.915974493042103, 15.501976043220665, 15.915568365634321, 15.88177522651152, 15.213657918133514, 15.81284138019101, 15.466749939168526, 15.640245497728593, 15.725890775355245, 15.837241839340983, 15.551096174906228, 15.748944025298261, 15.664912254852652, 15.675319200054268, 15.874583565960075, 15.73691164190072, 15.866430005731559, 16.12105440516053, 15.726578768018353, 15.384514997474847, 15.739673791000259, 15.517789744889432, 15.670576074771326, 15.806554967197927, 15.421375354055163, 15.46315470318345, 15.757334380409283, 15.709454843522018, 15.942924184272064, 16.00407362286005, 15.85778362473057, 15.413789325801899]
ec list [136.69842653566505, 59.862820477373845, 59.57143338648223, 59.07592584899068, 61.027967994789314, 58.937080619488455, 59.55638317120727, 59.89359204642324, 58.87208251200781, 60.107322865115094, 59.87483508578281, 59.40376647507237, 59.131343523407104, 59.73037255951407, 59.45121077444935, 58.58026844478577, 58.453111456425965, 59.1490586007359, 58.19275824337058, 58.14351910652758, 58.55855549419493, 58.63636157934881, 58.39774287835077, 58.329526335820894, 58.215996073872304, 58.13899470644134, 58.2755872201155, 58.33270650281148, 58.56068243223863, 58.68915329241122, 58.0486406924229, 58.820009858392986, 58.79211191755535, 59.15151070468002, 58.861190126833826, 58.36800194600918, 58.29670396454573, 58.80739263323829, 58.79507440522184, 58.70666947327657]
jerk list [0.28796963071942705, 0.10148571816458514, 0.09890544344129197, 0.10284088245246648, 0.12633060116900066, 0.2915087401551461, 0.28603302291211735, 0.33760573772759794, 0.26726765747178327, 0.35485408569233473, 0.36699149189550917, 0.3769487676808082, 0.49699612108966146, 0.574498438039505, 0.6606968704962598, 0.49852390479360204, 0.4622087455865036, 0.5054033278158522, 0.446500261901311, 0.395105812972698, 0.4173381213285553, 0.44251850807312315, 0.4102677477148278, 0.40511071742881444, 0.3779587572646463, 0.35488652256462283, 0.42968330969136315, 0.4423164553733585, 0.4591334651031258, 0.462358477604186, 0.39551577940746974, 0.4976376896405876, 0.4883710744708302, 0.5331437990265493, 0.4561863391651588, 0.46573146070156457, 0.4476667623088927, 0.46282187087356264, 0.48070628664861426, 0.5096551068282499]