
Env:SUMO, Algorithm:MADDPG, Device:cuda:0
-----------------------------------------
{'algo': 'MADDPG', 'env': 'SUMO', 'seedVal': 20150427, 'gamma': 0.999, 'epsilon': 0.001, 'critic_lr': 0.005, 'actor_lr': 0.0001, 'memory_capacity': 1000000, 'batch_size': 512, 'train_eps': 40, 'eval_eps': 10, 'epsilon_start': 3, 'max_speed': 28, 'target_update': 4, 'hidden_dim': 256, 'soft_tau': 0.1, 'max_action': 2, 'device': device(type='cuda', index=0), 'simulation_steps': 3600, 'pathToSumoFiles': 'rou_net2_single', 'model_dest_path': 'models/', 'model_dest_path_leader': 'single_acce8_speed2_', 'model_dest_path_follow': '', 'logName': '_acce2_speed_8_gamma0.999000_tua0.100000.txt', 'procID': 24}
seed 20150427
当前的gamma是0.999, 当前的soft tau是0.1
-----------------------------------------
model saved successfully!
Complete training!
final reward list:[-0.14464670095941315, -0.084050488664331, -0.07224519876649466, -0.012250691267293948, 0.017433735295615448, 0.04587558645014853, 0.064949624554709, 0.0541683915602501, 0.07480209680785517, 0.08193804405125252, 0.08865663798866229, 0.10444186411471895, 0.09817589398930078, 0.09845985003969794, 0.09437249049175989, 0.1024774407005756, 0.09544912395422321, 0.08191898683095376, 0.04408950772384249, 0.054544459627163464, 0.07225302954874434, 0.0768124046164286, 0.077651956392043, 0.05888470046858939, 0.09071622188393377, 0.09090723199765456, 0.0950131461401403, 0.0935532417938301, 0.09796558826557694, 0.09461944489089838, 0.09313695818303523, 0.09458099519009168, 0.09712568649985798, 0.0918679302270394, 0.09060856759922925, 0.09500898238829063, 0.09612622537890651, 0.09564238380509052, 0.0965862385772536, 0.09588975352340319]
final halt list:[7.757247642333217, 1.6279611650485437, 1.2069449316029464, 0.5797965626096107, 0.39233038348082594, 0.29434250764525993, 0.18444704962876124, 0.12044131167637144, 0.024193548387096774, 0.008110543706818865, 0.0028046120286693674, 0.0, 0.0, 0.007021650087770626, 0.0032727272727272726, 0.02274422073079791, 0.0, 0.03136265320836337, 0.29575108732017397, 0.08092316681273737, 0.0045662100456621, 0.00904295403165034, 0.015681544028950542, 0.054668086616968405, 0.004421518054532056, 0.0009699321047526673, 0.003209700427960057, 0.005657708628005658, 0.014145810663764961, 0.0, 0.0, 0.0, 0.015586546349466776, 0.009005888465535157, 0.0, 0.0013271400132714001, 0.0, 0.001145475372279496, 0.010180109631949883, 0.0]
speed reward list:[0.0, 0.0, 0.0, 0.0, 0.0, 0.0, 0.0, 0.0, 0.0, 0.0, 0.0, 0.0, 0.0, 0.0, 0.0, 0.0, 0.0, 0.0, 0.0, 0.0, 0.0, 0.0, 0.0, 0.0, 0.0, 0.0, 0.0, 0.0, 0.0, 0.0, 0.0, 0.0, 0.0, 0.0, 0.0, 0.0, 0.0, 0.0, 0.0, 0.0]
tls reward list:[-0.003509075548353715, -0.006003695070149724, -0.005783433198671117, -0.006271955823525915, -0.005928475077885801, -0.006161902386430378, -0.005520947564768733, -0.005865744904423391, -0.005344519778566493, -0.004538385603242789, -0.004224245490872529, -0.003790581905230879, -0.0036046404148813386, -0.004008466394954376, -0.004145020219777695, -0.004250953384974959, -0.0041432061891138626, -0.0036991898142738036, -0.004415484022087723, -0.004487778705186179, -0.003419558192407189, -0.0038048776349446753, -0.0036483861868820437, -0.004841770588230891, -0.0036143191051728543, -0.0034825616791388223, -0.003612016377321153, -0.0038257507212128886, -0.004136556730479989, -0.003928470004580193, -0.003844458414150966, -0.003841242706038435, -0.004141093654660381, -0.003519102240656989, -0.0036454954224786505, -0.0036868651824415962, -0.003780159885345938, -0.0038384114510921054, -0.003977447763380824, -0.003971154993387992]
target reward list:[-0.14113762541105943, -0.07804679359418128, -0.06646176556782354, -0.0059787354437680325, 0.02336221037350125, 0.05203748883657891, 0.07047057211947771, 0.060034136464673496, 0.08014661658642167, 0.08647642965449534, 0.09288088347953483, 0.10823244601994983, 0.1017805344041821, 0.10246831643465232, 0.09851751071153761, 0.10672839408555057, 0.09959233014333709, 0.08561817664522756, 0.04850499174593022, 0.05903223833234964, 0.07567258774115153, 0.08061728225137328, 0.08130034257892504, 0.06372647105682028, 0.09433054098910662, 0.09438979367679336, 0.09862516251746144, 0.09737899251504298, 0.10210214499605695, 0.09854791489547857, 0.09698141659718619, 0.0984222378961301, 0.10126678015451836, 0.09538703246769638, 0.0942540630217079, 0.09869584757073221, 0.09990638526425247, 0.09948079525618263, 0.10056368634063442, 0.09986090851679119]
safe reward list [0.0, 0.0, 0.0, 0.0, 0.0, 0.0, 0.0, 0.0, 0.0, 0.0, 0.0, 0.0, 0.0, 0.0, 0.0, 0.0, 0.0, 0.0, 0.0, 0.0, 0.0, 0.0, 0.0, 0.0, 0.0, 0.0, 0.0, 0.0, 0.0, 0.0, 0.0, 0.0, 0.0, 0.0, 0.0, 0.0, 0.0, 0.0, 0.0, 0.0]
speed list [10.587943135955838, 15.708467860399757, 16.12664316564882, 14.887821527266484, 15.057467816012608, 15.537643522891612, 15.865669808482517, 15.695936174328926, 15.58569574826668, 15.490796834932567, 15.586393060217452, 15.884336253012513, 15.267241367174307, 15.464451565180987, 15.280136861404152, 15.553650253552782, 15.635418336364586, 15.44586330698465, 13.94692082672346, 14.555513011080366, 15.325967441631773, 15.228485356640132, 15.533597896219954, 15.342083901133973, 15.348988675470908, 15.445118874912758, 15.569995680133813, 15.513307861333354, 15.76603590318168, 15.743832696857108, 15.448136428265224, 15.561604161465292, 15.414052413997958, 15.624796304834954, 15.75980494594862, 15.632017627967558, 15.70395908007337, 15.73309494728715, 15.74738194485589, 15.407327647979024]
ec list [64.38732455684155, 59.93719580050936, 59.530856458277185, 58.706681163153306, 58.74975465020245, 58.832656698886936, 58.96338301508954, 59.151050853521056, 58.827448821033876, 59.20550040100016, 59.20281963763119, 58.930563466910314, 57.95516234605162, 58.96545154026152, 58.39005161966631, 58.32938886186938, 58.53531406670293, 58.92646931298037, 59.875793307266775, 59.57608619998507, 58.51027341868706, 58.617588726922385, 58.38348776385797, 59.27348452491173, 58.4387141330712, 58.39945180903706, 57.892833671197366, 58.27739361538843, 58.36930140845697, 58.45056758556014, 58.49137908841197, 58.732921946728425, 58.737004568939966, 58.37635814715813, 58.3668110679351, 58.3449669506232, 58.45657536896931, 59.28136103098819, 58.704351110896454, 58.58167878373465]
jerk list [0.1261886430073718, 0.10156327833369738, 0.09782152130368907, 0.26489494628850285, 0.3037653269681333, 0.32133072719470873, 0.32713347094430295, 0.349239191383456, 0.4253721270727237, 0.4330166259781008, 0.41565532033201547, 0.39412946356405976, 0.39373643508515194, 0.43150425841445333, 0.44405540198141763, 0.44368349379064187, 0.4477895448838256, 0.4099845595596344, 0.4509481797187731, 0.4642954908995868, 0.39911087281509894, 0.40332506869977297, 0.4015186266542478, 0.4906323973289354, 0.4122040391339205, 0.401129229727052, 0.3820605078544606, 0.4047565271718614, 0.4332344033981272, 0.4277736662559628, 0.46009852765255743, 0.46491808180606126, 0.46779395512018707, 0.42093173855324373, 0.407682946407706, 0.44595581960231756, 0.48803580627212256, 0.5257469002819501, 0.470752665966107, 0.482556555401569]