
Env:SUMO, Algorithm:MADDPG, Device:cuda:0
-----------------------------------------
{'algo': 'MADDPG', 'env': 'SUMO', 'seedVal': 20150427, 'gamma': 0.999, 'epsilon': 0.001, 'critic_lr': 0.005, 'actor_lr': 0.0001, 'memory_capacity': 1000000, 'batch_size': 512, 'train_eps': 40, 'eval_eps': 10, 'epsilon_start': 3, 'max_speed': 28, 'target_update': 4, 'hidden_dim': 256, 'soft_tau': 0.01, 'max_action': 2, 'device': device(type='cuda', index=0), 'simulation_steps': 3600, 'pathToSumoFiles': 'rou_net2_single', 'model_dest_path': 'models/', 'model_dest_path_leader': 'single_acce8_speed2_', 'model_dest_path_follow': '', 'logName': '_acce2_speed_8_gamma0.999000_tua0.010000.txt', 'procID': 22}
seed 20150427
当前的gamma是0.999, 当前的soft tau是0.01
-----------------------------------------
model saved successfully!
Complete training!
final reward list:[-0.19820672392757727, -0.09550036556260813, -0.07310337293109727, -0.08195796368898144, -0.03600697034623023, 0.007116908676330972, -0.07182869981112094, 0.03676994185791323, 0.06601581027787244, 0.07688418443364498, 0.07255032066316758, 0.07759134399334258, 0.07980589900070713, 0.08851633552109311, 0.0836286996674413, 0.09061435174179544, 0.0817693364000949, 0.0909575557699548, 0.09386503613134008, 0.09915066684132955, 0.09473600972938594, 0.09199215366760415, 0.08340160036043195, 0.0971181951147901, 0.10050412320386261, 0.08182829068130974, 0.06089476513390622, -0.046876412617166255, -0.14417736005788376, -0.1912538717602892, -0.029880201905295053, -0.15318986761400583, -0.08559103204373926, -0.08974749015820596, -0.07989433912631026, -0.048337666752588666, 0.03500535353770209, -0.18618773779142045, -0.19660882107519023, -0.19684580997473358]
final halt list:[11.338720914030931, 2.54001554001554, 1.2124297752808988, 16.952397868561278, 1.3135964912280702, 1.0248376003056936, 1.8263207845618474, 0.2315043156596794, 0.04825642831983093, 0.00807657792402034, 0.052844264843021446, 0.005542590431738623, 0.0, 0.0, 0.0, 0.02648265572547557, 0.001088929219600726, 0.0, 0.0, 0.0005819028222286878, 0.0, 0.01309880239520958, 0.05779194898365883, 0.0, 0.0, 0.2583547557840617, 0.701418439716312, 11.7704802259887, 28.979825353809094, 131.7695408342096, 2.4973637961335675, 75.92359174567764, 5.258333333333334, 13.397923875432525, 0.9061148857319333, 1.0663333333333334, 0.11787610619469027, 63.8804271462695, 97.9368155012637, 68.08488845236425]
speed reward list:[0.0, 0.0, 0.0, 0.0, 0.0, 0.0, 0.0, 0.0, 0.0, 0.0, 0.0, 0.0, 0.0, 0.0, 0.0, 0.0, 0.0, 0.0, 0.0, 0.0, 0.0, 0.0, 0.0, 0.0, 0.0, 0.0, 0.0, 0.0, 0.0, 0.0, 0.0, 0.0, 0.0, 0.0, 0.0, 0.0, 0.0, 0.0, 0.0, 0.0]
tls reward list:[-0.0004584267016799456, -0.005365325853370428, -0.005778740016250988, -0.0049858044834999865, -0.006111817773995179, -0.006469943853741306, -0.007654097036055645, -0.0082964345802035, -0.007093803900001515, -0.004915630715146887, -0.00530644263167547, -0.005333955120103725, -0.005744785957077521, -0.005423885190402528, -0.005646584688840307, -0.006434979008940408, -0.006720110381368736, -0.006132962769609304, -0.005283508465297224, -0.004262004734398, -0.0036538392837239765, -0.004092961449561867, -0.0043393739372079325, -0.004712168625261005, -0.0034737621300332568, -0.0034854912463328554, -0.004717230982570528, -0.0034889199789996436, -0.0019333090304893795, -0.0019053766447414758, -0.006074930000044125, -0.0024933677711834667, -0.0047234457737048595, -0.005048020553745534, -0.005865385321720497, -0.006317187285284518, -0.004653011879161844, -0.0011338409920966714, -0.0012419518419824636, -0.0014846610627568108]
target reward list:[-0.1977482972258973, -0.0901350397092377, -0.06732463291484628, -0.07697215920548144, -0.029895152572235045, 0.013586852530072283, -0.0641746027750653, 0.04506637643811673, 0.07310961417787395, 0.08179981514879187, 0.07785676329484303, 0.08292529911344629, 0.08555068495778466, 0.09394022071149563, 0.08927528435628161, 0.09704933075073585, 0.08848944678146363, 0.0970905185395641, 0.09914854459663729, 0.10341267157572755, 0.09838984901310993, 0.09608511511716603, 0.08774097429763988, 0.1018303637400511, 0.10397788533389586, 0.08531378192764259, 0.06561199611647674, -0.0433874926381666, -0.14224405102739435, -0.1893484951155477, -0.023805271905250926, -0.15069649984282232, -0.0808675862700344, -0.08469946960446043, -0.07402895380458975, -0.04202047946730416, 0.039658365416863926, -0.18505389679932374, -0.19536686923320773, -0.1953611489119767]
safe reward list [0.0, 0.0, 0.0, 0.0, 0.0, 0.0, 0.0, 0.0, 0.0, 0.0, 0.0, 0.0, 0.0, 0.0, 0.0, 0.0, 0.0, 0.0, 0.0, 0.0, 0.0, 0.0, 0.0, 0.0, 0.0, 0.0, 0.0, 0.0, 0.0, 0.0, 0.0, 0.0, 0.0, 0.0, 0.0, 0.0, 0.0, 0.0, 0.0, 0.0]
speed list [2.890834481368005, 15.010443836574074, 16.125761582356027, 8.483787509101681, 14.696473333320764, 15.289171990813983, 12.642860068790249, 15.28426692733578, 15.499594233146649, 15.341309315512628, 15.137398537890698, 14.83594167860327, 15.417532128778124, 15.773363620210771, 15.616949103518746, 15.609092212280444, 15.664516954964343, 15.437024977625867, 15.295062429026466, 15.576742746234055, 15.191058547505651, 15.252883226586013, 14.715239049049272, 15.067128029490162, 15.207360632403851, 14.775757374564199, 14.4795412113441, 10.216419629266326, 7.568294995519654, 1.0863987454634279, 10.672168193669282, 2.9261838491615593, 11.184454367214364, 7.791132040264267, 16.215350274516737, 15.92489159313162, 15.935938463703518, 1.6256709989140576, 1.1328608016877935, 1.2379694940877004]
ec list [131.7345401046301, 60.342745096308356, 59.51018752752859, 75.5072174229225, 59.75835531416557, 59.23813097501113, 64.7572855069731, 61.155880055277024, 60.44520160962194, 59.61318718735238, 60.08625173723843, 60.28421270564465, 58.86414678443888, 59.63250566524709, 58.93722495992813, 59.822263020471496, 60.3147192845537, 60.44773713498248, 59.09407149319662, 58.821439876776836, 58.805840468399346, 58.77152922846425, 59.1490168691073, 59.63509134439637, 58.36719613775647, 58.70835598784242, 59.97252502213317, 73.11651508136332, 85.37786368673159, 317.66406227948875, 63.951910480480514, 162.16523410740453, 66.437851751705, 77.2057114564578, 60.00421340789424, 59.81740274262102, 58.12799049486894, 268.00309776753073, 339.1045956279381, 202.738075818462]
jerk list [0.037248481050354915, 0.10439484031692882, 0.0970506949864876, 0.2194926698385624, 0.21323987876132033, 0.21798108967551827, 0.47881349996853756, 0.4963799581737796, 0.5656150845675161, 0.48367023692948874, 0.503533500948065, 0.5806535895940537, 0.46422953843663994, 0.5125895014432587, 0.45383020279284225, 0.6011458006928947, 0.642988176874102, 0.659091061833378, 0.5807959573529845, 0.45851605162047776, 0.40157207214528545, 0.4164024640843499, 0.49657310643556113, 0.5897135485387413, 0.41248993282254676, 0.3999731147500238, 0.4774021271470133, 0.4223092054143153, 0.2652550980844519, 0.25323727252102446, 0.6464071325636145, 0.22098578538240277, 0.4895394775259689, 0.36311752829337235, 0.10911151422010192, 0.11998786788848345, 0.245040275546722, 0.12012703931806022, 0.14081821375190098, 0.20308997034485632]