
Env:SUMO, Algorithm:MADDPG, Device:cuda:1
-----------------------------------------
{'algo': 'MADDPG', 'env': 'SUMO', 'seedVal': 20150427, 'gamma': 0.99, 'epsilon': 0.001, 'critic_lr': 0.005, 'actor_lr': 0.0001, 'memory_capacity': 1000000, 'batch_size': 512, 'train_eps': 40, 'eval_eps': 10, 'epsilon_start': 3, 'max_speed': 28, 'target_update': 4, 'hidden_dim': 256, 'soft_tau': 0.1, 'max_action': 2, 'device': device(type='cuda', index=1), 'simulation_steps': 3600, 'pathToSumoFiles': 'rou_net2_single', 'model_dest_path': 'models/', 'model_dest_path_leader': 'single_acce8_speed2_', 'model_dest_path_follow': '', 'logName': '_acce2_speed_8_gamma0.990000_tua0.100000.txt', 'procID': 19}
seed 20150427
当前的gamma是0.99, 当前的soft tau是0.1
-----------------------------------------
model saved successfully!
Complete training!
final reward list:[-0.18588504152992835, -0.08231514354626793, -0.011751014706929984, 0.03507126286773462, 0.04544803345639907, 0.061622480306290056, 0.07632654214750276, 0.08801702370167516, 0.105854887850509, 0.09892325284532939, 0.10504375525477316, 0.11527907303130942, 0.11292218744712337, 0.1146803618582929, 0.10888461217439532, 0.10943680344403912, 0.10287213541410019, 0.11715970816783625, 0.10519399584224318, 0.10870154468247167, 0.10750647101345072, 0.10548117390931946, 0.10022034577538895, 0.10044973162723358, 0.10841314911677838, 0.10926850452602041, 0.09428167092248398, 0.10468449075052502, 0.11408985932998894, 0.10178118573834745, 0.1089097581779528, 0.10610926970126526, 0.10739207488910084, 0.10443880593916868, 0.1087757840972255, 0.10328347108853499, 0.11644026289487575, 0.1121942456779854, 0.1152762703776855, 0.10910501954735019]
final halt list:[8.676987198571004, 1.6052836052836053, 1.5975481611208406, 0.3459363957597173, 0.3546384222059898, 0.1552318896128785, 0.03312788906009245, 0.0006182380216383308, 0.001763668430335097, 0.0, 0.0, 0.0, 0.0, 0.0, 0.0, 0.02647278150633855, 0.0, 0.0, 0.0, 0.0, 0.0, 0.00037764350453172205, 0.009708737864077669, 0.001055594651653765, 0.0, 0.0, 0.03512544802867384, 0.001768033946251768, 0.0, 0.017006802721088437, 0.009099181073703366, 0.0010826416456153013, 0.003289473684210526, 0.01736714136853074, 0.01278149726110773, 0.0, 0.0, 0.0, 0.017828843106180665, 0.011943539630836048]
speed reward list:[0.0, 0.0, 0.0, 0.0, 0.0, 0.0, 0.0, 0.0, 0.0, 0.0, 0.0, 0.0, 0.0, 0.0, 0.0, 0.0, 0.0, 0.0, 0.0, 0.0, 0.0, 0.0, 0.0, 0.0, 0.0, 0.0, 0.0, 0.0, 0.0, 0.0, 0.0, 0.0, 0.0, 0.0, 0.0, 0.0, 0.0, 0.0, 0.0, 0.0]
tls reward list:[-0.0015631566516114191, -0.006011835319782178, -0.005888545036390637, -0.006178416638767362, -0.0062115013459666454, -0.00544690742487262, -0.004836709695711423, -0.004174673464445723, -0.004314136452483987, -0.0038311762515279898, -0.0038186620570869554, -0.0040311224572299265, -0.004293418253998775, -0.003895602160588612, -0.004183375937246488, -0.0043074313294357664, -0.004423547093853332, -0.003935992187049026, -0.004071614156806627, -0.003914258935984685, -0.0037683102499586015, -0.00419878495150259, -0.004209730964924385, -0.00399971008643602, -0.004077403101499726, -0.003836989443644688, -0.004436239181663877, -0.003857473088652615, -0.004398576193539293, -0.004099800007945261, -0.0039947506193767504, -0.003810566328581217, -0.004547484592744134, -0.0041768211296913825, -0.003995475139303067, -0.00382394541999254, -0.003946343173969442, -0.003735175844727941, -0.0038161937778930254, -0.0038899112047196187]
target reward list:[-0.18432188487831694, -0.07630330822648575, -0.0058624696705393406, 0.04124967950650198, 0.05165953480236572, 0.06706938773116268, 0.08116325184321417, 0.09219169716612086, 0.110169024302993, 0.10275442909685739, 0.10886241731186012, 0.11931019548853934, 0.11721560570112215, 0.11857596401888151, 0.1130679881116418, 0.11374423477347487, 0.10729568250795352, 0.12109570035488525, 0.10926560999904979, 0.11261580361845637, 0.11127478126340933, 0.10967995886082205, 0.10443007674031334, 0.10444944171366959, 0.1124905522182781, 0.11310549396966511, 0.09871791010414786, 0.10854196383917764, 0.11848843552352825, 0.1058809857462927, 0.11290450879732956, 0.10991983602984647, 0.11193955948184496, 0.10861562706886005, 0.11277125923652857, 0.10710741650852752, 0.1203866060688452, 0.11592942152271336, 0.11909246415557852, 0.11299493075206983]
safe reward list [0.0, 0.0, 0.0, 0.0, 0.0, 0.0, 0.0, 0.0, 0.0, 0.0, 0.0, 0.0, 0.0, 0.0, 0.0, 0.0, 0.0, 0.0, 0.0, 0.0, 0.0, 0.0, 0.0, 0.0, 0.0, 0.0, 0.0, 0.0, 0.0, 0.0, 0.0, 0.0, 0.0, 0.0, 0.0, 0.0, 0.0, 0.0, 0.0, 0.0]
speed list [9.34655905712884, 15.742106791916394, 15.4369952675146, 15.757500296237316, 15.100064753335706, 15.306527039276546, 15.4212525480587, 15.579171894793404, 15.790737934149414, 15.654403579007727, 15.741427075716336, 16.090110087502648, 15.467618639236619, 16.183789836581568, 15.617661456805783, 15.608236214629882, 15.443723495159807, 15.91413443845545, 15.503563916265291, 15.779468254845122, 15.909390388831461, 15.944617772769512, 15.818486530524577, 15.435599715823846, 15.201971025620006, 15.606271040752047, 15.423333683973299, 15.684868865022029, 15.958596970021475, 15.737948145992723, 15.791393180133939, 15.883706128775184, 15.643930190827225, 15.795436147175023, 15.922645561616733, 15.794952144241119, 16.066732591539264, 16.218079819288988, 16.17085512197584, 15.75846300080213]
ec list [64.94747400720927, 59.87834390123326, 59.47222499503604, 58.43725349959561, 59.26159980179789, 58.64694858080135, 58.90272504643178, 58.747968279158016, 58.490898520050884, 58.66465828324421, 59.033639587672866, 59.04665484161472, 58.41804750143563, 58.468277818854475, 58.18874083329626, 58.504694922154364, 58.76889905767778, 58.98219708063714, 58.3684068279006, 58.47409419936604, 58.612619569250604, 58.44927812236591, 58.54166112018329, 58.64369894529914, 59.28964291301408, 58.829496588691406, 58.661090793404405, 58.06432565634688, 58.5111583464255, 58.442426307794676, 58.139142817701014, 58.40150142169054, 58.458307649524606, 58.55029283365045, 58.494289134111085, 58.05028234942549, 58.10249547157098, 58.613742363668365, 58.45363026488009, 58.07306885742023]
jerk list [0.12948132445395438, 0.10281678357263944, 0.12859500150730838, 0.31066771304030943, 0.37494450791422024, 0.37143065374002354, 0.3888618446914032, 0.38640127258270396, 0.41244640467179045, 0.403090998228945, 0.41691932215074956, 0.4059142778355237, 0.45765311935323455, 0.3730429501464873, 0.4436159459784469, 0.47709972917529836, 0.4666133286891838, 0.44054873019006896, 0.4402993337750068, 0.4206989003530311, 0.3901931425217472, 0.3995319422140783, 0.43181791895548555, 0.41777036056625777, 0.42591748228199305, 0.40800609563537565, 0.45882097716053993, 0.38055717107934783, 0.43497062932992625, 0.38960348814295237, 0.3708154729249489, 0.3810346193437219, 0.3942589501724444, 0.37737333957062114, 0.3774007902055496, 0.4164433566113045, 0.3954313736321534, 0.3905854080542774, 0.3811284165355545, 0.3913647199017931]