
Env:SUMO, Algorithm:MADDPG, Device:cuda:1
-----------------------------------------
{'algo': 'MADDPG', 'env': 'SUMO', 'seedVal': 20150427, 'gamma': 0.7, 'epsilon': 0.001, 'critic_lr': 0.005, 'actor_lr': 0.0001, 'memory_capacity': 1000000, 'batch_size': 512, 'train_eps': 40, 'eval_eps': 10, 'epsilon_start': 3, 'max_speed': 28, 'target_update': 4, 'hidden_dim': 256, 'soft_tau': 0.05, 'max_action': 2, 'device': device(type='cuda', index=1), 'simulation_steps': 3600, 'pathToSumoFiles': 'rou_net2_single', 'model_dest_path': 'models/', 'model_dest_path_leader': 'single_acce8_speed2_', 'model_dest_path_follow': '', 'logName': '_acce2_speed_8_gamma0.700000_tua0.050000.txt', 'procID': 3}
seed 20150427
当前的gamma是0.7, 当前的soft tau是0.05
-----------------------------------------
model saved successfully!
Complete training!
final reward list:[-0.1880335641839503, -0.08188956335394564, -0.07313647143152797, -0.06608714638505207, -0.08505409174740593, -0.03553502652621002, 0.08869381200979289, 0.10096570063269635, 0.1079707389427916, 0.10667814435660278, 0.1100198903850202, 0.11564917142137289, 0.10766290331799333, 0.11185263946520721, 0.10917520367701902, 0.10996844929108578, 0.11244328854804109, 0.11266975599036468, 0.10747695791267235, 0.11040504158431337, 0.10849561981006972, 0.1158765568436245, 0.10335286263323709, 0.1090872367530724, 0.11190210182736375, 0.11126921614854693, 0.10690657687009568, 0.10471195363073567, 0.11722230300856144, 0.1053627184035328, 0.11202908123332096, 0.10643942454276287, 0.10874754023678855, 0.10667236391886233, 0.10746336892779916, 0.10908854195771868, 0.11042140080328076, 0.11138524834112273, 0.11523011183964865, 0.1103587140240582]
final halt list:[13.21268082486919, 1.6306796116504854, 1.2102492102492102, 1.187411095305832, 1.5346097201767306, 0.9743393335886633, 0.039437719640765326, 0.0009305210918114144, 0.0, 0.0, 0.0, 0.0, 0.0, 0.0, 0.0, 0.016809861785580874, 0.0, 0.0, 0.0, 0.0, 0.0, 0.0, 0.0, 0.0, 0.0, 0.0, 0.0, 0.01272984441301273, 0.0, 0.0, 0.0, 0.0, 0.0, 0.003126085446335533, 0.0, 0.0016672224074691564, 0.0, 0.0057405281285878304, 0.0, 0.0]
speed reward list:[0.0, 0.0, 0.0, 0.0, 0.0, 0.0, 0.0, 0.0, 0.0, 0.0, 0.0, 0.0, 0.0, 0.0, 0.0, 0.0, 0.0, 0.0, 0.0, 0.0, 0.0, 0.0, 0.0, 0.0, 0.0, 0.0, 0.0, 0.0, 0.0, 0.0, 0.0, 0.0, 0.0, 0.0, 0.0, 0.0, 0.0, 0.0, 0.0, 0.0]
tls reward list:[-0.00221217053015866, -0.006035071187675425, -0.00577425863832238, -0.005715381961082777, -0.005980069846785861, -0.005133695965146721, -0.005023750486350323, -0.0048176408846137666, -0.0046094551105664485, -0.003951459590339762, -0.003944177199590383, -0.004092103435223766, -0.0046355668675454546, -0.003921082976495534, -0.004210780307127774, -0.004225002379549791, -0.0042109089307307244, -0.004028707832310457, -0.004252263723640292, -0.003830324327258225, -0.0037567056498190162, -0.0040127898519003715, -0.004234986768571772, -0.0040839849300485665, -0.004138181108644003, -0.0037584791738089424, -0.004066844138571041, -0.004161086574715632, -0.004105080832778177, -0.004056303276052396, -0.003686447667029523, -0.0038491196876416067, -0.00422146800315361, -0.004022052213654366, -0.0038943970503883124, -0.0037927730952053455, -0.003787234172410495, -0.003619447011328639, -0.003649716307340194, -0.00384836194760834]
target reward list:[-0.1858213936537916, -0.0758544921662702, -0.06736221279320559, -0.0603717644239693, -0.07907402190062006, -0.030401330561063294, 0.09371756249614321, 0.10578334151731009, 0.11258019405335808, 0.11062960394694252, 0.11396406758461057, 0.11974127485659666, 0.11229847018553879, 0.11577372244170274, 0.11338598398414682, 0.11419345167063556, 0.11665419747877183, 0.11669846382267512, 0.11172922163631267, 0.1142353659115716, 0.11225232545988874, 0.11988934669552485, 0.10758784940180885, 0.11317122168312096, 0.11604028293600775, 0.11502769532235585, 0.11097342100866671, 0.1088730402054513, 0.12132738384133962, 0.10941902167958518, 0.11571552890035046, 0.11028854423040446, 0.11296900823994219, 0.11069441613251668, 0.11135776597818747, 0.11288131505292402, 0.11420863497569127, 0.1150046953524514, 0.11887982814698883, 0.11420707597166653]
safe reward list [0.0, 0.0, 0.0, 0.0, 0.0, 0.0, 0.0, 0.0, 0.0, 0.0, 0.0, 0.0, 0.0, 0.0, 0.0, 0.0, 0.0, 0.0, 0.0, 0.0, 0.0, 0.0, 0.0, 0.0, 0.0, 0.0, 0.0, 0.0, 0.0, 0.0, 0.0, 0.0, 0.0, 0.0, 0.0, 0.0, 0.0, 0.0, 0.0, 0.0]
speed list [6.570295593353592, 15.710504227122449, 16.128679035850656, 15.97567361657592, 15.770519978665316, 15.276087728713243, 15.91520779108902, 15.909857765582753, 15.941900985470511, 15.799925428636843, 16.089649194683076, 16.220985767179318, 15.552349003046972, 16.214718859054262, 15.72417569634605, 15.866411465324873, 15.96054341797155, 16.140315044679653, 15.719833534884264, 15.952229530716288, 16.015404828268295, 16.002951444096524, 16.038333581601076, 15.79977768064453, 16.01151971005261, 16.159186333573118, 16.01860374145363, 15.760630681749884, 16.17955180325199, 16.027984580891246, 15.871062447226116, 16.09788168256623, 15.682729133905589, 15.85649229066691, 16.028524004242144, 15.885312337743253, 16.14811827320046, 16.24071663009123, 16.25410520366388, 15.818393208221872]
ec list [81.80349545666382, 59.8636900797289, 59.53286297523275, 59.076840957712506, 59.94987339263984, 59.472834336569896, 59.01124996401119, 58.75268871453633, 58.40729022751315, 58.440055779730486, 58.836385587956784, 58.791233754228394, 58.273730845653006, 58.35717814754436, 58.014895920681035, 58.01630372504549, 58.0351738750205, 58.605749668962545, 57.94326314886586, 58.17441788273939, 58.38128843828606, 58.05638798861984, 58.28935797941541, 58.3681803443078, 58.1518374811683, 58.0946538803735, 57.82779532042639, 58.070386665625904, 57.93066559592733, 58.050730220244546, 57.809331814186464, 57.93276495487089, 57.94726598974625, 58.1260888874346, 58.047890306273, 57.720434447754386, 57.887456429789815, 58.24937112441623, 58.03752534905055, 57.69456752556795]
jerk list [0.3039710521650374, 0.10107731835708687, 0.0972718593480578, 0.10204884964978544, 0.09899369317069934, 0.21445682941188587, 0.36988950958758127, 0.40154972289324914, 0.4004503412833986, 0.3752104450723002, 0.3506875938324591, 0.3499708039984769, 0.392587366480595, 0.34545395885066577, 0.3707773621107413, 0.3607896605312956, 0.3465781112938323, 0.34796327775104324, 0.36157399995856093, 0.3447436170764931, 0.3480712475543381, 0.3464482498330356, 0.34436597172846944, 0.3579380728921126, 0.35121530593977796, 0.327869947955822, 0.33726479184334013, 0.3583232826067219, 0.34071425672180244, 0.32792113300722253, 0.34227023356359876, 0.33284376342716493, 0.3472269398185111, 0.3460195595355685, 0.3270485291447159, 0.3302308166065384, 0.33092830101461895, 0.33464092754130237, 0.32022567439704674, 0.3375050793910981]