
Env:SUMO, Algorithm:MADDPG, Device:cuda:0
-----------------------------------------
{'algo': 'MADDPG', 'env': 'SUMO', 'seedVal': 20150427, 'gamma': 0.99, 'epsilon': 0.001, 'critic_lr': 0.005, 'actor_lr': 0.0001, 'memory_capacity': 1000000, 'batch_size': 512, 'train_eps': 40, 'eval_eps': 10, 'epsilon_start': 3, 'max_speed': 28, 'target_update': 4, 'hidden_dim': 256, 'soft_tau': 0.005, 'max_action': 2, 'device': device(type='cuda', index=0), 'simulation_steps': 3600, 'pathToSumoFiles': 'rou_net2_single', 'model_dest_path': 'models/', 'model_dest_path_leader': 'single_acce8_speed2_', 'model_dest_path_follow': '', 'logName': '_acce2_speed_8_gamma0.990000_tua0.005000.txt', 'procID': 16}
seed 20150427
当前的gamma是0.99, 当前的soft tau是0.005
-----------------------------------------
model saved successfully!
Complete training!
final reward list:[-0.17750616633954425, -0.08042855555476024, -0.0730961980682536, -0.07162824035888962, -0.0012889661466540972, 0.03111146800959711, 0.04590234148038717, 0.042038653814606114, 0.05875867301458077, 0.07884686260620752, 0.08796464081083209, 0.09787372958950055, 0.09716666022236269, 0.10289905278608742, 0.09818965362727873, 0.10280048352700696, 0.10283370326095848, 0.10761237285653745, 0.0987026879466545, 0.10739379458195428, 0.10795869488850998, 0.09826172670273989, -0.09548071379651211, 0.08614654179569095, 0.11189100070585298, 0.10797542584435554, 0.09567386091122632, -0.04071643455167352, 0.011069105136979071, 0.10336293389636227, 0.10900411688501578, 0.1035494616839892, 0.10639678108398973, 0.1027839174535091, 0.10652076018412189, 0.10517652817194872, 0.11183246642924032, 0.11366748647378681, 0.11346382619614233, 0.10798278664480176]
final halt list:[13.876778896216592, 1.6052836052836053, 1.2088452088452089, 1.400770038501925, 0.5084683357879234, 0.47307692307692306, 0.287109375, 0.3144537294955122, 0.1979606188466948, 0.04565935716431361, 0.0062324711748208165, 0.0, 0.0011252813203300824, 0.0, 0.0018155410312273058, 0.012308839985080195, 0.0, 0.0, 0.0, 0.0, 0.0, 0.053691275167785234, 35.42459212097095, 0.4406960227272727, 0.00037105751391465676, 0.0016191709844559584, 0.0, 13.939971751412429, 6.410377358490566, 0.00037778617302606723, 0.0, 0.0, 0.015618577887381833, 0.0010420284821118443, 0.0030422878004259203, 0.0, 0.0, 0.0022935779816513763, 0.001977848101265823, 0.005795001810938066]
speed reward list:[0.0, 0.0, 0.0, 0.0, 0.0, 0.0, 0.0, 0.0, 0.0, 0.0, 0.0, 0.0, 0.0, 0.0, 0.0, 0.0, 0.0, 0.0, 0.0, 0.0, 0.0, 0.0, 0.0, 0.0, 0.0, 0.0, 0.0, 0.0, 0.0, 0.0, 0.0, 0.0, 0.0, 0.0, 0.0, 0.0, 0.0, 0.0, 0.0, 0.0]
tls reward list:[-0.0026096190582041872, -0.006051150174406848, -0.005754079088961945, -0.005372998151463831, -0.0069922560785412174, -0.00656857294525719, -0.005506169951278781, -0.0054560449023161005, -0.005243962958072085, -0.003961201778779892, -0.0039855490841683465, -0.0039695744007844135, -0.0046635783659671705, -0.0038482329698434565, -0.004156065209362253, -0.003777266272229427, -0.003839125948197066, -0.0036853803129582876, -0.003731630672619202, -0.0035109179384388576, -0.0036944841993681145, -0.004445318129623935, -0.002876818107379668, -0.004316551693547858, -0.0036106654851611243, -0.00353621740795122, -0.003843235012823977, -0.003419083434089559, -0.004192197694085888, -0.00427018151883592, -0.003932518839244167, -0.003549169234017714, -0.003936486046865762, -0.0038637253520740593, -0.004130630761963705, -0.003616263139985985, -0.0037082289365726593, -0.0039265102235030444, -0.004141968625227577, -0.0041900700398932785]
target reward list:[-0.17489654728134008, -0.07437740538035338, -0.06734211897929165, -0.06625524220742579, 0.005703289931887122, 0.0376800409548543, 0.051408511431665936, 0.04749469871692222, 0.06400263597265285, 0.0828080643849874, 0.09195018989500042, 0.10184330399028498, 0.10183023858832985, 0.10674728575593087, 0.102345718836641, 0.10657774979923643, 0.10667282920915556, 0.11129775316949575, 0.10243431861927368, 0.11090471252039312, 0.11165317908787808, 0.10270704483236383, -0.09260389568913242, 0.09046309348923881, 0.11550166619101408, 0.11151164325230678, 0.09951709592405028, -0.03729735111758397, 0.015261302831064949, 0.10763311541519817, 0.11293663572425995, 0.1070986309180069, 0.11033326713085546, 0.10664764280558314, 0.1106513909460856, 0.10879279131193469, 0.11554069536581299, 0.11759399669728987, 0.11760579482136989, 0.11217285668469502]
safe reward list [0.0, 0.0, 0.0, 0.0, 0.0, 0.0, 0.0, 0.0, 0.0, 0.0, 0.0, 0.0, 0.0, 0.0, 0.0, 0.0, 0.0, 0.0, 0.0, 0.0, 0.0, 0.0, 0.0, 0.0, 0.0, 0.0, 0.0, 0.0, 0.0, 0.0, 0.0, 0.0, 0.0, 0.0, 0.0, 0.0, 0.0, 0.0, 0.0, 0.0]
speed list [7.792911679014543, 15.746555556149158, 16.127567870802658, 15.740625522654081, 15.566123508365166, 15.74548550240764, 15.90856421821516, 15.706391629153325, 15.767350574341844, 15.348564438278713, 15.908468440199053, 16.017902323351, 15.375465127214238, 16.093684066892237, 15.596099406497375, 15.665742218742356, 15.744766824598992, 15.81474245853509, 15.386073029194685, 15.54255541816177, 15.581568148423015, 15.050954463187603, 3.925491326715704, 14.43692800915007, 15.86916080886714, 16.08404902640791, 15.752625783570045, 8.907205114710804, 10.159213069335074, 15.191001195021107, 15.634742066273933, 15.787090830646726, 15.421749086534273, 15.69000394145464, 15.78537924162216, 15.450691268266628, 15.75626972124414, 16.180619058088755, 16.087431976947165, 15.67665649730852]
ec list [75.96459662154379, 59.90401383596099, 59.53921382111699, 59.46803033680527, 59.52977169724857, 59.49044440293133, 59.127155546963984, 58.95436867471608, 58.509539395050254, 58.675259056205135, 58.91393286932604, 58.87702771610474, 58.380596626373574, 58.56775593749303, 58.15120420804806, 57.97671890071241, 58.25800194379549, 58.64416701418779, 58.10025201570897, 58.33957430341992, 58.686433240285886, 59.563456648152275, 104.08704111442874, 59.6527899719691, 58.155310963958016, 58.20717440365204, 57.87344776808578, 74.20044983378601, 68.23996235159991, 59.08582785657741, 58.33026096631442, 58.29450455386821, 58.27535362164388, 58.266883197582686, 58.61161288544328, 58.23139011800943, 58.211264331989426, 58.660658001450294, 58.486330503011054, 58.13127948903081]
jerk list [0.20753163636816382, 0.10202968221928456, 0.09830840538287859, 0.10456332010376541, 0.2628826925772167, 0.2764320726896981, 0.2764410133255631, 0.2928834144178892, 0.33082333599114216, 0.34524784581218937, 0.3437707480925834, 0.37218967617885185, 0.414060479824052, 0.36848245612878444, 0.3910334369231192, 0.38489930557145186, 0.37842030044114505, 0.37154741932460544, 0.38632772614305494, 0.3605491045373917, 0.37754059265741735, 0.39667626395552585, 0.334239590980891, 0.4173599475425183, 0.38724181596917845, 0.3515105782920324, 0.36994244617432465, 0.3601753436891945, 0.4686138531361337, 0.4185297700854616, 0.3988238499474738, 0.37668218401267095, 0.37095391681972756, 0.3758929131519153, 0.3917329460351129, 0.38038402852544556, 0.38510751217578504, 0.4000284568084919, 0.4292799710977485, 0.41658613596874666]