
Env:SUMO, Algorithm:MADDPG, Device:cuda:0
-----------------------------------------
{'algo': 'MADDPG', 'env': 'SUMO', 'seedVal': 20150427, 'gamma': 0.9, 'epsilon': 0.001, 'critic_lr': 0.005, 'actor_lr': 0.0001, 'memory_capacity': 1000000, 'batch_size': 512, 'train_eps': 40, 'eval_eps': 10, 'epsilon_start': 3, 'max_speed': 28, 'target_update': 4, 'hidden_dim': 256, 'soft_tau': 0.001, 'max_action': 2, 'device': device(type='cuda', index=0), 'simulation_steps': 3600, 'pathToSumoFiles': 'rou_net2_single', 'model_dest_path': 'models/', 'model_dest_path_leader': 'single_acce8_speed2_', 'model_dest_path_follow': '', 'logName': '_acce2_speed_8_gamma0.900000_tua0.001000.txt', 'procID': 10}
seed 20150427
当前的gamma是0.9, 当前的soft tau是0.001
-----------------------------------------
model saved successfully!
Complete training!
final reward list:[-0.19486720880608355, -0.08167211251252687, -0.06584130774508132, -0.025833424294944018, 0.03788403842250711, 0.085652790302675, 0.10225025877551303, 0.10026349483678065, 0.09976898661550336, 0.100217496360144, 0.10903119456785333, 0.11454627581283315, 0.10820628292499027, 0.10837900973467958, 0.10554126961543296, 0.10773812624147908, 0.11156010365154644, 0.11153774309531117, 0.10722998259770822, 0.10822628899137766, 0.1090590271206832, 0.1044176795125582, 0.10240318380286582, 0.10746185588822355, 0.10964344950444023, 0.11041953473425187, 0.1086433318528089, 0.10919688717568272, 0.10867442037233155, 0.10669218683470548, 0.11140142187508656, 0.11080284468239611, 0.10754938523628284, 0.10846879774573086, 0.10526099470023195, 0.11055220436116106, 0.11118829984446162, 0.10290672859322249, 0.11145778089293538, 0.11004078731591453]
final halt list:[49.4471501676372, 1.625388198757764, 1.1467181467181466, 0.9281650071123755, 0.2665929203539823, 0.06302843966179862, 0.005470887065259867, 0.008956145768993206, 0.0, 0.0006020469596628537, 0.0, 0.0, 0.0, 0.0, 0.0, 0.009712364587224505, 0.0, 0.0, 0.0, 0.0, 0.0, 0.0, 0.0004050222762251924, 0.0, 0.001114413075780089, 0.00032530904359141186, 0.0, 0.0010611956137247967, 0.0, 0.0011337868480725624, 0.0, 0.000722543352601156, 0.0008227067050596463, 0.0038207711010767626, 0.00030432136335970786, 0.0, 0.0, 0.0, 0.001584786053882726, 0.003619254433586681]
speed reward list:[0.0, 0.0, 0.0, 0.0, 0.0, 0.0, 0.0, 0.0, 0.0, 0.0, 0.0, 0.0, 0.0, 0.0, 0.0, 0.0, 0.0, 0.0, 0.0, 0.0, 0.0, 0.0, 0.0, 0.0, 0.0, 0.0, 0.0, 0.0, 0.0, 0.0, 0.0, 0.0, 0.0, 0.0, 0.0, 0.0, 0.0, 0.0, 0.0, 0.0]
tls reward list:[-0.0014563870554590622, -0.005776592587664025, -0.005761404803927806, -0.005617852026284487, -0.0054500457452573686, -0.005360211884018934, -0.00441279229127109, -0.004268240055138261, -0.004101739542942328, -0.0035634310878010157, -0.0036480393729198227, -0.003988632277660057, -0.004420146520073884, -0.003750613738261692, -0.004326112935125427, -0.004107424063082153, -0.0041260123339612684, -0.004197524684102941, -0.004185734864802115, -0.003875192857475591, -0.0037580859372862646, -0.0041979504111734215, -0.004317208805467481, -0.004167326298705825, -0.004038206708559402, -0.0040293705422974205, -0.0040657697284866845, -0.004280634676261497, -0.004170802159301879, -0.004048574242960497, -0.003800193174047865, -0.0038755938832518433, -0.0043017920168736895, -0.0039322381003115865, -0.003959091976927468, -0.0036116118995560354, -0.0038424038842100085, -0.0035097859996509047, -0.0036447650235197733, -0.003689708040709894]
target reward list:[-0.19341082175062443, -0.07589551992486286, -0.06007990294115351, -0.02021557226865953, 0.04333408416776448, 0.09101300218669395, 0.10666305106678409, 0.10453173489191891, 0.1038707261584457, 0.10378092744794502, 0.11267923394077316, 0.1185349080904932, 0.11262642944506415, 0.1121296234729413, 0.10986738255055839, 0.11184555030456123, 0.1156861159855077, 0.11573526777941412, 0.11141571746251035, 0.11210148184885324, 0.11281711305796946, 0.10861562992373165, 0.10672039260833331, 0.11162918218692937, 0.11368165621299962, 0.11444890527654929, 0.1127091015812956, 0.11347752185194422, 0.11284522253163343, 0.11074076107766595, 0.11520161504913444, 0.11467843856564794, 0.11185117725315652, 0.11240103584604247, 0.10922008667715942, 0.11416381626071712, 0.11503070372867163, 0.10641651459287339, 0.11510254591645519, 0.11373049535662444]
safe reward list [0.0, 0.0, 0.0, 0.0, 0.0, 0.0, 0.0, 0.0, 0.0, 0.0, 0.0, 0.0, 0.0, 0.0, 0.0, 0.0, 0.0, 0.0, 0.0, 0.0, 0.0, 0.0, 0.0, 0.0, 0.0, 0.0, 0.0, 0.0, 0.0, 0.0, 0.0, 0.0, 0.0, 0.0, 0.0, 0.0, 0.0, 0.0, 0.0, 0.0]
speed list [2.9899668815463354, 15.7034163579344, 15.787216189323917, 15.904303679441115, 15.339825458960489, 15.665981176687156, 15.994400273550518, 15.769245584787969, 15.797671963518296, 15.730737922695106, 16.08182251121427, 16.19573598365415, 15.524411600616496, 16.20587174166646, 15.728745123916665, 15.843646147992992, 15.97855397441963, 16.14999240063161, 15.724899516916903, 15.95731913903578, 15.9827968752385, 16.04630061232509, 16.01234494509423, 15.791554330689257, 16.02343925032001, 16.160631007841644, 16.046182972087966, 15.762841216477245, 16.174775496092778, 16.02535223541094, 15.857973140249712, 16.05909265753498, 15.692219917688226, 15.861149186745939, 16.027421799524955, 15.898869143693458, 16.14840736750352, 16.253431134717843, 16.225155746585724, 15.817651116122027]
ec list [181.9813797148189, 59.888991130749446, 59.49614533605165, 58.9576859047936, 59.039958356536935, 58.69833737024692, 58.559820952258114, 58.50123504157469, 58.21942989492839, 58.463586462556705, 58.71043052098612, 58.73060538813991, 58.051069136251776, 58.257636327575305, 58.020446636123886, 57.89051934185869, 57.84940732595452, 58.59559383794406, 57.92204218345386, 58.04501737070665, 58.45301155119674, 58.28065928388292, 58.220530557658826, 58.29946517537532, 58.19654343684231, 58.18134889105927, 57.80718628656871, 58.20848245287225, 57.989835618111044, 58.175499646852245, 58.00334743752549, 57.95639095555845, 58.12726533201799, 58.09241340122317, 58.11288862025717, 57.76859745871648, 57.84549483669928, 58.21187187528255, 58.04185200083323, 57.75100906479993]
jerk list [0.25393170383575114, 0.10130122736877223, 0.1361557654471543, 0.14582045041666858, 0.293292803914903, 0.35786283366772487, 0.3405181724206486, 0.3460209140496842, 0.360039284428414, 0.3532865668535734, 0.3415076649101765, 0.3457078488136252, 0.3817396028126065, 0.32517683540884773, 0.3679689699538496, 0.3494364403887758, 0.3249005959411029, 0.3438500681411456, 0.36015991538888265, 0.34346214049664514, 0.3362830353040048, 0.3432467202132974, 0.3459771067820757, 0.3585056175226181, 0.34127622662753404, 0.33378292647099955, 0.3315123876328907, 0.3662810989542454, 0.3410577319650783, 0.33661380825871845, 0.35620355784566776, 0.34097719167218316, 0.36087600425050587, 0.3457018671858044, 0.32593176058420087, 0.3311447726601433, 0.33580406940329877, 0.3213970345893887, 0.3226117519641238, 0.3264984151713431]