
Env:SUMO, Algorithm:MADDPG, Device:cuda:1
-----------------------------------------
{'algo': 'MADDPG', 'env': 'SUMO', 'seedVal': 20150427, 'gamma': 0.99, 'epsilon': 0.001, 'critic_lr': 0.005, 'actor_lr': 0.0001, 'memory_capacity': 1000000, 'batch_size': 512, 'train_eps': 40, 'eval_eps': 10, 'epsilon_start': 3, 'max_speed': 28, 'target_update': 4, 'hidden_dim': 256, 'soft_tau': 0.01, 'max_action': 2, 'device': device(type='cuda', index=1), 'simulation_steps': 3600, 'pathToSumoFiles': 'rou_net2_single', 'model_dest_path': 'models/', 'model_dest_path_leader': 'single_acce8_speed2_', 'model_dest_path_follow': '', 'logName': '_acce2_speed_8_gamma0.990000_tua0.010000.txt', 'procID': 17}
seed 20150427
当前的gamma是0.99, 当前的soft tau是0.01
-----------------------------------------
model saved successfully!
Complete training!
final reward list:[-0.19927904165221436, -0.14451889109483146, -0.07283243543890984, -0.03916106915185603, 0.019172837524753072, 0.024532040310201182, 0.06312682535944746, 0.06069328925067335, 0.08351576642124836, 0.09259079039538169, 0.10087373058678813, 0.11117352126105813, 0.10053766086325538, 0.10668637850436752, 0.10066355406539317, 0.11015252973484452, 0.11145872591641368, 0.11964130498803038, 0.11136986085040858, 0.11240207691299704, 0.11287835495099556, 0.11016353600575716, 0.10152934177350938, 0.10956156872543736, 0.11449618134212386, 0.11489787564694687, 0.11075562332475125, 0.1091395812363875, 0.11453580686471392, 0.108994660083287, 0.11626241310894335, 0.11159664532705604, 0.11532182040210227, 0.1071066004686568, 0.1047724322595409, 0.11111861607092399, 0.1162885265408451, 0.10707478386542299, 0.10877801332997504, 0.10694808714671164]
final halt list:[17.410199247596488, 12.081973581973582, 1.2077922077922079, 1.3309859154929577, 0.4540103016924209, 0.3063165905631659, 0.1138401559454191, 0.1463339494762785, 0.01795774647887324, 0.0, 0.01028999064546305, 0.0, 0.0007501875468867217, 0.0, 0.0, 0.012667660208643815, 0.0, 0.0, 0.0, 0.0, 0.0, 0.0, 0.014973694860380412, 0.0, 0.0, 0.0, 0.0, 0.004244782454899187, 0.0, 0.0, 0.0, 0.0, 0.0, 0.0038194444444444443, 0.0, 0.0, 0.0, 0.0, 0.006346687822292741, 0.0014477017734346724]
speed reward list:[0.0, 0.0, 0.0, 0.0, 0.0, 0.0, 0.0, 0.0, 0.0, 0.0, 0.0, 0.0, 0.0, 0.0, 0.0, 0.0, 0.0, 0.0, 0.0, 0.0, 0.0, 0.0, 0.0, 0.0, 0.0, 0.0, 0.0, 0.0, 0.0, 0.0, 0.0, 0.0, 0.0, 0.0, 0.0, 0.0, 0.0, 0.0, 0.0, 0.0]
tls reward list:[-0.00025911011245866397, -0.003928826702960097, -0.0057724357534402835, -0.006305174609527514, -0.006192985459730311, -0.005656707491769491, -0.00452945551429781, -0.004981915428923002, -0.004935030988275703, -0.004001826326175541, -0.00406709326279875, -0.004200363015770329, -0.0044959206902207395, -0.00420877538227843, -0.004358410038438227, -0.004352479667570803, -0.004069701024506498, -0.004403056555315356, -0.0047016182062520635, -0.003761137944829277, -0.004042450484615288, -0.0039040866703073085, -0.004084568080011174, -0.004147802193727381, -0.004410274230385158, -0.003976123502395454, -0.004015013727491414, -0.004028904148185601, -0.004173474956982758, -0.0036651621437739294, -0.003411523787612115, -0.003963181968653019, -0.004377466493776343, -0.0038737155430491007, -0.003889052890120378, -0.0037091752124998206, -0.0035071248909223085, -0.0034463463526710966, -0.0038247104371051575, -0.003956932023016037]
target reward list:[-0.1990199315397557, -0.14059006439187136, -0.06705999968546957, -0.03285589454232852, 0.025365822984483387, 0.030188747801970676, 0.06765628087374526, 0.06567520467959635, 0.08845079740952407, 0.09659261672155722, 0.10494082384958686, 0.11537388427682846, 0.10503358155347611, 0.11089515388664595, 0.10502196410383138, 0.11450500940241531, 0.11552842694092016, 0.12404436154334576, 0.11607147905666067, 0.11616321485782631, 0.11692080543561087, 0.11406762267606446, 0.10561390985352055, 0.11370937091916475, 0.11890645557250905, 0.11887399914934232, 0.11477063705224265, 0.11316848538457312, 0.11870928182169665, 0.11265982222706095, 0.11967393689655545, 0.11555982729570906, 0.11969928689587861, 0.11098031601170592, 0.10866148514966127, 0.11482779128342384, 0.11979565143176737, 0.1105211302180941, 0.11260272376708018, 0.11090501916972764]
safe reward list [0.0, 0.0, 0.0, 0.0, 0.0, 0.0, 0.0, 0.0, 0.0, 0.0, 0.0, 0.0, 0.0, 0.0, 0.0, 0.0, 0.0, 0.0, 0.0, 0.0, 0.0, 0.0, 0.0, 0.0, 0.0, 0.0, 0.0, 0.0, 0.0, 0.0, 0.0, 0.0, 0.0, 0.0, 0.0, 0.0, 0.0, 0.0, 0.0, 0.0]
speed list [1.8385554302312983, 9.240209421399973, 16.115357363760435, 14.855516157383672, 15.193072231512721, 15.219877137050274, 15.494042610664224, 15.022130625570123, 15.073276673222251, 15.163961790777757, 15.805246131078311, 16.157487653949065, 15.448917724385586, 16.074817507830414, 15.648900178085878, 15.701578437005532, 15.708889114017712, 16.094527184845635, 15.661591430265798, 15.76303850455839, 15.936807918874752, 15.880162380270281, 15.746894400032389, 15.760490088295446, 15.967216414019076, 16.075597923750898, 15.881301014398169, 15.70405756174379, 16.109641894884433, 15.862181149050704, 15.751353831633047, 16.009826497745205, 15.605071601619175, 15.78286493672339, 15.988913253267611, 15.851015234105319, 16.11697688640088, 16.238567283182263, 16.191940730010494, 15.811232683752939]
ec list [256.36983865729127, 70.2282953935122, 59.538066909856845, 60.13458694909064, 59.26714980714229, 58.913849822719, 58.7539629202252, 59.3646758738422, 59.16167436839757, 58.955934504315806, 59.17925750803651, 59.0772396699398, 58.597416037436, 58.831707243167045, 58.340580963666156, 58.44105549572043, 58.453223002552306, 59.03718360381564, 58.60650501821172, 58.5183813628812, 58.88095261074528, 58.4214896614136, 58.50555922279929, 58.55702463656335, 58.61057207941155, 58.585336929793804, 58.16038229003274, 58.35427050593335, 58.26067169310982, 58.20023490383397, 57.90933540777493, 58.29910729409753, 58.456888244036456, 58.38289072770573, 58.22906111527638, 57.92404073590171, 57.76577052016483, 58.17182540428885, 58.334287082119126, 57.89567493193836]
jerk list [0.05744479636754038, 0.18812766484581891, 0.0969574584942919, 0.1825336841830665, 0.3012275629965231, 0.3547124502474145, 0.34519125872090595, 0.3957046960783613, 0.42075450506612905, 0.4017456627748635, 0.3899734414994488, 0.412806025292657, 0.4502122767360464, 0.41630492663046564, 0.4052735324548962, 0.4256746236673758, 0.41522915228468243, 0.42417776096198345, 0.4663532589499543, 0.40338059623187744, 0.4224341178608429, 0.4077374321799437, 0.4066930842727987, 0.4056489181099691, 0.4309225861936809, 0.4164312298775513, 0.38943169564927466, 0.4157838139839238, 0.4059585153828852, 0.3699007083852459, 0.36627931803457414, 0.4040632713347904, 0.43548908112258755, 0.3997828667767495, 0.37111283322253535, 0.3859073746098953, 0.34311787964666846, 0.3268419884252707, 0.3400824442948993, 0.34694163879326206]