
Env:SUMO, Algorithm:MADDPG, Device:cuda:1
-----------------------------------------
{'algo': 'MADDPG', 'env': 'SUMO', 'seedVal': 20150427, 'gamma': 0.8, 'epsilon': 0.001, 'critic_lr': 0.005, 'actor_lr': 0.0001, 'memory_capacity': 1000000, 'batch_size': 512, 'train_eps': 40, 'eval_eps': 10, 'epsilon_start': 3, 'max_speed': 28, 'target_update': 4, 'hidden_dim': 256, 'soft_tau': 0.1, 'max_action': 2, 'device': device(type='cuda', index=1), 'simulation_steps': 3600, 'pathToSumoFiles': 'rou_net2_single', 'model_dest_path': 'models/', 'model_dest_path_leader': 'single_acce8_speed2_', 'model_dest_path_follow': '', 'logName': '_acce2_speed_8_gamma0.800000_tua0.100000.txt', 'procID': 9}
seed 20150427
当前的gamma是0.8, 当前的soft tau是0.1
-----------------------------------------
model saved successfully!
Complete training!
final reward list:[-0.17008341810060534, -0.02807146618154933, 0.08323324830523361, 0.10466196913146059, 0.10473300036602946, 0.10586840138309425, 0.11086937367828803, 0.10348428091476512, 0.10200434967785711, 0.10339553521604214, 0.10979072428881799, 0.11191072735540147, 0.10584299238093273, 0.1051851664529046, 0.10706485641046438, 0.11050102936036005, 0.10764026090602682, 0.11117177047373142, 0.10460113849675758, 0.10461666790435158, 0.10352986522927168, 0.11080272874917164, 0.10272886686223501, 0.10466913258453571, 0.09995916680251705, 0.10784773073165488, 0.10899486188347444, 0.10786994544622418, 0.11320900618791241, 0.10582190970337374, 0.11144092260764896, 0.1078910238521168, 0.10716403837668852, 0.10379418664950625, 0.10337940951447572, 0.10903332916657586, 0.10772430913724845, 0.10808394296962734, 0.10969452773854127, 0.10483826404464028]
final halt list:[12.414225941422593, 0.9667053813395277, 0.04543853469531525, 0.0032017075773745998, 0.005160339107998526, 0.0030757400999615533, 0.009378663540445486, 0.0, 0.0, 0.0, 0.0, 0.0, 0.0, 0.013497652582159625, 0.0, 0.004856182293612252, 0.0, 0.0, 0.0, 0.0, 0.0, 0.0, 0.0, 0.0, 0.0, 0.0, 0.0, 0.0, 0.0, 0.0, 0.0, 0.0, 0.0, 0.0, 0.0, 0.0, 0.0, 0.0, 0.007137192704203013, 0.0]
speed reward list:[0.0, 0.0, 0.0, 0.0, 0.0, 0.0, 0.0, 0.0, 0.0, 0.0, 0.0, 0.0, 0.0, 0.0, 0.0, 0.0, 0.0, 0.0, 0.0, 0.0, 0.0, 0.0, 0.0, 0.0, 0.0, 0.0, 0.0, 0.0, 0.0, 0.0, 0.0, 0.0, 0.0, 0.0, 0.0, 0.0, 0.0, 0.0, 0.0, 0.0]
tls reward list:[-0.003128372203145973, -0.0070317589621804255, -0.004790586986377775, -0.00465996712760628, -0.004606344148632262, -0.0043410121145941016, -0.004183246670751056, -0.0041244773639540315, -0.004303570336022695, -0.0037547637513025253, -0.0037134120200331164, -0.004011077990965335, -0.0043227684635241785, -0.003912889307099423, -0.004091717303501876, -0.004089196683195346, -0.004251461758786522, -0.004077131544570373, -0.0042779404316846134, -0.003884857696192216, -0.0037727891184126095, -0.004217348896537515, -0.004204172891329143, -0.00400766533328087, -0.004191609113637168, -0.003859625322222782, -0.00408056960800996, -0.004097121366320819, -0.004133969497134577, -0.00399485004759208, -0.003499200949978368, -0.0038374719877895705, -0.004260471032023927, -0.003920219884349197, -0.0039052015935625356, -0.003699788851375236, -0.003694246674051442, -0.0035246257809217452, -0.0038682015045866888, -0.00389621591450662]
target reward list:[-0.16695504589745935, -0.0210397072193689, 0.08802383529161137, 0.10932193625906687, 0.10933934451466173, 0.11020941349768837, 0.11505262034903908, 0.10760875827871917, 0.1063079200138798, 0.10715029896734467, 0.1135041363088511, 0.11592180534636681, 0.11016576084445692, 0.10909805576000403, 0.11115657371396628, 0.11459022604355541, 0.11189172266481336, 0.11524890201830178, 0.10887907892844217, 0.1085015256005438, 0.10730265434768431, 0.11502007764570917, 0.10693303975356415, 0.10867679791781656, 0.10415077591615422, 0.11170735605387766, 0.11307543149148438, 0.11196706681254498, 0.11734297568504698, 0.10981675975096582, 0.11494012355762731, 0.11172849583990636, 0.11142450940871243, 0.10771440653385546, 0.10728461110803823, 0.1127331180179511, 0.11141855581129989, 0.11160856875054906, 0.11356272924312796, 0.10873447995914688]
safe reward list [0.0, 0.0, 0.0, 0.0, 0.0, 0.0, 0.0, 0.0, 0.0, 0.0, 0.0, 0.0, 0.0, 0.0, 0.0, 0.0, 0.0, 0.0, 0.0, 0.0, 0.0, 0.0, 0.0, 0.0, 0.0, 0.0, 0.0, 0.0, 0.0, 0.0, 0.0, 0.0, 0.0, 0.0, 0.0, 0.0, 0.0, 0.0, 0.0, 0.0]
speed list [7.299554295022911, 15.631014227275221, 15.582093857923574, 15.843127177385595, 15.522187804036793, 15.794131436297924, 15.974103074992472, 15.918388543368462, 15.932738123849834, 15.736251377839995, 16.049063074701543, 16.188304694266616, 15.513135659093978, 16.160588439160534, 15.698894386317447, 15.809588195428166, 15.92481868978023, 16.12717909416643, 15.71796321945847, 15.947190575232208, 16.012890166102586, 16.036637128798258, 15.999882463385886, 15.805423338524973, 15.997885343835913, 16.152294948929672, 16.03743106587863, 15.75464599423527, 16.16435104299147, 16.010203654163778, 15.828459831416797, 16.066623175124743, 15.626145778401245, 15.84671125101587, 15.977942837925037, 15.818756291447935, 16.116608892875504, 16.201112774406862, 16.169912102342394, 15.818703216697747]
ec list [74.55857043977117, 60.24380553447993, 58.67594465787776, 58.04520156859204, 58.27905917758499, 58.09205033662978, 58.35985086801267, 58.358925442955666, 58.28096931051548, 58.646120235469475, 58.688518255805846, 58.68111317413826, 58.13205956275197, 58.40472664804455, 57.9023195265675, 58.03880926422777, 58.14956863803945, 58.5626767821221, 57.98630603733774, 58.12090078172093, 58.3065080236451, 58.30229068592905, 58.268169381336946, 58.21101615284677, 58.23184013759805, 58.177551806636636, 57.81163186545305, 58.09885570738976, 58.10650537597569, 58.17675757820461, 57.82989006467073, 58.02156222649842, 58.31167326928509, 58.155231313069, 58.13600901151918, 57.900237306971746, 57.93587422527906, 58.236048477960416, 58.462067286356245, 57.89403078904842]
jerk list [0.2338038577110723, 0.18390703762941532, 0.3504485073279621, 0.3671640558116195, 0.3899099867144752, 0.37689776399384484, 0.3492907207652152, 0.35078897501504797, 0.3664684925073542, 0.35332252513800777, 0.33367247476685263, 0.3276975198566002, 0.37290270453249413, 0.32241634203499125, 0.35678975057157264, 0.35833331150195014, 0.34616923946110484, 0.3365919437449151, 0.3649954797252511, 0.3384795945942309, 0.33976634641486525, 0.3588043374387466, 0.3455909978932046, 0.3466463524913511, 0.34310709296542774, 0.33941888722097474, 0.33786884437033793, 0.3665295456274003, 0.350872140527518, 0.33413257349273084, 0.3417517194251199, 0.3385193639980254, 0.364626380113878, 0.3533259659760397, 0.3353624301263738, 0.34701776067335893, 0.3376476297890892, 0.33842765452556106, 0.3468069461158668, 0.34651885785147085]