
Env:SUMO, Algorithm:MADDPG, Device:cuda:0
-----------------------------------------
{'algo': 'MADDPG', 'env': 'SUMO', 'seedVal': 20150427, 'gamma': 0.9, 'epsilon': 0.001, 'critic_lr': 0.005, 'actor_lr': 0.0001, 'memory_capacity': 1000000, 'batch_size': 512, 'train_eps': 40, 'eval_eps': 10, 'epsilon_start': 3, 'max_speed': 28, 'target_update': 4, 'hidden_dim': 256, 'soft_tau': 0.01, 'max_action': 2, 'device': device(type='cuda', index=0), 'simulation_steps': 3600, 'pathToSumoFiles': 'rou_net2_single', 'model_dest_path': 'models/', 'model_dest_path_leader': 'single_acce8_speed2_', 'model_dest_path_follow': '', 'logName': '_acce2_speed_8_gamma0.900000_tua0.010000.txt', 'procID': 12}
seed 20150427
当前的gamma是0.9, 当前的soft tau是0.01
-----------------------------------------
model saved successfully!
Complete training!
final reward list:[-0.19058270299765834, -0.07717435020332328, -0.07272135804871019, -0.06460148327744009, -0.08500983756839078, -0.06610044661340003, -0.04549096408319861, 0.08247184272888695, 0.10914481734880192, 0.10880782980617844, 0.11408643213616813, 0.12071580359715267, 0.1122367034257148, 0.1138998964339542, 0.10808006344243015, 0.11445404079817392, 0.11099756496983652, 0.11123705127997445, 0.1105964129756523, 0.10655599116040523, 0.10849366114869242, 0.1079119194972926, 0.10583376379141712, 0.1090594107362783, 0.1094094715121041, 0.11302594817936928, 0.11113534541356862, 0.10509455579061391, 0.11480155852444371, 0.11145881589042471, 0.115573496317649, 0.11559329150636564, 0.11127454753015224, 0.1105772239880185, 0.10884415152793663, 0.11175899207632894, 0.11305355875973168, 0.10645298164637729, 0.1148547905430811, 0.11334567158170837]
final halt list:[22.473715830579753, 1.6267961165048543, 1.2102492102492102, 1.1849217638691323, 1.550644567219153, 1.456221198156682, 4.846123880015583, 0.008057018903005888, 0.0, 0.0, 0.0, 0.0, 0.0, 0.0, 0.0, 0.0167973124300112, 0.0, 0.0, 0.0, 0.0, 0.0, 0.0, 0.010530579181855002, 0.0, 0.0, 0.0, 0.0, 0.01272984441301273, 0.0, 0.0, 0.0, 0.0, 0.019333607568901685, 0.012851684612712747, 0.0, 0.0, 0.0, 0.001530221882172915, 0.0, 0.008686210640608035]
speed reward list:[0.0, 0.0, 0.0, 0.0, 0.0, 0.0, 0.0, 0.0, 0.0, 0.0, 0.0, 0.0, 0.0, 0.0, 0.0, 0.0, 0.0, 0.0, 0.0, 0.0, 0.0, 0.0, 0.0, 0.0, 0.0, 0.0, 0.0, 0.0, 0.0, 0.0, 0.0, 0.0, 0.0, 0.0, 0.0, 0.0, 0.0, 0.0, 0.0, 0.0]
tls reward list:[-0.0022619752723130005, -0.005967441438680582, -0.005740975581505344, -0.005661673119169626, -0.006015672625256951, -0.0056866127498685715, -0.0051131238744670385, -0.004436386041746628, -0.004164737429253858, -0.0035859653937049154, -0.0036997767204940057, -0.0037374513469573363, -0.004193061153488618, -0.0038369567011846636, -0.00413192462107771, -0.0038392190395415767, -0.004224836119743918, -0.004055990317625012, -0.004006331624549387, -0.003862880477526137, -0.0037368396402420196, -0.003920901650292448, -0.003923331903664279, -0.003940109069854955, -0.003870138709420521, -0.0037088845075534745, -0.003925095209105443, -0.00407749523326999, -0.004027961142770925, -0.003943478011278016, -0.0035918569694730856, -0.0036490907368622737, -0.004377066927084497, -0.003865839901050017, -0.0038148693662858712, -0.0035818679397040675, -0.003774984767900304, -0.0034838109257158134, -0.0036571530025816677, -0.0037440646532597957]
target reward list:[-0.18832072772534525, -0.0712069087646427, -0.06698038246720484, -0.05893981015827046, -0.07899416494313381, -0.06041383386353146, -0.04037784020873158, 0.0869082287706336, 0.11330955477805578, 0.11239379519988334, 0.11778620885666213, 0.12445325494411003, 0.11642976457920343, 0.1177368531351389, 0.11221198806350788, 0.11829325983771546, 0.11522240108958044, 0.11529304159759947, 0.11460274460020167, 0.11041887163793136, 0.11223050078893444, 0.11183282114758505, 0.1097570956950814, 0.11299951980613322, 0.11327961022152462, 0.11673483268692274, 0.11506044062267405, 0.10917205102388391, 0.11882951966721463, 0.11540229390170273, 0.11916535328712208, 0.11924238224322793, 0.11565161445723672, 0.11444306388906851, 0.11265902089422253, 0.115340860016033, 0.11682854352763199, 0.1099367925720931, 0.11851194354566276, 0.11708973623496817]
safe reward list [0.0, 0.0, 0.0, 0.0, 0.0, 0.0, 0.0, 0.0, 0.0, 0.0, 0.0, 0.0, 0.0, 0.0, 0.0, 0.0, 0.0, 0.0, 0.0, 0.0, 0.0, 0.0, 0.0, 0.0, 0.0, 0.0, 0.0, 0.0, 0.0, 0.0, 0.0, 0.0, 0.0, 0.0, 0.0, 0.0, 0.0, 0.0, 0.0, 0.0]
speed list [4.777510411944416, 15.722740749613152, 16.131015895291036, 15.986442221325742, 15.730552486201683, 15.903521028440974, 13.426826754585962, 15.707647538146121, 15.690288299919324, 15.648328594605143, 15.989567051256108, 16.166846203746825, 15.51986619144428, 16.123187777858455, 15.69035908496297, 15.802516601102168, 15.948276185341609, 16.127633558706783, 15.696181398927422, 15.91837429115693, 15.979187850678723, 16.018459975490035, 15.986672714305685, 15.779892709865083, 15.959721168245029, 16.109385343731333, 15.992443440522875, 15.716393873285199, 16.137080733484176, 15.97400243948524, 15.826121032563176, 16.0186789103542, 15.608053514686574, 15.822903449447306, 15.978081159392724, 15.857158115236707, 16.141762206946296, 16.23785668545279, 16.2114332439586, 15.827368318837122]
ec list [99.25824219852854, 59.87239601612532, 59.46200834641416, 59.06128036364223, 59.993665417579386, 59.55321968204951, 64.87326391689659, 58.64445243137379, 58.28780658026592, 58.66895932116364, 58.809210876566276, 58.73119454954595, 58.10563434507009, 58.4283582828857, 57.94359761524225, 57.83022680393192, 58.00543360222979, 58.524825917745765, 57.919744980755674, 58.25789157110113, 58.45443703794854, 58.258024231099654, 58.15299722976971, 58.268050190937, 58.20127318537998, 58.15749660911825, 57.89174148500141, 58.009357751827125, 57.99625487113824, 58.1573870188485, 57.93153599201161, 57.94952926836112, 58.23410995047345, 58.1739863734834, 58.0876157084242, 57.69423880872358, 57.898328124656906, 58.251900823369105, 58.0479011291595, 57.77188873697607]
jerk list [0.31867258968760004, 0.1024558060416306, 0.09667095526032678, 0.10210673137009922, 0.10011797889504409, 0.10047018594469866, 0.15832027483065447, 0.36254081723930315, 0.3941163028821944, 0.38813871932059985, 0.3709073139996268, 0.3589758043899689, 0.39099692880216613, 0.3411549791685471, 0.3549933043185674, 0.3462735040501205, 0.3490213508952568, 0.3389304633617514, 0.3646507674518379, 0.33822477952114605, 0.3476313322887155, 0.34554484313122974, 0.34305995794697475, 0.35950527661354464, 0.3412003952484937, 0.34034084003490456, 0.3467863927681239, 0.3660244568893291, 0.3524404204819926, 0.3450309989544269, 0.3516358726849315, 0.3370164603171176, 0.36755107436264733, 0.35456811875516575, 0.3358787171099394, 0.32767908574738974, 0.3317957886975262, 0.33227610815981473, 0.32547199867807447, 0.33541789629283764]