
Env:SUMO, Algorithm:MADDPG, Device:cuda:1
-----------------------------------------
{'algo': 'MADDPG', 'env': 'SUMO', 'seedVal': 20150427, 'gamma': 0.99, 'epsilon': 0.001, 'critic_lr': 0.005, 'actor_lr': 0.0001, 'memory_capacity': 1000000, 'batch_size': 512, 'train_eps': 40, 'eval_eps': 10, 'epsilon_start': 3, 'max_speed': 28, 'target_update': 4, 'hidden_dim': 256, 'soft_tau': 0.001, 'max_action': 2, 'device': device(type='cuda', index=1), 'simulation_steps': 3600, 'pathToSumoFiles': 'rou_net2_single', 'model_dest_path': 'models/', 'model_dest_path_leader': 'single_acce8_speed2_', 'model_dest_path_follow': '', 'logName': '_acce2_speed_8_gamma0.990000_tua0.001000.txt', 'procID': 15}
seed 20150427
当前的gamma是0.99, 当前的soft tau是0.001
-----------------------------------------
model saved successfully!
Complete training!
final reward list:[-0.1834578796020022, -0.06386872337310641, 0.02797529634971811, 0.1008349541113249, 0.10493976474952584, 0.10704061864320888, 0.10549542188676678, 0.10758288636593444, 0.10747639632347936, 0.0961449000530374, 0.098182781239469, 0.10360986660435328, 0.10080416230531383, 0.09922382014102883, 0.09599414024487085, 0.10569668308417024, 0.10704318887019422, 0.11203266755857563, 0.09863890690348145, 0.10660956843810679, 0.10247098117338502, 0.10959058925438472, 0.10598331509124286, 0.11067792484223472, 0.11428302084097074, 0.11435510539765578, 0.10707409716250736, 0.10524886480567791, 0.11392360283768042, 0.10726221886586831, 0.10944062343563037, 0.10881514367894884, 0.11078251981476912, 0.10719995286568426, 0.1139919824140936, 0.11586870560213008, 0.11593895121135547, 0.11449662016109555, 0.10994137565736473, 0.11128219653895635]
final halt list:[16.96704689480355, 1.2381691233514351, 0.4021854071201974, 0.0056939501779359435, 0.0007369196757553427, 0.016122840690978888, 0.0, 0.0, 0.0, 0.0, 0.0, 0.015226939970717423, 0.0, 0.01377087606211544, 0.017410228509249184, 0.0197613721103654, 0.0, 0.0, 0.0, 0.0, 0.0, 0.0, 0.0, 0.0, 0.017452655031563312, 0.0, 0.013968481375358166, 0.00671615411806292, 0.0, 0.0, 0.0, 0.0, 0.0, 0.006245662734212352, 0.0, 0.0, 0.0, 0.0, 0.01383946223803875, 0.003620564808110065]
speed reward list:[0.0, 0.0, 0.0, 0.0, 0.0, 0.0, 0.0, 0.0, 0.0, 0.0, 0.0, 0.0, 0.0, 0.0, 0.0, 0.0, 0.0, 0.0, 0.0, 0.0, 0.0, 0.0, 0.0, 0.0, 0.0, 0.0, 0.0, 0.0, 0.0, 0.0, 0.0, 0.0, 0.0, 0.0, 0.0, 0.0, 0.0, 0.0, 0.0, 0.0]
tls reward list:[-0.002278340040856588, -0.0063916214714727785, -0.005310346446376953, -0.0043324207607819566, -0.004207262826880707, -0.004057050445701451, -0.0038119871382155425, -0.0036240936222685246, -0.003787884052870377, -0.003490986972784917, -0.0037494983852016097, -0.0038592386250813422, -0.004214483733071153, -0.0037945122768698004, -0.0039249885992808375, -0.0039397875613612085, -0.004018289772025525, -0.0038543586808893857, -0.003860484275269798, -0.003505391504044164, -0.0033236031294219554, -0.0036251943969134387, -0.0035884784814627178, -0.0035149225699352164, -0.0035075519183198297, -0.0033129806186575675, -0.003697405499032204, -0.00377410927628937, -0.003723841103537792, -0.003722974782150592, -0.0034129264118752264, -0.003417353966040182, -0.003732229581037062, -0.0035522982475663617, -0.003462986617155498, -0.003404947901175676, -0.0036768320637785676, -0.003461973012352159, -0.003644480205360599, -0.004027774068162331]
target reward list:[-0.18117953956114558, -0.05747710190163362, 0.03328564279609507, 0.10516737487210685, 0.10914702757640654, 0.11109766908891032, 0.1093074090249823, 0.11120697998820296, 0.11126428037634975, 0.09963588702582231, 0.1019322796246706, 0.10746910522943463, 0.10501864603838498, 0.10301833241789865, 0.0999191288441517, 0.10963647064553142, 0.11106147864221975, 0.11588702623946504, 0.10249939117875126, 0.11011495994215094, 0.10579458430280698, 0.11321578365129817, 0.10957179357270559, 0.11419284741216994, 0.11779057275929058, 0.11766808601631334, 0.1107715026615396, 0.10902297408196727, 0.11764744394121822, 0.11098519364801891, 0.11285354984750558, 0.11223249764498906, 0.11451474939580619, 0.11075225111325061, 0.11745496903124909, 0.11927365350330578, 0.11961578327513403, 0.1179585931734477, 0.11358585586272534, 0.1153099706071187]
safe reward list [0.0, 0.0, 0.0, 0.0, 0.0, 0.0, 0.0, 0.0, 0.0, 0.0, 0.0, 0.0, 0.0, 0.0, 0.0, 0.0, 0.0, 0.0, 0.0, 0.0, 0.0, 0.0, 0.0, 0.0, 0.0, 0.0, 0.0, 0.0, 0.0, 0.0, 0.0, 0.0, 0.0, 0.0, 0.0, 0.0, 0.0, 0.0, 0.0, 0.0]
speed list [6.920422889428471, 14.715450173082626, 15.517862894832197, 15.796560412877485, 15.551713565182848, 15.72023762138108, 16.01801478489365, 15.909307374376919, 15.786300584565852, 15.54069555727695, 15.934557296221891, 15.793750979120766, 15.276145219544036, 15.910921925221817, 15.449354328846097, 15.573282457141595, 15.747055646746853, 15.96611020939783, 15.564436701864281, 15.809259617268312, 15.844383844515084, 15.826236236576543, 15.743804635512872, 15.529780002841404, 15.786468266297003, 15.923458301940228, 15.718440470598374, 15.474439654814393, 15.77679832170273, 15.578638761977563, 15.435705504474887, 15.665150525617346, 15.280667589033044, 15.5913410911983, 15.785186811508535, 15.782214590834382, 16.02047838746692, 16.086174845741684, 15.93735767681711, 15.45045144450681]
ec list [94.0621681683682, 60.505354005495896, 59.345369528656285, 57.69905078357457, 58.206555816475294, 57.99061348128035, 58.11797202923158, 58.096128011326826, 58.026529670256075, 58.5957150802241, 58.805415489862504, 59.067763371354694, 58.41622005481904, 58.72384509606717, 58.27159570395588, 58.33629898364932, 58.32237007152724, 58.75443623493767, 58.07865061089157, 58.208809480132565, 58.408766974103656, 58.43711337462074, 58.488160824720424, 58.451374204831325, 58.27954180004382, 58.2520986753696, 58.094911447346625, 58.36028019836209, 58.354798880673904, 58.454419504969565, 58.42553980072011, 58.50162379721382, 58.49331161546608, 58.28337783611052, 58.35925195734713, 57.82379940333589, 58.12709521932132, 58.60529750922836, 58.681357344799316, 58.28776816009165]
jerk list [0.2827238421644405, 0.22820072354161752, 0.2710123722484865, 0.33752196186826827, 0.37383107409323324, 0.3548800633388489, 0.3200748171450101, 0.33119404533401126, 0.35203395967225615, 0.3437713044496123, 0.3397807912849556, 0.3547339300803143, 0.3933989619964447, 0.33893518027028124, 0.3684195430262873, 0.36632025825419406, 0.36259750980890804, 0.3576490470144099, 0.3604214271050412, 0.3411920678335146, 0.3343832885296189, 0.3482200412026214, 0.3436512943574062, 0.3609190308975269, 0.3475261893880455, 0.3381163557580193, 0.3383267661943096, 0.363588463074024, 0.33596149911422735, 0.34127198210196114, 0.3416650107287829, 0.3383682931465481, 0.3457897486113387, 0.3600153401170878, 0.344167178782954, 0.3441477207890754, 0.35019290072980247, 0.359599794685397, 0.3493766470969484, 0.36406093339535306]