
Env:SUMO, Algorithm:MADDPG, Device:cuda:0
-----------------------------------------
{'algo': 'MADDPG', 'env': 'SUMO', 'seedVal': 20150427, 'gamma': 0.7, 'epsilon': 0.001, 'critic_lr': 0.005, 'actor_lr': 0.0001, 'memory_capacity': 1000000, 'batch_size': 512, 'train_eps': 40, 'eval_eps': 10, 'epsilon_start': 3, 'max_speed': 28, 'target_update': 4, 'hidden_dim': 256, 'soft_tau': 0.1, 'max_action': 2, 'device': device(type='cuda', index=0), 'simulation_steps': 3600, 'pathToSumoFiles': 'rou_net2_single', 'model_dest_path': 'models/', 'model_dest_path_leader': 'single_acce8_speed2_', 'model_dest_path_follow': '', 'logName': '_acce2_speed_8_gamma0.700000_tua0.100000.txt', 'procID': 4}
seed 20150427
当前的gamma是0.7, 当前的soft tau是0.1
-----------------------------------------
model saved successfully!
Complete training!
final reward list:[-0.18350190469910782, -0.08229167679055172, -0.07240728302631923, 0.03427253409332886, 0.08604446458344563, 0.10194222822382656, 0.10922534875947347, 0.1042633656234314, 0.10923128602422774, 0.1097456905610075, 0.1088663024313051, 0.11432704746452035, 0.10633162091924678, 0.11154886440248199, 0.10315596233082383, 0.11022276194600919, 0.10870600031441632, 0.11551115427671967, 0.10461786143763298, 0.10765067814017422, 0.11058622151076025, 0.11229420525034899, 0.10219839682901459, 0.10599568601641188, 0.11051679361299753, 0.11335204911267242, 0.11190294566200192, 0.1064030813702923, 0.1143315258224376, 0.10304794817701426, 0.11296492248547711, 0.10596758170022891, 0.1089470968259582, 0.1055365593206878, 0.10885188466884876, 0.10699602115621654, 0.11144908218934922, 0.1080451424503793, 0.11342028566076, 0.10422173190192965]
final halt list:[16.33813672922252, 1.6278166278166277, 1.2091962091962092, 0.2268041237113402, 0.02577319587628866, 0.04878985785631963, 0.003125, 0.007749535027898326, 0.0, 0.0015051173991571343, 0.0, 0.0, 0.0, 0.0, 0.009451108687749909, 0.016803584764749812, 0.0, 0.0, 0.0017018379850238256, 0.0, 0.0, 0.0, 0.0, 0.0, 0.0, 0.0, 0.0, 0.015912305516265914, 0.0, 0.0, 0.0, 0.0, 0.0, 0.0, 0.006697108066971081, 0.0, 0.0, 0.001530221882172915, 0.0, 0.0]
speed reward list:[0.0, 0.0, 0.0, 0.0, 0.0, 0.0, 0.0, 0.0, 0.0, 0.0, 0.0, 0.0, 0.0, 0.0, 0.0, 0.0, 0.0, 0.0, 0.0, 0.0, 0.0, 0.0, 0.0, 0.0, 0.0, 0.0, 0.0, 0.0, 0.0, 0.0, 0.0, 0.0, 0.0, 0.0, 0.0, 0.0, 0.0, 0.0, 0.0, 0.0]
tls reward list:[-0.0023199908557154565, -0.0059727909047356835, -0.005797949362654367, -0.005317375709263058, -0.005080810060185635, -0.004422953620555602, -0.0041878666018767535, -0.004182888487769613, -0.0041826875384948625, -0.0037116330359804996, -0.0035796068461092212, -0.003928561633994759, -0.0042460497095002745, -0.0038569409689706933, -0.0040734332161617565, -0.004129967560381219, -0.004102787939946565, -0.003868392127542989, -0.004185818514218511, -0.0038044327455494004, -0.0037101744080589054, -0.004058459278660705, -0.004071646381155316, -0.004052130419752795, -0.004053408626309055, -0.003785852610588079, -0.003999536864661583, -0.004168067053273347, -0.0040429480703200755, -0.004045979980655984, -0.0036590313872211433, -0.003855854649418631, -0.004235461718199514, -0.003977641942092329, -0.0038408788969353028, -0.0037637242307095396, -0.0038583516980344747, -0.0035664720302562994, -0.0036698406626712327, -0.0037595782382321865]
target reward list:[-0.18118191384339236, -0.07631888588581605, -0.06660933366366485, 0.03958990980259192, 0.09112527464363127, 0.10636518184438214, 0.11341321536135025, 0.10844625411120101, 0.11341397356272262, 0.11345732359698799, 0.11244590927741434, 0.1182556090985151, 0.11057767062874706, 0.11540580537145269, 0.10722939554698556, 0.1143527295063904, 0.11280878825436291, 0.11937954640426265, 0.10880367995185149, 0.11145511088572362, 0.11429639591881914, 0.11635266452900973, 0.10627004321016992, 0.11004781643616467, 0.11457020223930657, 0.1171379017232605, 0.11590248252666348, 0.11057114842356561, 0.11837447389275765, 0.10709392815767026, 0.11662395387269828, 0.10982343634964753, 0.11318255854415771, 0.10951420126278012, 0.11269276356578406, 0.11075974538692608, 0.11530743388738371, 0.1116116144806356, 0.11709012632343126, 0.10798131014016182]
safe reward list [0.0, 0.0, 0.0, 0.0, 0.0, 0.0, 0.0, 0.0, 0.0, 0.0, 0.0, 0.0, 0.0, 0.0, 0.0, 0.0, 0.0, 0.0, 0.0, 0.0, 0.0, 0.0, 0.0, 0.0, 0.0, 0.0, 0.0, 0.0, 0.0, 0.0, 0.0, 0.0, 0.0, 0.0, 0.0, 0.0, 0.0, 0.0, 0.0, 0.0]
speed list [7.093101677916654, 15.715873781515826, 16.13555264403971, 15.730468808565869, 15.462974195325769, 15.785053396961779, 16.057967446377003, 15.928436424084879, 15.936410806345966, 15.73859177051043, 16.077198106066042, 16.203941901274316, 15.473323372681119, 16.197237209475432, 15.686587301090494, 15.857465377742452, 15.926012720326765, 16.128040436378857, 15.681871412157209, 15.941524766867458, 16.00287728238236, 16.036299785697455, 16.0355775615835, 15.776003948495399, 15.975906876385178, 16.155084092624577, 16.045480404163015, 15.782511398197963, 16.179344448256735, 16.019581418358204, 15.857888089516516, 16.10024235430328, 15.68809467963978, 15.910425611586506, 15.991272480311933, 15.866495375429007, 16.145584916904077, 16.247093912988277, 16.23978051562799, 15.864068839395829]
ec list [82.41903634803884, 59.93534070216816, 59.56883897024933, 58.55546895338223, 58.53713231569133, 58.26773074059199, 58.421041471746065, 58.37152033276115, 58.176259685288045, 58.4130871993007, 58.65724203861035, 58.635317124436874, 58.06091229920061, 58.30675360830076, 57.95163085999665, 58.0549563731144, 57.972167990841, 58.53502274732556, 58.08996259844163, 58.11862656569707, 58.400762363336696, 58.22133078010589, 58.1697150345232, 58.26064019141582, 58.1456380773942, 58.12771325967643, 57.78530909666058, 58.080484266608586, 57.86807112081044, 58.1301359196903, 57.858145758438006, 58.046186879575316, 57.95705481256671, 58.07470448817449, 58.04375485233185, 57.84117324091613, 57.7796799918974, 58.15456301385234, 58.09724080340189, 57.70735265549027]
jerk list [0.25087913464811373, 0.10175861377730443, 0.09657593981523395, 0.30601736539833085, 0.38279411657456863, 0.37951884198092745, 0.35860920781080347, 0.36152115725908285, 0.3721493455071565, 0.35888015348686, 0.3315655418776459, 0.34045613544997055, 0.3729257495851017, 0.34157585276227026, 0.3648766466281613, 0.36316424512726797, 0.3377516928312153, 0.347023359544537, 0.37705526115583843, 0.3486357259109391, 0.350067258604467, 0.3466714711365624, 0.3482662920809314, 0.3662774167197219, 0.3480304575837137, 0.32887453293543684, 0.33154609257338014, 0.3590089006033383, 0.3329258558375624, 0.3388490305388193, 0.3446927884357729, 0.3383178782430749, 0.34378161486941305, 0.3407688083775565, 0.33031449274077596, 0.3429828106328793, 0.3397747967584833, 0.33939723097033253, 0.3293710399428898, 0.3391062741754142]