
Env:SUMO, Algorithm:MADDPG, Device:cuda:1
-----------------------------------------
{'algo': 'MADDPG', 'env': 'SUMO', 'seedVal': 20150427, 'gamma': 0.9, 'epsilon': 0.001, 'critic_lr': 0.005, 'actor_lr': 0.0001, 'memory_capacity': 1000000, 'batch_size': 512, 'train_eps': 40, 'eval_eps': 10, 'epsilon_start': 3, 'max_speed': 28, 'target_update': 4, 'hidden_dim': 256, 'soft_tau': 0.05, 'max_action': 2, 'device': device(type='cuda', index=1), 'simulation_steps': 3600, 'pathToSumoFiles': 'rou_net2_single', 'model_dest_path': 'models/', 'model_dest_path_leader': 'single_acce8_speed2_', 'model_dest_path_follow': '', 'logName': '_acce2_speed_8_gamma0.900000_tua0.050000.txt', 'procID': 13}
seed 20150427
当前的gamma是0.9, 当前的soft tau是0.05
-----------------------------------------
model saved successfully!
Complete training!
final reward list:[-0.15137728917902185, -0.08340127276492751, -0.07248728573899846, -0.0657027124327867, -0.08474360646256308, -0.06559244777182428, -0.05044411767954179, 0.07300959058061361, 0.09936045544057451, 0.10623834975600972, 0.11055031778869151, 0.1184803318958626, 0.11305910943438825, 0.11091487079920029, 0.10874327175639839, 0.10724829411561948, 0.11233191285242353, 0.115805518319348, 0.10639318436971733, 0.10780357645424261, 0.10672609116461129, 0.10833462132525802, 0.1042529810550902, 0.10768227212918535, 0.10893716644549453, 0.11009085318175671, 0.10940865373455703, 0.10635319149245631, 0.11576067360892302, 0.10424500541811574, 0.11083157686511073, 0.11426504690090006, 0.11164929643098753, 0.10511378525627707, 0.1071258793947634, 0.10713526266068345, 0.11590520976561548, 0.11036207285701169, 0.11136464263160605, 0.10853636372207165]
final halt list:[10.317848410757946, 1.6445221445221445, 1.2103230337078652, 1.1889007470651014, 1.5342415316642122, 1.4577572964669738, 1.094396389620158, 0.09206447613143211, 0.0, 0.0, 0.0, 0.0, 0.0, 0.0, 0.0, 0.006708907938874394, 0.0, 0.0, 0.0, 0.0, 0.0, 0.0, 0.008910490076954233, 0.0, 0.0, 0.0, 0.0, 0.004596888260254597, 0.0, 0.0, 0.0, 0.0, 0.0, 0.00798888502952414, 0.0, 0.0, 0.0, 0.0, 0.0, 0.0]
speed reward list:[0.0, 0.0, 0.0, 0.0, 0.0, 0.0, 0.0, 0.0, 0.0, 0.0, 0.0, 0.0, 0.0, 0.0, 0.0, 0.0, 0.0, 0.0, 0.0, 0.0, 0.0, 0.0, 0.0, 0.0, 0.0, 0.0, 0.0, 0.0, 0.0, 0.0, 0.0, 0.0, 0.0, 0.0, 0.0, 0.0, 0.0, 0.0, 0.0, 0.0]
tls reward list:[-0.0036002980575327373, -0.005975734541613515, -0.00578191292220451, -0.005687179188597679, -0.00598765389519819, -0.0057039297416834715, -0.005325421601689216, -0.005263807926166783, -0.004616807062024244, -0.003865009389153588, -0.003774054881160159, -0.00372745560260221, -0.004174936218071508, -0.0038765478556310774, -0.004016062464803477, -0.004281120696999767, -0.004111309194256742, -0.004164602401041752, -0.004288714586968809, -0.004010714531938124, -0.0038170653252717853, -0.004266956644629992, -0.0043723253106357565, -0.004247685153809364, -0.004201738639101437, -0.003938332485485429, -0.004141854913511624, -0.004028075663302477, -0.004133215064438566, -0.00407872514331489, -0.003855481139375168, -0.003798177946733564, -0.004400692338554986, -0.004107197695137741, -0.0038816507827959673, -0.0037937257551536306, -0.003937372571553277, -0.0036430564806092702, -0.0037872470860549814, -0.004041370115505774]
target reward list:[-0.14777699112148912, -0.077425538223314, -0.06670537281679394, -0.06001553324418902, -0.07875595256736488, -0.05988851803014081, -0.045118696077852585, 0.0782733985067804, 0.10397726250259876, 0.11010335914516328, 0.11432437266985167, 0.12220778749846481, 0.11723404565245975, 0.11479141865483136, 0.11275933422120189, 0.11152941481261926, 0.11644322204668026, 0.11997012072038976, 0.11068189895668612, 0.11181429098618074, 0.11054315648988308, 0.11260157796988798, 0.10862530636572598, 0.11192995728299472, 0.11313890508459597, 0.11402918566724213, 0.11355050864806865, 0.11038126715575881, 0.1198938886733616, 0.10832373056143062, 0.11468705800448592, 0.11806322484763362, 0.11604998876954252, 0.10922098295141479, 0.11100753017755936, 0.1109289884158371, 0.11984258233716877, 0.11400512933762094, 0.11515188971766104, 0.11257773383757744]
safe reward list [0.0, 0.0, 0.0, 0.0, 0.0, 0.0, 0.0, 0.0, 0.0, 0.0, 0.0, 0.0, 0.0, 0.0, 0.0, 0.0, 0.0, 0.0, 0.0, 0.0, 0.0, 0.0, 0.0, 0.0, 0.0, 0.0, 0.0, 0.0, 0.0, 0.0, 0.0, 0.0, 0.0, 0.0, 0.0, 0.0, 0.0, 0.0, 0.0, 0.0]
speed list [8.8381191567871, 15.689297506772261, 16.128307825739643, 15.986367865032774, 15.768311524912006, 15.913590597641045, 16.08955991641702, 15.57921779985184, 15.934819139372442, 15.78720931337476, 16.062237463448767, 16.19138967848904, 15.449448314265823, 16.133138325528012, 15.66051171488095, 15.780113321945965, 15.914638507700088, 16.066452981057576, 15.632111451648482, 15.907828420582907, 15.980767614706366, 16.019410951460156, 15.965992070947252, 15.797627324767697, 16.005239641926774, 16.127511774355405, 16.018165263481848, 15.749153264909971, 16.16329956531775, 16.008144090158254, 15.86025272630326, 16.08471496886812, 15.673063353562993, 15.856676267494555, 16.04184493035951, 15.873497329322086, 16.1185872326943, 16.23066562968698, 16.18971526895628, 15.804572821245571]
ec list [70.62770343137586, 59.86120315506815, 59.539270411579906, 59.16403987282602, 59.941917424786745, 59.65050332431672, 59.88347432566909, 59.28786000045594, 58.402391509949034, 58.51886543504048, 58.63373946282829, 58.586544952727984, 58.03109588714528, 58.51835433421684, 58.1035249853428, 58.08387920806095, 58.22798010477322, 58.7532648038668, 58.21229258878715, 58.31044779095812, 58.55868905201689, 58.387533603863055, 58.59295446385122, 58.499732772941606, 58.343065410408045, 58.375153260771896, 57.95774838850316, 58.11382789397998, 58.02141536510445, 58.19965701721006, 57.967311115429816, 58.08120577528402, 58.18958180838751, 58.287065748959016, 58.100708459420495, 57.87512036991995, 57.994359037093126, 58.30950618509509, 58.38760964366622, 57.923248634130246]
jerk list [0.18665405477485195, 0.10149129821734552, 0.0970292330836835, 0.10293721626574538, 0.10005968434484004, 0.09999350846156703, 0.09912006460613922, 0.356063367840902, 0.3999394840800555, 0.3635765857167364, 0.3506449488349645, 0.351484629208669, 0.388573163105132, 0.35421186423093226, 0.37650960181838455, 0.37642051655940095, 0.3691469717400393, 0.36934319768507806, 0.3938622171417591, 0.3706102375564799, 0.36771760706828394, 0.383898650820905, 0.3822510989991315, 0.3928868099021013, 0.36982820830656926, 0.36500155710384546, 0.36985496046201144, 0.38665580129152505, 0.3652162499325142, 0.35629236566728506, 0.3609813843505778, 0.3540412102545309, 0.37554986576201344, 0.36786154395102444, 0.3485058491492753, 0.3609986315100117, 0.36305219909582415, 0.3551584636010854, 0.3605745264604871, 0.362453822212121]