
Env:SUMO, Algorithm:MADDPG, Device:cuda:1
-----------------------------------------
{'algo': 'MADDPG', 'env': 'SUMO', 'seedVal': 20150427, 'gamma': 0.9, 'epsilon': 0.001, 'critic_lr': 0.005, 'actor_lr': 0.0001, 'memory_capacity': 1000000, 'batch_size': 512, 'train_eps': 40, 'eval_eps': 10, 'epsilon_start': 3, 'max_speed': 28, 'target_update': 4, 'hidden_dim': 256, 'soft_tau': 0.005, 'max_action': 2, 'device': device(type='cuda', index=1), 'simulation_steps': 3600, 'pathToSumoFiles': 'rou_net2_single', 'model_dest_path': 'models/', 'model_dest_path_leader': 'single_acce8_speed2_', 'model_dest_path_follow': '', 'logName': '_acce2_speed_8_gamma0.900000_tua0.005000.txt', 'procID': 11}
seed 20150427
当前的gamma是0.9, 当前的soft tau是0.005
-----------------------------------------
model saved successfully!
Complete training!
final reward list:[-0.18468491030453268, -0.05956455827418672, 0.07463939740298275, 0.1008487345234127, 0.10309785182307594, 0.11096617448534102, 0.10959776865101949, 0.10378154972005293, 0.10773630117142673, 0.10580534670980414, 0.10335107496405328, 0.11495688958418826, 0.1069310934819818, 0.11203057306652126, 0.10431288172775803, 0.10869731153471164, 0.11231622101830484, 0.11030142871969557, 0.10355951514327248, 0.10746204186615722, 0.10762445550927012, 0.10790939430949271, 0.10091941557311823, 0.10366949920858065, 0.10767363399091995, 0.1143336409108477, 0.11158686806775928, 0.10962172912153606, 0.11452574731934974, 0.11017437746383477, 0.11590815673374871, 0.10514613462920518, 0.11075885055808637, 0.10047798610670493, 0.10495133283910298, 0.10959686929887061, 0.10991559901850806, 0.11023676220072072, 0.11196721853246905, 0.10992421210654998]
final halt list:[17.402137608550433, 1.5705973622963538, 0.038746037337090526, 0.002135231316725979, 0.007366482504604052, 0.006530925854782943, 0.009750390015600624, 0.0, 0.0, 0.0, 0.0, 0.0, 0.0, 0.0, 0.0, 0.0029850746268656717, 0.0, 0.0, 0.0, 0.0, 0.0, 0.0, 0.017401861594496155, 0.0, 0.0, 0.0, 0.0, 0.0, 0.0, 0.0, 0.0, 0.0, 0.0, 0.001389854065323141, 0.0, 0.0, 0.0, 0.0, 0.004758128469468675, 0.001448225923244026]
speed reward list:[0.0, 0.0, 0.0, 0.0, 0.0, 0.0, 0.0, 0.0, 0.0, 0.0, 0.0, 0.0, 0.0, 0.0, 0.0, 0.0, 0.0, 0.0, 0.0, 0.0, 0.0, 0.0, 0.0, 0.0, 0.0, 0.0, 0.0, 0.0, 0.0, 0.0, 0.0, 0.0, 0.0, 0.0, 0.0, 0.0, 0.0, 0.0, 0.0, 0.0]
tls reward list:[-0.00237376231176894, -0.005881901876405215, -0.0060421686374075075, -0.004651733998969054, -0.004681131726127523, -0.004162638941672483, -0.004051248643181263, -0.003919259242065437, -0.004021701288596832, -0.003548199621223079, -0.003588529801252403, -0.00374139843952072, -0.004066563526517196, -0.003659248399050423, -0.003893314954566385, -0.0036982603779765174, -0.004016473111941717, -0.003936513571222708, -0.00388919012555582, -0.003740809740901204, -0.003595341235899433, -0.003929782214217584, -0.004056761803192549, -0.003918124061858381, -0.004047765580384991, -0.003658604174840987, -0.0038909173799484315, -0.004020535064913118, -0.004032689103898192, -0.003941621743420264, -0.0037334337973957453, -0.003786169416078003, -0.004233605888067343, -0.003970741186300747, -0.0038004202505736826, -0.0036736299139222177, -0.0037770099346802455, -0.003543595261226754, -0.0035889922801900526, -0.0037487757286654958]
target reward list:[-0.18231114799276374, -0.0536826563977815, 0.08068156604039026, 0.10550046852238175, 0.10777898354920348, 0.11512881342701352, 0.11364901729420075, 0.10770080896211837, 0.11175800246002357, 0.10935354633102723, 0.10693960476530569, 0.11869828802370899, 0.110997657008499, 0.11568982146557169, 0.10820619668232442, 0.11239557191268815, 0.11633269413024655, 0.1142379422909183, 0.1074487052688283, 0.11120285160705844, 0.11121979674516953, 0.11183917652371031, 0.10497617737631078, 0.10758762327043905, 0.11172139957130495, 0.11799224508568867, 0.11547778544770772, 0.1136422641864492, 0.11855843642324793, 0.11411599920725501, 0.11964159053114447, 0.10893230404528317, 0.11499245644615373, 0.10444872729300568, 0.10875175308967665, 0.11327049921279284, 0.1136926089531883, 0.11378035746194747, 0.1155562108126591, 0.11367298783521547]
safe reward list [0.0, 0.0, 0.0, 0.0, 0.0, 0.0, 0.0, 0.0, 0.0, 0.0, 0.0, 0.0, 0.0, 0.0, 0.0, 0.0, 0.0, 0.0, 0.0, 0.0, 0.0, 0.0, 0.0, 0.0, 0.0, 0.0, 0.0, 0.0, 0.0, 0.0, 0.0, 0.0, 0.0, 0.0, 0.0, 0.0, 0.0, 0.0, 0.0, 0.0]
speed list [7.133351597597041, 15.682844157075003, 15.731685470852256, 15.795464366076084, 15.562250147390301, 15.762198034667039, 15.921241814527969, 15.87327240873643, 15.893300130127615, 15.767586144967991, 16.060890658823414, 16.19426598948051, 15.487673853232952, 16.182901686980504, 15.641980674992844, 15.720176084103818, 15.88142802828759, 16.021838487620787, 15.54184765667198, 15.703400136015404, 15.91696934997762, 15.925012053876685, 15.873831068922732, 15.628818378758503, 15.920723799903786, 16.055235319497513, 15.914306108076222, 15.763421651330203, 16.16293642834375, 16.018096491671283, 15.866448627172351, 16.112099860511215, 15.683073273092516, 15.862298232345205, 16.00196926647321, 15.891512517616025, 16.14104543882946, 16.243852828172503, 16.203680964792152, 15.81019267706029]
ec list [82.74887486090239, 59.93505335414384, 59.46730205347756, 57.891482282748406, 58.28183078618547, 58.10209434270086, 58.38846065765811, 58.392723842546616, 58.13798728120764, 58.31718154019017, 58.576376964456976, 58.57704084027943, 58.016711770453554, 58.24034558641392, 58.05707878422907, 58.07279533080651, 58.210609973764285, 58.794794835040015, 58.22357185959678, 58.641928055506405, 58.54073413256797, 58.656952395663325, 58.53549862352992, 58.68928799994011, 58.44110838415616, 58.40689832326438, 57.96803490516981, 57.944341068121595, 57.955551208704776, 58.12949870969303, 57.8805009915488, 57.97244111088338, 58.037273953897966, 58.15094219638874, 57.9399883947338, 57.75378263387868, 57.73045070587994, 58.28355031763279, 58.0995581742585, 57.7760667533973]
jerk list [0.21118205227516249, 0.10836345042994486, 0.37590722390976167, 0.36326225798560274, 0.39742190182466347, 0.39170897839035795, 0.36125652380682494, 0.3669994138652036, 0.3717120972768331, 0.3384231073993428, 0.32234278323710447, 0.33002465359196737, 0.3720990260352253, 0.33131017595554163, 0.36154253050102675, 0.3609425018001489, 0.3589745778798506, 0.3722715633929867, 0.3720079271590626, 0.35664954670403526, 0.36929912544289556, 0.37342668349540037, 0.3666839158114753, 0.38505057026908246, 0.3645690749812395, 0.3388459516327627, 0.3406192790837554, 0.36921631177124664, 0.3407260163244564, 0.34736310770597223, 0.34936531216422156, 0.33399948643693494, 0.3585243880617055, 0.3496415609279946, 0.31892629634082487, 0.32688820500915855, 0.3279002821018145, 0.32668508450138006, 0.3196456933271725, 0.3275519505719301]