
Env:SUMO, Algorithm:MADDPG, Device:cuda:1
-----------------------------------------
{'algo': 'MADDPG', 'env': 'SUMO', 'seedVal': 20150427, 'gamma': 0.7, 'epsilon': 0.001, 'critic_lr': 0.005, 'actor_lr': 0.0001, 'memory_capacity': 1000000, 'batch_size': 512, 'train_eps': 40, 'eval_eps': 10, 'epsilon_start': 3, 'max_speed': 28, 'target_update': 4, 'hidden_dim': 256, 'soft_tau': 0.005, 'max_action': 2, 'device': device(type='cuda', index=1), 'simulation_steps': 3600, 'pathToSumoFiles': 'rou_net2_single', 'model_dest_path': 'models/', 'model_dest_path_leader': 'single_acce8_speed2_', 'model_dest_path_follow': '', 'logName': '_acce2_speed_8_gamma0.700000_tua0.005000.txt', 'procID': 1}
seed 20150427
当前的gamma是0.7, 当前的soft tau是0.005
-----------------------------------------
model saved successfully!
Complete training!
final reward list:[-0.1911967103405124, -0.08276341705354463, -0.07351075621813338, -0.0648242227067901, 0.013447384813172026, 0.09384365641285779, 0.11060268280520308, 0.1038356377872909, 0.10938222547281615, 0.10330877090626281, 0.10743051526011761, 0.11051177573352666, 0.10703654870728806, 0.11067577316461591, 0.10562070345508881, 0.10831484586354519, 0.10744938114610797, 0.11450504786405856, 0.10900712317420248, 0.1096658123608276, 0.10446044571923442, 0.1049062501900142, 0.10746340421191344, 0.10562380651106174, 0.1146530613490319, 0.10970239649360829, 0.10952049935999204, 0.10771909850620716, 0.11172924627164722, 0.10881445009316912, 0.1075548882345302, 0.11199607842127468, 0.10836723134195794, 0.109443174510287, 0.10211800388443125, 0.11234333724103866, 0.11099710787680908, 0.10962265857728903, 0.10496412712129873, 0.10800653532874148]
final halt list:[24.987855129039254, 1.5998445998445998, 1.248859248859249, 1.189477426235336, 0.59375, 0.05884615384615385, 0.0035169988276670576, 0.00124031007751938, 0.0, 0.0, 0.0, 0.0, 0.0, 0.0005865102639296188, 0.0, 0.016430171769977596, 0.0, 0.0, 0.0, 0.0, 0.0, 0.0, 0.0, 0.0, 0.0, 0.0, 0.0, 0.0017686593562079944, 0.0, 0.0, 0.0, 0.0, 0.0, 0.0, 0.0, 0.0, 0.0, 0.0, 0.0, 0.0]
speed reward list:[0.0, 0.0, 0.0, 0.0, 0.0, 0.0, 0.0, 0.0, 0.0, 0.0, 0.0, 0.0, 0.0, 0.0, 0.0, 0.0, 0.0, 0.0, 0.0, 0.0, 0.0, 0.0, 0.0, 0.0, 0.0, 0.0, 0.0, 0.0, 0.0, 0.0, 0.0, 0.0, 0.0, 0.0, 0.0, 0.0, 0.0, 0.0, 0.0, 0.0]
tls reward list:[-0.001629686460650234, -0.005991396915179082, -0.005790743774767555, -0.00565762749048806, -0.006181528425015442, -0.004678256572180729, -0.003974679295987885, -0.0042060990130474134, -0.004254744378124033, -0.0038595894505835133, -0.003866475683769111, -0.0038459310323898867, -0.004500528736951314, -0.0037778533584348624, -0.004321319798597236, -0.004029783514126971, -0.004299416435054679, -0.004203838663632626, -0.004102157963106467, -0.0038605812272559585, -0.003714228185112131, -0.004187676694952104, -0.0041139743302736915, -0.004111661050361603, -0.004214465537563923, -0.0039057976583099, -0.004099652449779652, -0.0042153557253848594, -0.004138658123189038, -0.003971650648065384, -0.0037193915116181127, -0.0039021338802532556, -0.004296438474559062, -0.003937251169431676, -0.003916413067085738, -0.003740364885588138, -0.0038180648639495585, -0.003616377935993968, -0.0037870757428828945, -0.00400986085980113]
target reward list:[-0.1895670238798621, -0.07677202013836555, -0.06772001244336583, -0.05916659521630203, 0.019628913238187478, 0.09852191298503851, 0.11457736210119097, 0.1080417368003383, 0.1136369698509402, 0.10716836035684632, 0.11129699094388674, 0.11435770676591654, 0.11153707744423938, 0.11445362652305079, 0.10994202325368607, 0.11234462937767216, 0.11174879758116267, 0.11870888652769118, 0.11310928113730896, 0.11352639358808357, 0.10817467390434655, 0.1090939268849663, 0.1115773785421871, 0.10973546756142334, 0.11886752688659581, 0.1136081941519182, 0.1136201518097717, 0.11193445423159203, 0.11586790439483627, 0.11278610074123452, 0.11127427974614834, 0.11589821230152791, 0.11266366981651699, 0.11338042567971866, 0.106034416951517, 0.1160837021266268, 0.11481517274075866, 0.113239036513283, 0.10875120286418165, 0.1120163961885426]
safe reward list [0.0, 0.0, 0.0, 0.0, 0.0, 0.0, 0.0, 0.0, 0.0, 0.0, 0.0, 0.0, 0.0, 0.0, 0.0, 0.0, 0.0, 0.0, 0.0, 0.0, 0.0, 0.0, 0.0, 0.0, 0.0, 0.0, 0.0, 0.0, 0.0, 0.0, 0.0, 0.0, 0.0, 0.0, 0.0, 0.0, 0.0, 0.0, 0.0, 0.0]
speed list [5.7424096553015325, 15.74031249647153, 16.037484179430518, 15.946707095124781, 15.20066035563601, 15.674365002390138, 16.030360419547755, 15.908221225880546, 15.977090615606636, 15.803207528091155, 16.109970277460697, 16.23087900566404, 15.498951129715454, 16.220514967954358, 15.731445761293708, 15.871809064847566, 15.968595276071891, 16.140885566677387, 15.72208069639441, 15.957741435162513, 16.01870060657097, 16.044772731549518, 16.037991668606114, 15.812003073272065, 16.0203176190592, 16.15687357700336, 16.073592940103563, 15.760878460647346, 16.18591218039469, 16.025344908359013, 15.872737102426115, 16.10294768721018, 15.676184510651261, 15.91161657313091, 16.056231514832145, 15.89334176769902, 16.149286688319076, 16.249707399074694, 16.251236008393974, 15.817500557510982]
ec list [111.82340354172538, 59.93413278457004, 59.563893907027605, 59.153123403417716, 59.69656296150735, 58.191106948720225, 58.17896111761386, 58.32173604630954, 58.12419803622969, 58.441325046448846, 58.69968711621448, 58.52704094089292, 58.16886264692027, 58.314049043198935, 58.02459390978412, 57.99550959097155, 58.04226872372849, 58.694989482107374, 57.97769594987356, 58.09223521036409, 58.29711184659375, 58.22466843051199, 58.14304423967958, 58.33553738436845, 58.136723830470046, 58.15179602124321, 57.70929254507136, 58.06854651203906, 57.82960545390826, 57.99620321572513, 57.79015869614017, 58.01131533546492, 58.09943751004101, 58.14564360165159, 58.08468224795575, 57.69021334332681, 57.88995555703172, 58.29988748916472, 58.17132130916415, 57.86896357571928]
jerk list [0.26832087631669566, 0.10242637691510728, 0.10124861507656063, 0.10179000101700632, 0.28121207454978825, 0.369064138030323, 0.3313343613514279, 0.3457437455762667, 0.3541978850662457, 0.3443930016018889, 0.31701200351336656, 0.319531473248598, 0.37634643396957196, 0.320466639393596, 0.35926285301009636, 0.3482351921440517, 0.330281360202078, 0.3455823281689393, 0.35817464941855853, 0.3284222429120891, 0.3256476817831025, 0.3424607229864428, 0.3360261124633407, 0.35252836458560866, 0.33519755403265383, 0.32240379043527306, 0.3214671079825584, 0.36011366868296446, 0.32293002429022444, 0.32446738884510795, 0.3394010715434411, 0.33097646663605135, 0.3535424387999713, 0.3407767772568395, 0.31982967548037916, 0.333400146687995, 0.3237840025938246, 0.3324050974506511, 0.32029649498231044, 0.339527368355437]