
Env:SUMO, Algorithm:MADDPG, Device:cuda:0
-----------------------------------------
{'algo': 'MADDPG', 'env': 'SUMO', 'seedVal': 20150427, 'gamma': 0.99, 'epsilon': 0.001, 'critic_lr': 0.005, 'actor_lr': 0.0001, 'memory_capacity': 1000000, 'batch_size': 512, 'train_eps': 40, 'eval_eps': 10, 'epsilon_start': 3, 'max_speed': 28, 'target_update': 4, 'hidden_dim': 256, 'soft_tau': 0.05, 'max_action': 2, 'device': device(type='cuda', index=0), 'simulation_steps': 3600, 'pathToSumoFiles': 'rou_net2_single', 'model_dest_path': 'models/', 'model_dest_path_leader': 'single_acce8_speed2_', 'model_dest_path_follow': '', 'logName': '_acce2_speed_8_gamma0.990000_tua0.050000.txt', 'procID': 18}
seed 20150427
当前的gamma是0.99, 当前的soft tau是0.05
-----------------------------------------
model saved successfully!
Complete training!
final reward list:[-0.12376969155625459, -0.021423460597257634, 0.02797931395841412, 0.043369628212609604, 0.059740750196052114, 0.08215101324393939, 0.09133175152229882, 0.09412709373728069, 0.10378060806910124, 0.10782060195945453, 0.10511222348252976, 0.11553100802715924, 0.10752800691794204, 0.11159268475512349, 0.10549295985327424, 0.10946336730918974, 0.11214309765002244, 0.11591609945129752, 0.10393014440637596, 0.10671928661902243, 0.09857509580372742, 0.10825257856697673, 0.1047129902960071, 0.11129838904645123, 0.11281621276394664, 0.11348930746354388, 0.11200317690081492, 0.10281701537297579, 0.11501663553392918, 0.11175141885124881, 0.11241964218519672, 0.11615290118283836, 0.10796751080725903, 0.10693535955466552, 0.10532326255649899, 0.11202172413061173, 0.11370303125438762, 0.10703930225382928, 0.1158834068946192, 0.11279495993979052]
final halt list:[4.554662940971009, 1.3700270374662031, 0.34854334854334856, 0.2925702097404906, 0.15475313190862197, 0.03440453686200378, 0.05218068535825545, 0.0018552875695732839, 0.0, 0.0, 0.0, 0.0, 0.0, 0.0, 0.0, 0.01941022769690183, 0.0, 0.0, 0.0, 0.0, 0.0, 0.0, 0.01578308377175233, 0.0, 0.0, 0.0, 0.0, 0.004243281471004243, 0.0, 0.0, 0.0, 0.0, 0.0, 0.0045154567558179926, 0.0, 0.0, 0.0, 0.0003827018752391887, 0.002776675922253074, 0.0018102824040550326]
speed reward list:[0.0, 0.0, 0.0, 0.0, 0.0, 0.0, 0.0, 0.0, 0.0, 0.0, 0.0, 0.0, 0.0, 0.0, 0.0, 0.0, 0.0, 0.0, 0.0, 0.0, 0.0, 0.0, 0.0, 0.0, 0.0, 0.0, 0.0, 0.0, 0.0, 0.0, 0.0, 0.0, 0.0, 0.0, 0.0, 0.0, 0.0, 0.0, 0.0, 0.0]
tls reward list:[-0.0044242584363611195, -0.007003147083201566, -0.0056849498728299705, -0.006060915714575831, -0.005996778532254979, -0.005052300140474858, -0.005285883287605975, -0.004936849975311506, -0.0042696735808674295, -0.0036630654872003374, -0.0037638640562431508, -0.003497779747227247, -0.004142668675939963, -0.0035203794647685844, -0.003786915690435322, -0.0038243158680059176, -0.003966075648985139, -0.003993299001137765, -0.003948283639778198, -0.0037855353765694506, -0.0036247710137756123, -0.004003391820845067, -0.0041294008364949255, -0.004021553269924617, -0.003874183974984833, -0.003795426960199268, -0.003968738724512622, -0.004143356390262232, -0.00406159897516478, -0.004118526882941658, -0.0038562719526736653, -0.003911334211410831, -0.00442120183809769, -0.0039673108293496245, -0.003843097750092549, -0.003539192659229196, -0.0035951078256092174, -0.003440900369060505, -0.003633977306465679, -0.0036722978817537175]
target reward list:[-0.11934543311989346, -0.014420313514056066, 0.033664263831244094, 0.04943054392718543, 0.06573752872830708, 0.08720331338441425, 0.09661763480990479, 0.09906394371259221, 0.10805028164996867, 0.11148366744665489, 0.10887608753877291, 0.11902878777438647, 0.11167067559388201, 0.11511306421989209, 0.10927987554370953, 0.11328768317719566, 0.11610917329900758, 0.1199093984524353, 0.10787842804615418, 0.11050482199559188, 0.10219986681750304, 0.1122559703878218, 0.10884239113250203, 0.11531994231637585, 0.11669039673893147, 0.11728473442374315, 0.11597191562532752, 0.10696037176323801, 0.11907823450909394, 0.11586994573419049, 0.11627591413787038, 0.12006423539424921, 0.1123887126453567, 0.11090267038401515, 0.10916636030659155, 0.11556091678984091, 0.11729813907999682, 0.11048020262288978, 0.11951738420108488, 0.11646725782154423]
safe reward list [0.0, 0.0, 0.0, 0.0, 0.0, 0.0, 0.0, 0.0, 0.0, 0.0, 0.0, 0.0, 0.0, 0.0, 0.0, 0.0, 0.0, 0.0, 0.0, 0.0, 0.0, 0.0, 0.0, 0.0, 0.0, 0.0, 0.0, 0.0, 0.0, 0.0, 0.0, 0.0, 0.0, 0.0, 0.0, 0.0, 0.0, 0.0, 0.0, 0.0]
speed list [12.201639161000672, 15.413056593307752, 15.536971692304709, 15.312114012338185, 15.372500973297592, 15.38298564692245, 15.04140193089569, 15.441534596694067, 15.830839936214264, 15.710448130735568, 15.984654174727066, 16.12282518797472, 15.479125907990559, 16.168686915268466, 15.452984439349523, 15.74779172790772, 15.8596260856739, 16.062529756617018, 15.65903565673169, 15.920657771812706, 15.98804713453063, 16.016404706259785, 15.979742934140438, 15.78521484307188, 15.971542815508595, 16.110363279748483, 16.040153572905535, 15.794011337497569, 16.171111059319742, 16.008704038152512, 15.869113175221294, 16.100378912156085, 15.669007489649191, 15.801600262158136, 15.98101053954159, 15.833588836559386, 16.087193717166922, 16.240442423492546, 16.1831733100176, 15.783688753267871]
ec list [63.0040123472685, 59.753255745303676, 58.73073038942828, 58.51555152580309, 58.91781530597264, 58.67624277153072, 59.63850019841394, 59.43882042201109, 58.44942575440488, 58.48811452712423, 58.75507648821491, 58.56281462634433, 58.07918928515444, 58.16893018889402, 58.02876535733865, 57.95146072379611, 58.147446496603315, 58.71709516088464, 58.00512081862636, 58.21377173741007, 58.382295986995075, 58.32409366455886, 58.24923778570983, 58.326235283641054, 58.31533362234841, 58.17177718719051, 57.823651189802526, 58.07770273878597, 58.0213114092751, 58.25093639411807, 57.89789348851075, 58.14489993033982, 58.16361691694026, 58.30950168551845, 58.15649726641076, 57.95411787896449, 57.9058996213836, 58.287748441274566, 58.27809454018523, 57.88199472474565]
jerk list [0.18101799768413096, 0.16577812074106224, 0.28713540146723554, 0.34930325700515463, 0.39029283175919954, 0.4250211279741917, 0.5280025042816763, 0.5070642266339688, 0.42013274647555354, 0.37757150091222086, 0.3541003617919767, 0.34180656875580906, 0.39084057337021155, 0.32992706081874323, 0.3634435124147488, 0.35837503073001203, 0.3731794055693601, 0.3688256522564622, 0.38399219855936567, 0.3406060475542311, 0.34359324527186447, 0.3662923955511229, 0.3594308460819217, 0.3860544825888841, 0.3554508855060376, 0.3423009822781074, 0.34338732993126425, 0.3525162379563025, 0.34589196296862024, 0.347335252604025, 0.36109918425707416, 0.3508489138870129, 0.3719241502393647, 0.3681275367669811, 0.3507290067382959, 0.35274250311070765, 0.3399967266567746, 0.3298711090602323, 0.3485584973445492, 0.35011086441754996]