
Env:SUMO, Algorithm:MADDPG, Device:cuda:0
-----------------------------------------
{'algo': 'MADDPG', 'env': 'SUMO', 'seedVal': 20150427, 'gamma': 0.999, 'epsilon': 0.001, 'critic_lr': 0.005, 'actor_lr': 0.0001, 'memory_capacity': 1000000, 'batch_size': 512, 'train_eps': 40, 'eval_eps': 10, 'epsilon_start': 3, 'max_speed': 28, 'target_update': 4, 'hidden_dim': 256, 'soft_tau': 0.001, 'max_action': 2, 'device': device(type='cuda', index=0), 'simulation_steps': 3600, 'pathToSumoFiles': 'rou_net2_single', 'model_dest_path': 'models/', 'model_dest_path_leader': 'single_acce8_speed2_', 'model_dest_path_follow': '', 'logName': '_acce2_speed_8_gamma0.999000_tua0.001000.txt', 'procID': 20}
seed 20150427
当前的gamma是0.999, 当前的soft tau是0.001
-----------------------------------------
model saved successfully!
Complete training!
final reward list:[-0.19084790430285528, -0.09937341760947548, -0.035557324406258736, 0.02648267640480106, 0.06407657972102065, 0.09059717630657847, 0.10278816914365779, 0.0957310941574203, 0.09902027549764873, 0.08739723009862772, 0.09385094993665902, 0.09211338225275734, 0.08561978910166759, 0.09230776893924722, 0.095463275675089, 0.09074866155882319, 0.08992845439771846, 0.09432582627560035, 0.09240482700542252, 0.09364795282691624, 0.09437005576721028, 0.09552531663494859, 0.09833107363449438, 0.10047187193330885, 0.10802716003593602, 0.10780017926121027, 0.10286961133998522, 0.10711757395793964, 0.11125869130896258, 0.10751937124715813, 0.10740185247796867, 0.10738890118862883, 0.10837617386953702, 0.10480484222429043, 0.10794412517744917, 0.10950433118643345, 0.10900972117210016, 0.10932088656688367, 0.1023942398255458, 0.10272804694861211]
final halt list:[13.906982482112015, 1.7836166924265842, 1.1071428571428572, 0.2930545712260808, 0.15557190143435087, 0.07036328871892926, 0.00078003120124805, 0.0012391573729863693, 0.0003527336860670194, 0.04135451003895715, 0.02981366459627329, 0.07600465928945836, 0.22798507462686568, 0.014306569343065694, 0.01735985533453888, 0.015590200445434299, 0.017010495837857402, 0.0007587253414264037, 0.0020249746878164025, 0.0017441860465116279, 0.0, 0.0015020653398422831, 0.011684125705076551, 0.0003551136363636364, 0.0007412898443291327, 0.0, 0.04246966452533904, 0.0007057163020465773, 0.0018096272167933405, 0.002260738507912585, 0.0026921926413401138, 0.0, 0.0012285012285012285, 0.002763385146804836, 0.0, 0.001332001332001332, 0.004574243490499648, 0.002618780396558174, 0.013192612137203167, 0.004346251358203549]
speed reward list:[0.0, 0.0, 0.0, 0.0, 0.0, 0.0, 0.0, 0.0, 0.0, 0.0, 0.0, 0.0, 0.0, 0.0, 0.0, 0.0, 0.0, 0.0, 0.0, 0.0, 0.0, 0.0, 0.0, 0.0, 0.0, 0.0, 0.0, 0.0, 0.0, 0.0, 0.0, 0.0, 0.0, 0.0, 0.0, 0.0, 0.0, 0.0, 0.0, 0.0]
tls reward list:[-0.002062216391081075, -0.00564218758153783, -0.005269035658463277, -0.004733056373524694, -0.005319531781693276, -0.005200364330780143, -0.004676833537545144, -0.004631176043340137, -0.004552207361450851, -0.0038947787335283555, -0.004237740205341565, -0.004195811724057166, -0.004471713917248731, -0.004173929022082259, -0.004153220930680486, -0.004002487894291215, -0.0044214380472559316, -0.004266264900366847, -0.004331180687725764, -0.0041134908002306405, -0.004140801852487458, -0.00419055565551668, -0.004341531871217048, -0.003928396596885316, -0.003823648053738478, -0.0033281037710108587, -0.00375737967987735, -0.00349008386813969, -0.0037495308953578777, -0.0037558637956014783, -0.0034928302510531264, -0.003488102166886774, -0.0037795730940450947, -0.0037444244256119702, -0.003771713894735476, -0.0036763484790845375, -0.0038074585145351607, -0.003301367053876497, -0.0034027180826663095, -0.003819253624869627]
target reward list:[-0.18878568791177425, -0.09373123002793766, -0.030288288747795464, 0.031215732778325758, 0.06939611150271394, 0.09579754063735861, 0.10746500268120293, 0.10036227020076044, 0.10357248285909959, 0.09129200883215609, 0.09808869014200057, 0.0963091939768145, 0.0900915030189163, 0.09648169796132948, 0.09961649660576949, 0.0947511494531144, 0.09434989244497438, 0.09859209117596722, 0.0967360076931483, 0.09776144362714688, 0.09851085761969773, 0.09971587229046527, 0.10267260550571143, 0.10440026853019417, 0.11185080808967451, 0.11112828303222114, 0.10662699101986257, 0.11060765782607931, 0.11500822220432046, 0.11127523504275962, 0.1108946827290218, 0.11087700335551562, 0.1121557469635821, 0.1085492666499024, 0.11171583907218466, 0.113180679665518, 0.11281717968663532, 0.11262225362076018, 0.10579695790821211, 0.10654730057348175]
safe reward list [0.0, 0.0, 0.0, 0.0, 0.0, 0.0, 0.0, 0.0, 0.0, 0.0, 0.0, 0.0, 0.0, 0.0, 0.0, 0.0, 0.0, 0.0, 0.0, 0.0, 0.0, 0.0, 0.0, 0.0, 0.0, 0.0, 0.0, 0.0, 0.0, 0.0, 0.0, 0.0, 0.0, 0.0, 0.0, 0.0, 0.0, 0.0, 0.0, 0.0]
speed list [6.510506905736206, 15.274501569108622, 15.855359339351763, 15.563852018748706, 15.265868561544995, 15.305934021197082, 15.81287487991218, 15.775964315488084, 15.580479554825173, 14.952897656541221, 15.135448829788988, 15.088657557947862, 14.276308269311988, 15.092699282955214, 14.887149696766489, 14.988491117676688, 15.113481363710784, 15.52410358434125, 15.279864173332978, 15.567049890175271, 15.566666143512032, 15.634005566297523, 15.720954238252366, 15.598007026867327, 15.728998647186055, 15.661756541182177, 15.398025672390316, 15.110223230501251, 15.3347512905434, 15.215302443002942, 14.843264325189581, 14.939371401978587, 14.614875700529973, 14.710939285592831, 14.968148267844427, 15.13156539520755, 14.987267130038338, 15.379184448213273, 14.973891834483183, 14.654529344151381]
ec list [85.96689427440225, 60.05331939564763, 59.56454198628121, 58.138241052536046, 59.110697779224736, 58.999450154700355, 58.88231666639315, 58.82639755947392, 59.02065686708096, 59.53225525203692, 59.681333045447765, 59.66050364850684, 59.28621222465488, 59.400270154069986, 58.573477268898266, 58.62987602145, 58.741907229974416, 59.11049521078647, 58.419232280821056, 58.451410016694325, 58.80534298099019, 58.60471797350434, 58.76024917946932, 58.43941671064751, 58.44347034432075, 58.417549088593596, 58.50575160071131, 58.4393563704034, 58.769681177556976, 58.791452571334986, 58.88544190508283, 59.1511239306343, 58.796994404594436, 58.68930767412744, 58.50729520525199, 57.9059513932339, 57.85043343871761, 58.377231063478625, 58.08685547123262, 57.51242209106419]
jerk list [0.27902606771047456, 0.12567873977318691, 0.1392670836178133, 0.27369581505847207, 0.3647454026974048, 0.3903725480870049, 0.3862745671173411, 0.3849212135121739, 0.37879121651518416, 0.3714466866481335, 0.37045649695848437, 0.3820418917086098, 0.4307569847075873, 0.38501792537805, 0.40917397665952, 0.4123571660362279, 0.43641167320715135, 0.41534398437646775, 0.42804798325294596, 0.3816643845352681, 0.37820574921746275, 0.3686228674387382, 0.39440692949875195, 0.4030261837575797, 0.39798347066228923, 0.37102237507539265, 0.3877555426027644, 0.3826953118323797, 0.38333969430252973, 0.3861553332091772, 0.3930336084992126, 0.3964636886766879, 0.40771291349816396, 0.42293569816895255, 0.41099711517577314, 0.42587634248341016, 0.42732996245943944, 0.4231638937824959, 0.4332471967630061, 0.3968578967196342]