
Env:SUMO, Algorithm:MADDPG, Device:cuda:1
-----------------------------------------
{'algo': 'MADDPG', 'env': 'SUMO', 'seedVal': 20150427, 'gamma': 0.999, 'epsilon': 0.001, 'critic_lr': 0.005, 'actor_lr': 0.0001, 'memory_capacity': 1000000, 'batch_size': 512, 'train_eps': 40, 'eval_eps': 10, 'epsilon_start': 3, 'max_speed': 28, 'target_update': 4, 'hidden_dim': 256, 'soft_tau': 0.05, 'max_action': 2, 'device': device(type='cuda', index=1), 'simulation_steps': 3600, 'pathToSumoFiles': 'rou_net2_single', 'model_dest_path': 'models/', 'model_dest_path_leader': 'single_acce8_speed2_', 'model_dest_path_follow': '', 'logName': '_acce2_speed_8_gamma0.999000_tua0.050000.txt', 'procID': 23}
seed 20150427
当前的gamma是0.999, 当前的soft tau是0.05
-----------------------------------------
model saved successfully!
Complete training!
final reward list:[-0.1841238353457372, -0.10008009728459585, -0.12897554306236997, -0.18528976261969346, 0.004153992269175288, 0.030609836783176525, 0.022537317169091617, -0.031039342694087164, -0.011113156106334798, 0.028013244469311607, 0.04653652328042133, -0.10721920429538916, -0.18818178744067451, -0.19446740522857667, -0.19454778685473395, -0.19825424322388943, -0.19448057356983395, -0.19039187850394707, -0.19592153334750412, -0.19490125553167398, -0.15223907061533246, -0.17330623000872158, -0.1946357259390728, -0.198060798167528, -0.1967038037116549, -0.19054710158311866, -0.19056723436236098, -0.1982745676495635, -0.18925792549625264, -0.19120025663722495, -0.07905739893702507, -0.1429108504487097, -0.18560589505180058, -0.1943728284680743, -0.19348414539936382, -0.19038315545568824, -0.19246574453836057, -0.17735849336399523, -0.1897376662584114, -0.18843742320742962]
final halt list:[8.66057358966278, 2.161383285302594, 20.6, 87.92540661805945, 0.41545718432510886, 0.2915228231683928, 0.21514563106796117, 0.7327245053272451, 0.965027700831025, 0.7699939867708959, 0.0671850699844479, 6.666206352337739, 101.78997712622167, 103.32153179190752, 26.29653821032005, 133.60588235294117, 130.4779732371072, 7.831575775836095, 3.5167710508002785, 71.19213466840807, 39.247612985359645, 47.430408472012104, 48.50313676286073, 39.37526205450734, 116.22305869231842, 32.54133591481123, 35.91777373793875, 5.3430101465614435, 39.008361774744024, 17.3301926592603, 1.445619335347432, 10.545632973503436, 31.325227963525837, 96.03348276828243, 73.95993179880648, 74.331246646396, 153.29874476987447, 61.83158201984822, 22.137936384794415, 153.62628285356695]
speed reward list:[0.0, 0.0, 0.0, 0.0, 0.0, 0.0, 0.0, 0.0, 0.0, 0.0, 0.0, 0.0, 0.0, 0.0, 0.0, 0.0, 0.0, 0.0, 0.0, 0.0, 0.0, 0.0, 0.0, 0.0, 0.0, 0.0, 0.0, 0.0, 0.0, 0.0, 0.0, 0.0, 0.0, 0.0, 0.0, 0.0, 0.0, 0.0, 0.0, 0.0]
tls reward list:[-0.001640816339046296, -0.00540761239440989, -0.004205427220750657, -0.0021542867927483223, -0.007320995192422087, -0.006974234140558155, -0.007003347572200987, -0.008492903932194732, -0.00571967502384218, -0.004682106752778663, -0.004462206922801069, -0.002727376367489795, -0.0014038444907566623, -0.000962073032595429, -0.0017901829609914832, -0.0007453830159487731, -0.0011436014500965448, -0.0017100258861592124, -0.0006360332559278859, -0.0010731864390734456, -0.0030244113336651093, -0.0025566927550105577, -0.0012454871654552415, -0.000589338471410595, -0.000755160718406689, -0.0016454861593995875, -0.0018143763435317197, -0.000903256274381948, -0.0015843780137247284, -0.0017091617786906517, -0.006198168847344105, -0.005053260210139956, -0.0027798589790795384, -0.0012054926846128697, -0.0009378012678368551, -0.0014243776769699277, -0.0008476337939964123, -0.0013124862159806575, -0.001238720164476302, -0.0013951993886158903]
target reward list:[-0.1824830190066909, -0.09467248489018597, -0.12477011584161932, -0.1831354758269451, 0.011474987461597374, 0.03758407092373468, 0.0295406647412926, -0.02254643876189243, -0.0053934810824926155, 0.03269535122209027, 0.0509987302032224, -0.10449182792789935, -0.1867779429499178, -0.19350533219598123, -0.19275760389374244, -0.19750886020794065, -0.1933369721197374, -0.18868185261778783, -0.19528550009157622, -0.19382806909260053, -0.1492146592816673, -0.170749537253711, -0.19339023877361752, -0.19747145969611743, -0.19594864299324818, -0.18890161542371908, -0.18875285801882924, -0.19737131137518155, -0.18767354748252787, -0.18949109485853433, -0.07285923008968097, -0.13785759023856975, -0.18282603607272097, -0.19316733578346137, -0.19254634413152694, -0.1889587777787183, -0.1916181107443642, -0.17604600714801452, -0.18849894609393514, -0.18704222381881375]
safe reward list [0.0, 0.0, 0.0, 0.0, 0.0, 0.0, 0.0, 0.0, 0.0, 0.0, 0.0, 0.0, 0.0, 0.0, 0.0, 0.0, 0.0, 0.0, 0.0, 0.0, 0.0, 0.0, 0.0, 0.0, 0.0, 0.0, 0.0, 0.0, 0.0, 0.0, 0.0, 0.0, 0.0, 0.0, 0.0, 0.0, 0.0, 0.0, 0.0, 0.0]
speed list [9.7176428969726, 15.32539909828513, 6.44624884382292, 1.6436491278618313, 14.639393505845952, 15.604125003187407, 15.663314245119635, 14.623888743202114, 12.573904265019868, 13.941928131690279, 14.254718716302419, 8.61310512959133, 1.3046194059548726, 0.9014124827105057, 2.9829425002339773, 0.5429920919598877, 0.668486066395766, 8.703817352598287, 4.500284566231626, 1.4994076392915092, 6.356571140208913, 3.830132426409916, 2.4740839216427584, 1.180342752214514, 0.6818975192680556, 2.5630572694099474, 2.207529215766797, 3.752570743512183, 3.393687018386837, 3.2816037547113033, 15.117307578585054, 8.862896574557464, 3.8692317224134856, 0.9662177467580356, 1.070009908619438, 2.1767938600814776, 0.5742753688909519, 1.8002853971485937, 2.7881734734202626, 0.8549190886767417]
ec list [64.19788311285494, 60.50267348808629, 74.20040202850822, 154.87501136576674, 60.06155705657448, 59.95704147827967, 60.33522715946208, 61.19435869977985, 61.890399684487114, 61.015389389577706, 59.73953597428627, 75.76995016993943, 192.29340980070668, 241.79903444217962, 97.99397805417777, 348.93103130146517, 322.5713393021489, 67.070611236217, 50.04852096923503, 213.424497310126, 123.05117595418683, 132.01001565522176, 117.93022223963577, 100.00505894998884, 352.48126503667106, 113.27314561319552, 127.09725266338113, 69.31782949126118, 129.55334682059103, 88.63283269709993, 61.361970377598645, 74.60385990412702, 138.23240955913997, 281.73698126347966, 218.85292708478343, 173.7869716016391, 405.66906189842166, 153.27189445003572, 128.62142579726637, 236.1276976683405]
jerk list [0.13020685826748107, 0.10259364656265992, 0.3548744004544551, 0.11988887260803442, 0.40105725886880417, 0.33844740181890604, 0.30237663121045844, 0.3557359742249056, 0.4334584243545409, 0.4051639201242381, 0.40844703512186004, 0.36392217403903593, 0.08067094245899324, 0.062389074431336136, 0.09111849054633354, 0.05874994756620314, 0.028390290941407798, 0.15866104883702273, 0.026006232944217205, 0.05172857875270273, 0.2265794330534603, 0.13527814270673935, 0.09333359664143069, 0.017909660512639005, 0.058024953941631645, 0.11040786191751746, 0.11225567563250455, 0.07239285672638596, 0.1515715322272978, 0.17444730194821792, 0.13942460408334814, 0.23420435733101175, 0.44016320814153287, 0.15048301451803078, 0.06950814572760593, 0.07565483974882994, 0.11787339128067396, 0.11111914773774922, 0.2255776375142074, 0.09202704977592703]