
Env:SUMO, Algorithm:MADDPG, Device:cuda:0
-----------------------------------------
{'algo': 'MADDPG', 'env': 'SUMO', 'seedVal': 20150427, 'gamma': 0.9, 'epsilon': 0.001, 'critic_lr': 0.005, 'actor_lr': 0.0001, 'memory_capacity': 1000000, 'batch_size': 512, 'train_eps': 40, 'eval_eps': 10, 'epsilon_start': 3, 'max_speed': 28, 'target_update': 4, 'hidden_dim': 256, 'soft_tau': 0.1, 'max_action': 2, 'device': device(type='cuda', index=0), 'simulation_steps': 3600, 'pathToSumoFiles': 'rou_net2_single', 'model_dest_path': 'models/', 'model_dest_path_leader': 'single_acce8_speed2_', 'model_dest_path_follow': '', 'logName': '_acce2_speed_8_gamma0.900000_tua0.100000.txt', 'procID': 14}
seed 20150427
当前的gamma是0.9, 当前的soft tau是0.1
-----------------------------------------
model saved successfully!
Complete training!
final reward list:[-0.12349654178869289, -0.07691501567507138, 0.020271528352311375, 0.10007404992929199, 0.10740182483382783, 0.10969065472279048, 0.11187740493758885, 0.10174071247224747, 0.10988614085456876, 0.10294579176112018, 0.1076355490148958, 0.11528270315436343, 0.10757681782461699, 0.10867168538352208, 0.10886834497417465, 0.10642564758018892, 0.11103959336251051, 0.11079805188736574, 0.10790036117714988, 0.10463938133367309, 0.10296266257949073, 0.10463097655266711, 0.10688552677669577, 0.10577007193879177, 0.10751286904904457, 0.11340205372274484, 0.10652271520934814, 0.10017866501902345, 0.11517583495629757, 0.11025933461149595, 0.11079937494652829, 0.10576552052791079, 0.10720312403972511, 0.10534108545162991, 0.10826706597519187, 0.11303378643840084, 0.11548955950244391, 0.10722956536827633, 0.11318642878408693, 0.10685024427846179]
final halt list:[5.09570380719525, 1.6244660194174758, 0.6930379746835443, 0.015658362989323844, 0.010328292143120619, 0.018056089127929314, 0.006622516556291391, 0.0, 0.016242937853107344, 0.00030084235860409147, 0.0, 0.0, 0.0, 0.0, 0.0, 0.004106009705113848, 0.0, 0.0, 0.0, 0.0, 0.0, 0.0, 0.01377075739165654, 0.0, 0.0, 0.0, 0.0, 0.0, 0.0, 0.0, 0.0, 0.0, 0.01934156378600823, 0.0013893713094824591, 0.0, 0.0, 0.0, 0.0, 0.0007920792079207921, 0.0]
speed reward list:[0.0, 0.0, 0.0, 0.0, 0.0, 0.0, 0.0, 0.0, 0.0, 0.0, 0.0, 0.0, 0.0, 0.0, 0.0, 0.0, 0.0, 0.0, 0.0, 0.0, 0.0, 0.0, 0.0, 0.0, 0.0, 0.0, 0.0, 0.0, 0.0, 0.0, 0.0, 0.0, 0.0, 0.0, 0.0, 0.0, 0.0, 0.0, 0.0, 0.0]
tls reward list:[-0.003989799772500503, -0.006025102314359595, -0.0058631429598266895, -0.004621855905026595, -0.004788542140198086, -0.004433897665680357, -0.004073848458925369, -0.004258363808718035, -0.004192295132283516, -0.0037705992193411983, -0.0039008569961043746, -0.0039109616616928, -0.004303247461179292, -0.003841513593960073, -0.004078947211120489, -0.004088990624787695, -0.004272468014013077, -0.004020459252315875, -0.004156476055560581, -0.003945167076738127, -0.0038061109899270966, -0.004146357773308428, -0.004027474548506328, -0.003982491269734432, -0.004107152169286828, -0.0038296166158801512, -0.004064855089582234, -0.004241889433176639, -0.0038726907036474457, -0.003742950910941594, -0.00360141782312589, -0.003775948367846089, -0.0041054014933516025, -0.003723488252681235, -0.0038603308628224137, -0.003573175936223472, -0.003668250300997246, -0.003655027520220022, -0.003630132023316283, -0.004018816202675918]
target reward list:[-0.1195067420161924, -0.07088991336071176, 0.02613467131213807, 0.10469590583431856, 0.11219036697402592, 0.11412455238847086, 0.11595125339651424, 0.10599907628096551, 0.11407843598685226, 0.10671639098046139, 0.11153640601100019, 0.11919366481605621, 0.11188006528579629, 0.11251319897748216, 0.11294729218529513, 0.11051463820497662, 0.11531206137652357, 0.11481851113968161, 0.11205683723271045, 0.10858454841041122, 0.10676877356941784, 0.10877733432597554, 0.11091300132520207, 0.10975256320852621, 0.11162002121833141, 0.117231670338625, 0.11058757029893038, 0.1044205544522001, 0.11904852565994502, 0.11400228552243755, 0.11440079276965419, 0.10954146889575689, 0.1113085255330767, 0.10906457370431115, 0.11212739683801429, 0.11660696237462433, 0.11915780980344114, 0.11088459288849635, 0.1168165608074032, 0.1108690604811377]
safe reward list [0.0, 0.0, 0.0, 0.0, 0.0, 0.0, 0.0, 0.0, 0.0, 0.0, 0.0, 0.0, 0.0, 0.0, 0.0, 0.0, 0.0, 0.0, 0.0, 0.0, 0.0, 0.0, 0.0, 0.0, 0.0, 0.0, 0.0, 0.0, 0.0, 0.0, 0.0, 0.0, 0.0, 0.0, 0.0, 0.0, 0.0, 0.0, 0.0, 0.0]
speed list [12.646086840169275, 15.72252243483775, 15.53717122809765, 15.785316517771966, 15.53711821533525, 15.783839882092463, 15.96596892409261, 15.888344940913548, 15.877532184629835, 15.751863295729922, 16.05425983193006, 16.196510780945733, 15.499306916781519, 16.202441602677915, 15.717111735782993, 15.820698336427837, 15.94909523461048, 16.12836835772349, 15.711153866411939, 15.934587621133891, 15.985172727557863, 16.014338702709395, 15.919467597679896, 15.706766703671134, 15.939371231121621, 16.12044079229917, 15.987041973640308, 15.747546838996396, 16.09916338016998, 15.917968511200167, 15.8240303006684, 16.053664459055696, 15.582584066318878, 15.75843178133694, 15.993108346187512, 15.854427456129072, 16.108128987605433, 16.230412488031842, 16.19997834435516, 15.78799579875573]
ec list [61.55452865174108, 59.979445019828894, 59.34746068818247, 57.988741275851524, 58.433492316580924, 58.23094386277887, 58.358811239200406, 58.549237710037744, 58.28697776129756, 58.49864042804379, 58.826886378155876, 58.784858886406, 58.08055668556746, 58.42981961561309, 57.92973521972456, 58.12225151721429, 58.11070116109344, 58.60141479159254, 57.97140434826894, 58.24501368151061, 58.428529160671296, 58.43350042547134, 58.37836486430444, 58.40659139067967, 58.41343610700289, 58.247395631447546, 58.011728216658526, 58.16211501010864, 58.060091621465034, 58.204419654303, 57.90415600823431, 58.105644901476445, 58.22128450711937, 58.27633862366601, 58.22333054329053, 57.84579968357386, 57.89438008355168, 58.384843468798174, 58.250417618320355, 57.988027983033604]
jerk list [0.1136033161740009, 0.10315996412883202, 0.25494777136588875, 0.3780044964226995, 0.42321961704812305, 0.3846816988748846, 0.36954903394844524, 0.38147526194273895, 0.3771840987610992, 0.3604750633048324, 0.3570791034015376, 0.3506064811464401, 0.38705049639624967, 0.3375893111138198, 0.3657176167271177, 0.35924471370900163, 0.3553730362628474, 0.35541241560546505, 0.3749003468269378, 0.3534355263386806, 0.35289436168877303, 0.36773377010619207, 0.360378359551583, 0.3655601014755126, 0.3481518600988608, 0.34804529293964753, 0.3523699088817223, 0.3744727009017531, 0.3440820067807674, 0.33681226676901105, 0.3498828195598854, 0.35062799647300735, 0.3589316631849516, 0.3533085286993852, 0.3377540535378046, 0.34426697523950955, 0.34680857395195214, 0.3515384642541994, 0.34377224039869697, 0.3637443500426631]