
Env:SUMO, Algorithm:MADDPG, Device:cuda:0
-----------------------------------------
{'algo': 'MADDPG', 'env': 'SUMO', 'seedVal': 20150427, 'gamma': 0.8, 'epsilon': 0.001, 'critic_lr': 0.005, 'actor_lr': 0.0001, 'memory_capacity': 1000000, 'batch_size': 512, 'train_eps': 40, 'eval_eps': 10, 'epsilon_start': 3, 'max_speed': 28, 'target_update': 4, 'hidden_dim': 256, 'soft_tau': 0.005, 'max_action': 2, 'device': device(type='cuda', index=0), 'simulation_steps': 3600, 'pathToSumoFiles': 'rou_net2_single', 'model_dest_path': 'models/', 'model_dest_path_leader': 'single_acce8_speed2_', 'model_dest_path_follow': '', 'logName': '_acce2_speed_8_gamma0.800000_tua0.005000.txt', 'procID': 6}
seed 20150427
当前的gamma是0.8, 当前的soft tau是0.005
-----------------------------------------
model saved successfully!
Complete training!
final reward list:[-0.18633142025813654, -0.07948444600963786, 0.017850943791311066, 0.08841428734027523, 0.10349141824752782, 0.11185224387014557, 0.1142899449543798, 0.10381283492370154, 0.11297323784231673, 0.10645059216025272, 0.11084554945927591, 0.11521383689699828, 0.11127568937291438, 0.1116418406255288, 0.10839450391584145, 0.10900310445520615, 0.11023623373854469, 0.11581415018288, 0.10491487746757225, 0.10950024183415732, 0.10694984408724624, 0.10735247988340861, 0.10362351374927221, 0.10562177058015687, 0.11099510830413324, 0.11271718606872032, 0.11221780176243774, 0.10904953288960355, 0.11359983578831181, 0.1085413508230748, 0.10934107885703219, 0.10114248160271043, 0.10945372086827693, 0.10658123852790093, 0.1075237043390874, 0.11110324802156755, 0.11013229309181753, 0.10211534184182819, 0.10713151773060244, 0.10460088426468515]
final halt list:[16.114745011086473, 1.6295145631067962, 0.5305692199578356, 0.04661921708185053, 0.018074511250461084, 0.0196078431372549, 0.0, 0.0, 0.0, 0.0, 0.0, 0.0, 0.0, 0.0, 0.0, 0.016809861785580874, 0.0, 0.0, 0.0, 0.0, 0.0, 0.0, 0.0004050222762251924, 0.0, 0.0, 0.0, 0.0, 0.0007074637424831977, 0.0, 0.0, 0.0, 0.0, 0.0, 0.0, 0.0, 0.0, 0.0, 0.0, 0.0, 0.0003619254433586681]
speed reward list:[0.0, 0.0, 0.0, 0.0, 0.0, 0.0, 0.0, 0.0, 0.0, 0.0, 0.0, 0.0, 0.0, 0.0, 0.0, 0.0, 0.0, 0.0, 0.0, 0.0, 0.0, 0.0, 0.0, 0.0, 0.0, 0.0, 0.0, 0.0, 0.0, 0.0, 0.0, 0.0, 0.0, 0.0, 0.0, 0.0, 0.0, 0.0, 0.0, 0.0]
tls reward list:[-0.001957700927545467, -0.005897172125717984, -0.005638527448700764, -0.00527376728415124, -0.005208868875896453, -0.004580927291635393, -0.004190415996068066, -0.004196562075325162, -0.004178377426657263, -0.0037732110746158593, -0.003835388207993149, -0.003945749406725057, -0.004278970413731926, -0.0038375635720005884, -0.004159211182618068, -0.004228952533810705, -0.004238989277012306, -0.004002992532896619, -0.004148559630244563, -0.0038729250500615492, -0.003652542803138165, -0.004066396470175635, -0.004207616718761761, -0.0041313771369142285, -0.0041251231046728325, -0.0037931894881475716, -0.003898669363544947, -0.004042122266233591, -0.004086033730327654, -0.003919572774361024, -0.0037077538141151297, -0.0038660735635288753, -0.004320749012267962, -0.004040630377880155, -0.0038278162403805596, -0.0037357980802358607, -0.003804680938992057, -0.003651633899092892, -0.0036251493522659497, -0.003837410592120748]
target reward list:[-0.1843737193305911, -0.07358727388391988, 0.023489471240011824, 0.09368805462442648, 0.10870028712342429, 0.11643317116178097, 0.11848036095044785, 0.10800939699902672, 0.11715161526897397, 0.11022380323486859, 0.11468093766726904, 0.11915958630372334, 0.11555465978664632, 0.11547940419752938, 0.11255371509845952, 0.11323205698901688, 0.114475223015557, 0.1198171427157766, 0.10906343709781681, 0.11337316688421888, 0.11060238689038442, 0.11141887635358427, 0.10783113046803396, 0.1097531477170711, 0.11512023140880605, 0.1165103755568679, 0.1161164711259827, 0.11309165515583712, 0.11768586951863949, 0.11246092359743583, 0.11304883267114732, 0.1050085551662393, 0.11377446988054488, 0.11062186890578107, 0.11135152057946796, 0.11483904610180343, 0.11393697403080962, 0.10576697574092107, 0.11075666708286837, 0.1084382948568059]
safe reward list [0.0, 0.0, 0.0, 0.0, 0.0, 0.0, 0.0, 0.0, 0.0, 0.0, 0.0, 0.0, 0.0, 0.0, 0.0, 0.0, 0.0, 0.0, 0.0, 0.0, 0.0, 0.0, 0.0, 0.0, 0.0, 0.0, 0.0, 0.0, 0.0, 0.0, 0.0, 0.0, 0.0, 0.0, 0.0, 0.0, 0.0, 0.0, 0.0, 0.0]
speed list [8.467767188071528, 15.708768032493742, 15.526869208989583, 15.77893583584823, 15.524535404457469, 15.820498343147232, 16.084856553490514, 15.958360761450768, 15.964814166233767, 15.798548531833816, 16.099056445302107, 16.234374319443038, 15.53571881066684, 16.22486447138434, 15.727906212069833, 15.8722033789884, 15.9656494126471, 16.148295381359173, 15.725933375975734, 15.933111757507536, 16.010729437852035, 16.040582988376585, 15.99527793706918, 15.816996897688005, 16.00341459600886, 16.15778312066247, 16.055619690399567, 15.784205076174404, 16.18260791839054, 16.017460488140696, 15.864314466575276, 16.098670879615092, 15.677474874141772, 15.890148498719263, 16.028093401656776, 15.893489893350749, 16.15138531240382, 16.24393903619193, 16.21295580590637, 15.807213265866709]
ec list [82.73656381214846, 59.993570740810746, 59.51372103454737, 58.56575621497709, 58.5510398407448, 58.31593801892916, 58.382354508530284, 58.337802289319306, 58.07445915335624, 58.43282252604319, 58.606636786813674, 58.57673358762673, 58.022826364415664, 58.32819783864508, 57.90094529082045, 58.00794893722905, 58.02721898085146, 58.58973143586484, 57.93834403896409, 58.075995392092516, 58.30809785247714, 58.19753296145355, 58.21070134380105, 58.34504477800306, 58.23460453561646, 58.10601628753725, 57.69204318728636, 58.05394810108657, 57.92451706729878, 58.16441523825397, 57.89606998634081, 58.045232193259324, 58.14352316333241, 58.15867119689217, 57.9214953200917, 57.767952414828414, 57.92285904869082, 58.2638131002994, 58.09502797234483, 57.884418597397875]
jerk list [0.16673090642374463, 0.1023341530403768, 0.2355754480762105, 0.3640720049060197, 0.39330409129474264, 0.38129648807418753, 0.34263349694968964, 0.3486456563046184, 0.35496250147473335, 0.3445651879740184, 0.32542623708287527, 0.3256795719599541, 0.3651216067664379, 0.3303747240353775, 0.36049171403054353, 0.34554255473985734, 0.33951095919103275, 0.340276903341203, 0.355158060773211, 0.33817154756484546, 0.34312662803266475, 0.3456246331724733, 0.352387554714811, 0.3661694351398705, 0.35681930423721386, 0.3299822797199918, 0.32278233348085167, 0.3592977138544336, 0.34807693261143074, 0.3451671093704106, 0.34337760031251574, 0.34970038668559295, 0.36951406538324477, 0.35106981165080914, 0.3261472049069396, 0.33926995910176816, 0.33226138106378256, 0.338198598897086, 0.33102767837368324, 0.34408614068412097]