
Env:SUMO, Algorithm:MADDPG, Device:cuda:1
-----------------------------------------
{'algo': 'MADDPG', 'env': 'SUMO', 'seedVal': 20150427, 'gamma': 0.8, 'epsilon': 0.001, 'critic_lr': 0.005, 'actor_lr': 0.0001, 'memory_capacity': 1000000, 'batch_size': 512, 'train_eps': 40, 'eval_eps': 10, 'epsilon_start': 3, 'max_speed': 28, 'target_update': 4, 'hidden_dim': 256, 'soft_tau': 0.01, 'max_action': 2, 'device': device(type='cuda', index=1), 'simulation_steps': 3600, 'pathToSumoFiles': 'rou_net2_single', 'model_dest_path': 'models/', 'model_dest_path_leader': 'single_acce8_speed2_', 'model_dest_path_follow': '', 'logName': '_acce2_speed_8_gamma0.800000_tua0.010000.txt', 'procID': 7}
seed 20150427
当前的gamma是0.8, 当前的soft tau是0.01
-----------------------------------------
model saved successfully!
Complete training!
final reward list:[-0.19327875473068606, -0.08287863332555759, -0.07292025295695036, -0.06491218147638039, -0.08270017405907122, -0.0184530922748472, 0.07278514704321697, 0.09145835574113614, 0.11101980704865656, 0.10728603695097678, 0.11388687744891848, 0.12011401820319267, 0.11153912482508897, 0.1108942250937734, 0.11080618335222629, 0.10996976856788884, 0.11556674592067369, 0.1182242795518826, 0.10932201590973362, 0.11093971566777486, 0.10422625550012897, 0.10966690357984941, 0.10288307792847995, 0.1102263176748243, 0.11131576929261472, 0.11449623634228565, 0.11391549566067641, 0.10996074555047348, 0.11485623412253702, 0.10978261832255028, 0.11010946130972721, 0.11056044230432362, 0.10492433458301793, 0.10163445357350281, 0.10939071635220901, 0.10973231238413719, 0.11160342635832841, 0.1059125762858369, 0.1087283136614766, 0.11061672699404262]
final halt list:[44.806795905031585, 1.6293706293706294, 1.2103230337078652, 1.1778726431874778, 1.5401325478645067, 1.0057493292449213, 0.07917316692667707, 0.05024813895781638, 0.0, 0.0006020469596628537, 0.0, 0.0, 0.0, 0.0, 0.0, 0.01867762420620097, 0.0, 0.0, 0.0, 0.0, 0.0, 0.0, 0.009716599190283401, 0.0, 0.0, 0.0, 0.0, 0.0010611956137247967, 0.0, 0.0, 0.0, 0.0, 0.0, 0.016325112886418896, 0.0, 0.0, 0.0, 0.0, 0.017850059500198336, 0.0]
speed reward list:[0.0, 0.0, 0.0, 0.0, 0.0, 0.0, 0.0, 0.0, 0.0, 0.0, 0.0, 0.0, 0.0, 0.0, 0.0, 0.0, 0.0, 0.0, 0.0, 0.0, 0.0, 0.0, 0.0, 0.0, 0.0, 0.0, 0.0, 0.0, 0.0, 0.0, 0.0, 0.0, 0.0, 0.0, 0.0, 0.0, 0.0, 0.0, 0.0, 0.0]
tls reward list:[-0.001740749843432467, -0.006031726490233304, -0.005776448724015288, -0.005706249820283924, -0.005955468643865555, -0.00643126600211461, -0.004671408960627028, -0.004461240878456426, -0.004313502068336019, -0.0037981082740668726, -0.003823609429392436, -0.0038346291917833748, -0.004277684324251462, -0.003824633678619923, -0.004207991913785182, -0.004135386432065268, -0.004243889439700247, -0.0040339982917242416, -0.004099175779608657, -0.0037791459062966157, -0.0037318381864391726, -0.004172639062000078, -0.004209200202111348, -0.004024766905126074, -0.004105065602887832, -0.0038171213039886976, -0.004039891366643132, -0.004127839728055637, -0.004076087205101531, -0.00393852250726621, -0.003692441361023004, -0.0037305712028694884, -0.004216358311782213, -0.0038684195678905537, -0.0037181456535512513, -0.0034698704506715703, -0.003615469785174713, -0.003333957043864137, -0.0034940110196682796, -0.003754785107126782]
target reward list:[-0.19153800488725342, -0.07684690683532427, -0.06714380423293508, -0.059205931656096465, -0.07674470541520567, -0.012021826272732588, 0.07745655600384399, 0.09591959661959257, 0.11533330911699258, 0.11108414522504365, 0.11771048687831094, 0.12394864739497605, 0.11581680914934044, 0.11471885877239331, 0.11501417526601147, 0.1141051549999541, 0.11981063536037397, 0.12225827784360684, 0.11342119168934227, 0.11471886157407149, 0.10795809368656815, 0.11383954264184952, 0.10709227813059131, 0.11425108457995035, 0.11542083489550256, 0.11831335764627435, 0.11795538702731956, 0.11408858527852912, 0.11893232132763858, 0.11372114082981648, 0.11380190267075023, 0.1142910135071931, 0.10914069289480016, 0.10550287314139337, 0.11310886200576029, 0.11320218283480878, 0.11521889614350313, 0.10924653332970105, 0.11222232468114487, 0.11437151210116939]
safe reward list [0.0, 0.0, 0.0, 0.0, 0.0, 0.0, 0.0, 0.0, 0.0, 0.0, 0.0, 0.0, 0.0, 0.0, 0.0, 0.0, 0.0, 0.0, 0.0, 0.0, 0.0, 0.0, 0.0, 0.0, 0.0, 0.0, 0.0, 0.0, 0.0, 0.0, 0.0, 0.0, 0.0, 0.0, 0.0, 0.0, 0.0, 0.0, 0.0, 0.0]
speed list [2.6705869902831196, 15.710775585535448, 16.127762905171906, 15.981331053033175, 15.7424795849893, 15.90488195362938, 15.862466942688085, 15.877961988573189, 15.950549507372768, 15.786699328404076, 16.087061479581187, 16.226972774510855, 15.519914387339922, 16.210124237330717, 15.721840952510803, 15.823816213556235, 15.968512823806467, 16.12723810179869, 15.724034494468015, 15.950076798697417, 15.945783416761156, 16.040197432166604, 15.99856591352745, 15.806610298721138, 16.015333615722504, 16.155695457350408, 16.038192266317875, 15.787803651191183, 16.189265560924202, 16.016577120772567, 15.862814377528908, 16.090833286612654, 15.654042465767006, 15.823987920468152, 15.958700651945925, 15.84340699251918, 16.106349261323544, 16.20116755512315, 16.16877711995248, 15.740030276235855]
ec list [162.92558805716166, 59.92668666454662, 59.48039591845691, 59.15288497919039, 59.966165448151116, 59.67102007143923, 58.97091767247004, 58.62697440907681, 58.23142568279983, 58.52903732922222, 58.8083053528432, 58.582919991006555, 58.10368149045609, 58.290824413401566, 57.9422833503522, 58.07183006670154, 57.98636015695391, 58.564801421932785, 58.05382166419479, 58.0455667507633, 58.326188185081584, 58.196574595983684, 58.25802351518047, 58.22995447067822, 58.17724110452421, 58.10827150050799, 57.746397079747, 58.15810945836818, 57.864518559570755, 58.10334327800408, 57.94505812010715, 58.0679139541009, 58.04795913254584, 58.23577185693345, 58.11149525894876, 57.695999203724796, 57.78059985634556, 58.16623937995575, 58.22660700429275, 57.93450365978937]
jerk list [0.3210690552029884, 0.10119273110658855, 0.09701555289715444, 0.10665172737162472, 0.10088431702930793, 0.1528366911714991, 0.30950907542342, 0.35328526556267403, 0.38988129725023213, 0.3740536957957215, 0.35534278410225645, 0.3501695413313718, 0.38985418532867006, 0.34342849722632357, 0.3799236716736181, 0.3690630402301696, 0.3549020658321706, 0.3495365901148485, 0.3742006099495432, 0.34134416620620617, 0.3400541972766288, 0.3458066602987832, 0.35707669187186386, 0.3654331998667945, 0.34958157759562203, 0.33314914512018173, 0.3314279107403255, 0.36623094101654124, 0.3315166977953719, 0.34507080364899634, 0.35703433500922943, 0.34444333879817385, 0.35635966776289674, 0.36412148561076124, 0.3368427472654071, 0.33238297615941753, 0.3266542960588696, 0.33111367447458434, 0.3297027213859371, 0.3493936434612122]