
Env:SUMO, Algorithm:MADDPG, Device:cuda:0
-----------------------------------------
{'algo': 'MADDPG', 'env': 'SUMO', 'seedVal': 20150427, 'gamma': 0.7, 'epsilon': 0.001, 'critic_lr': 0.005, 'actor_lr': 0.0001, 'memory_capacity': 1000000, 'batch_size': 512, 'train_eps': 40, 'eval_eps': 10, 'epsilon_start': 3, 'max_speed': 28, 'target_update': 4, 'hidden_dim': 256, 'soft_tau': 0.001, 'max_action': 2, 'device': device(type='cuda', index=0), 'simulation_steps': 3600, 'pathToSumoFiles': 'rou_net2_single', 'model_dest_path': 'models/', 'model_dest_path_leader': 'single_acce8_speed2_', 'model_dest_path_follow': '', 'logName': '_acce2_speed_8_gamma0.700000_tua0.001000.txt', 'procID': 0}
seed 20150427
当前的gamma是0.7, 当前的soft tau是0.001
-----------------------------------------
model saved successfully!
Complete training!
final reward list:[-0.18207189549020378, -0.0038019238792603516, 0.09369144908541688, 0.10518676806448037, 0.10600291433751685, 0.10725590758940909, 0.11097144966637221, 0.10284889774834233, 0.10839209862796144, 0.10645438381662652, 0.10854144115273112, 0.11353434032048293, 0.1063402129170226, 0.10777377617894089, 0.10667037375790471, 0.10744013776089509, 0.1120460390060658, 0.11125258677796643, 0.10225315087120643, 0.104803440807444, 0.10386293723340852, 0.10429702373118549, 0.10570681752516088, 0.10204232426646413, 0.10684250973789823, 0.11603378778246042, 0.11015826954131983, 0.10693666748356621, 0.11312384796518783, 0.10833079630321914, 0.11122705489085676, 0.11005124021534494, 0.11076981248577367, 0.10063327973354794, 0.10799833242744056, 0.11105343766214128, 0.11263868044159399, 0.10463643930868016, 0.11212669225073207, 0.10881436424181906]
final halt list:[10.988702121796639, 0.6502901353965184, 0.014793941528707291, 0.00177999288002848, 0.005162241887905605, 0.006153846153846154, 0.00625, 0.0, 0.0, 0.0, 0.0, 0.0, 0.0, 0.0, 0.0007270083605961468, 0.020537714712471993, 0.0, 0.0, 0.0, 0.0, 0.0, 0.0, 0.009315512353179425, 0.0, 0.0, 0.0, 0.0, 0.005305978068623983, 0.0, 0.0, 0.0, 0.0, 0.0, 0.0017367141368530739, 0.0, 0.0, 0.0, 0.0, 0.005158730158730159, 0.0]
speed reward list:[0.0, 0.0, 0.0, 0.0, 0.0, 0.0, 0.0, 0.0, 0.0, 0.0, 0.0, 0.0, 0.0, 0.0, 0.0, 0.0, 0.0, 0.0, 0.0, 0.0, 0.0, 0.0, 0.0, 0.0, 0.0, 0.0, 0.0, 0.0, 0.0, 0.0, 0.0, 0.0, 0.0, 0.0, 0.0, 0.0, 0.0, 0.0, 0.0, 0.0]
tls reward list:[-0.002778690849501841, -0.005544505930631582, -0.0045032485367446085, -0.004484021639774614, -0.004537006157483615, -0.004232543767707671, -0.004111824853787731, -0.004169981918946592, -0.004246087818807434, -0.0037364243881062437, -0.003794742483791767, -0.0037694314594659733, -0.004248445478385884, -0.0038214702406727946, -0.004124269538175104, -0.004035854600622944, -0.004236722727630936, -0.003935603344952783, -0.004292149360976972, -0.0038459774006286223, -0.0038635644812482907, -0.0042549097690682495, -0.004126527766102419, -0.004164950079745903, -0.00422995084147189, -0.0037599607699139296, -0.0040359710535650154, -0.0040804501584384275, -0.004221155101172183, -0.004066756835637746, -0.0037738925446695972, -0.003863111440918975, -0.004397662038845731, -0.004260300319197863, -0.0038563676111204735, -0.003615763728617727, -0.0039206393476636315, -0.00368958483037605, -0.0038548074255335247, -0.003892949552536569]
target reward list:[-0.17929320464070195, 0.0017425820513712344, 0.09819469762216147, 0.10967078970425495, 0.11053992049500047, 0.11148845135711676, 0.11508327452015994, 0.10701887966728892, 0.11263818644676887, 0.11019080820473276, 0.1123361836365229, 0.11730377177994891, 0.11058865839540848, 0.1115952464196137, 0.11079464329607983, 0.11147599236151803, 0.11628276173369673, 0.1151881901229192, 0.1065453002321834, 0.10864941820807264, 0.10772650171465681, 0.10855193350025374, 0.1098333452912633, 0.10620727434621005, 0.11107246057937015, 0.11979374855237433, 0.11419424059488482, 0.11101711764200466, 0.11734500306636003, 0.11239755313885685, 0.11500094743552634, 0.11391435165626392, 0.11516747452461938, 0.10489358005274582, 0.11185470003856103, 0.114669201390759, 0.11655931978925764, 0.1083260241390562, 0.11598149967626557, 0.11270731379435564]
safe reward list [0.0, 0.0, 0.0, 0.0, 0.0, 0.0, 0.0, 0.0, 0.0, 0.0, 0.0, 0.0, 0.0, 0.0, 0.0, 0.0, 0.0, 0.0, 0.0, 0.0, 0.0, 0.0, 0.0, 0.0, 0.0, 0.0, 0.0, 0.0, 0.0, 0.0, 0.0, 0.0, 0.0, 0.0, 0.0, 0.0, 0.0, 0.0, 0.0, 0.0]
speed list [8.487988570339166, 15.08094120886466, 15.693809044814474, 15.880072188055808, 15.542132031788496, 15.77664758896019, 16.014793914449445, 15.966749183666728, 15.972169583188377, 15.798263444760307, 16.09347551453926, 16.233171169161185, 15.524231878469145, 16.206149083500463, 15.720669260258822, 15.83308340000025, 15.968275264800248, 16.14075652045985, 15.722984301960345, 15.95890153950175, 15.979211640432291, 16.03219922775944, 16.007100642882566, 15.809498749274784, 16.02030061743069, 16.153006177700913, 16.04796617057463, 15.765866854062406, 16.184700543278645, 16.024206667004066, 15.87091866358381, 16.108850252968182, 15.677412183658632, 15.865791680789098, 16.0219607373741, 15.90164171200308, 16.141478424200074, 16.21335110887677, 16.213648084053492, 15.815397795716214]
ec list [76.85290232223059, 59.466711909156075, 58.58280720064065, 57.91756245699559, 58.16826504882192, 58.05176007674147, 58.34264700655555, 58.243595604928686, 58.12934641944671, 58.40448957839004, 58.72279373074439, 58.5088370540698, 57.98205646245342, 58.283860319885164, 57.883979583283114, 57.919138592281904, 57.985803126564576, 58.446822282430475, 57.95646790867509, 58.02243726365404, 58.39068024953904, 58.321302941702044, 58.24742364571073, 58.255437729568044, 58.32451321745747, 58.062764589774694, 57.81788620140327, 58.087756892797564, 58.00918480195336, 58.15788877408846, 57.83192461051292, 58.0598677389042, 58.13350060924443, 58.24750866463835, 57.95147303061857, 57.72583775883375, 57.91725095944951, 58.30369055179375, 58.16450419677257, 57.68120840744016]
jerk list [0.25008192047956823, 0.26021634145132116, 0.3505079722660158, 0.3377109855897632, 0.37735798778337387, 0.3597918012069537, 0.33224147901402645, 0.34956876759880107, 0.351583391688788, 0.3413181991133195, 0.3296597093695135, 0.31463909635001774, 0.36578160668316145, 0.3195405521230134, 0.35531546097016226, 0.3459123095457453, 0.34484774955125924, 0.33045340814417035, 0.3642111257961238, 0.33302395593229756, 0.341345087391034, 0.3435522251290675, 0.34334453821695676, 0.3541274853954215, 0.3488600432288595, 0.3330931830455858, 0.33224533421663, 0.36214212954553915, 0.3358692184660928, 0.3332973099181829, 0.3509057349029824, 0.33853545832691423, 0.3658944748997898, 0.35364951071606227, 0.32334563131238514, 0.3269421644174697, 0.33700988260542647, 0.33760712770764356, 0.33842924274589026, 0.332255740584642]