
Env:SUMO, Algorithm:MADDPG, Device:cuda:1
-----------------------------------------
{'algo': 'MADDPG', 'env': 'SUMO', 'seedVal': 20150427, 'gamma': 0.8, 'epsilon': 0.001, 'critic_lr': 0.005, 'actor_lr': 0.0001, 'memory_capacity': 1000000, 'batch_size': 512, 'train_eps': 40, 'eval_eps': 10, 'epsilon_start': 3, 'max_speed': 28, 'target_update': 4, 'hidden_dim': 256, 'soft_tau': 0.001, 'max_action': 2, 'device': device(type='cuda', index=1), 'simulation_steps': 3600, 'pathToSumoFiles': 'rou_net2_single', 'model_dest_path': 'models/', 'model_dest_path_leader': 'single_acce8_speed2_', 'model_dest_path_follow': '', 'logName': '_acce2_speed_8_gamma0.800000_tua0.001000.txt', 'procID': 5}
seed 20150427
当前的gamma是0.8, 当前的soft tau是0.001
-----------------------------------------
model saved successfully!
Complete training!
final reward list:[-0.1865599530235081, -0.07458587043401371, 0.06612553542892353, 0.097971647267946, 0.10439770016102404, 0.11248780165691705, 0.11214472149000955, 0.10242899201180077, 0.10974729276560213, 0.10161584494216801, 0.10729541165175495, 0.11290491556157463, 0.10427129529436609, 0.10715569088991687, 0.1074687734955003, 0.11106827697286119, 0.10823373953318145, 0.11186393057115356, 0.10676001121547408, 0.10608768524231706, 0.10372718170582886, 0.11170923887220194, 0.1065861931172185, 0.10999733348749476, 0.10791018009281712, 0.11356888223770141, 0.10588604999452808, 0.10736190933085527, 0.11416373405377843, 0.10783103124750201, 0.1098403424509213, 0.10885519657667576, 0.10621478212283265, 0.10758941342157065, 0.10363685725250225, 0.10950767193842684, 0.10998892648243763, 0.10991378045363945, 0.10980843246565679, 0.11120595003234132]
final halt list:[21.34762851462653, 1.4876256767208043, 0.05416813225466057, 0.00035549235691432633, 0.011434894872740686, 0.0019230769230769232, 0.002733307301835221, 0.0, 0.0, 0.0, 0.0, 0.0, 0.0, 0.0, 0.0, 0.013816280806572068, 0.0, 0.0, 0.0, 0.0, 0.0, 0.0, 0.005668016194331984, 0.0, 0.0, 0.0, 0.0, 0.0, 0.0, 0.0, 0.0, 0.0003614022406938923, 0.0, 0.0024313997915943034, 0.0, 0.0, 0.0, 0.0, 0.009119746233148296, 0.0]
speed reward list:[0.0, 0.0, 0.0, 0.0, 0.0, 0.0, 0.0, 0.0, 0.0, 0.0, 0.0, 0.0, 0.0, 0.0, 0.0, 0.0, 0.0, 0.0, 0.0, 0.0, 0.0, 0.0, 0.0, 0.0, 0.0, 0.0, 0.0, 0.0, 0.0, 0.0, 0.0, 0.0, 0.0, 0.0, 0.0, 0.0, 0.0, 0.0, 0.0, 0.0]
tls reward list:[-0.002086600432106077, -0.005834379488246133, -0.004958983799381676, -0.004230773949574402, -0.004420374890750336, -0.004184734438781063, -0.0040856019441871, -0.0040195596643005285, -0.00417745430732629, -0.003630764952706107, -0.003846219516130314, -0.003925278415813431, -0.004433018691713988, -0.003890588615690407, -0.004153584624161614, -0.0040317058381429995, -0.004230374129026381, -0.0040313668140748, -0.004171039781528316, -0.0038877149182454137, -0.0038459201515220576, -0.004018994210378963, -0.004084906172370968, -0.004091445225885932, -0.004240780792847512, -0.0038388763436929324, -0.004039220608098483, -0.00410703999142784, -0.004132571030823778, -0.00416589095342595, -0.003685641602002155, -0.003889832225400392, -0.004295796335324581, -0.004054549947329302, -0.003971459898249237, -0.0036364037045258824, -0.003866694687175295, -0.0035892043477649123, -0.003726240786683644, -0.00388203337501379]
target reward list:[-0.184473352591402, -0.06875149094576757, 0.0710845192283052, 0.1022024212175204, 0.10881807505177435, 0.11667253609569811, 0.11623032343419666, 0.10644855167610129, 0.11392474707292842, 0.10524660989487411, 0.11114163116788525, 0.11683019397738806, 0.10870431398608005, 0.11104627950560728, 0.1116223581196619, 0.1150999828110042, 0.11246411366220782, 0.11589529738522834, 0.1109310509970024, 0.10997540016056245, 0.1075731018573509, 0.1157282330825809, 0.11067109928958946, 0.11408877871338068, 0.11215096088566463, 0.11740775858139435, 0.10992527060262657, 0.11146894932228311, 0.11829630508460222, 0.11199692220092797, 0.11352598405292345, 0.11274502880207615, 0.11051057845815725, 0.11164396336889994, 0.1076083171507515, 0.11314407564295273, 0.11385562116961293, 0.11350298480140437, 0.11353467325234043, 0.11508798340735511]
safe reward list [0.0, 0.0, 0.0, 0.0, 0.0, 0.0, 0.0, 0.0, 0.0, 0.0, 0.0, 0.0, 0.0, 0.0, 0.0, 0.0, 0.0, 0.0, 0.0, 0.0, 0.0, 0.0, 0.0, 0.0, 0.0, 0.0, 0.0, 0.0, 0.0, 0.0, 0.0, 0.0, 0.0, 0.0, 0.0, 0.0, 0.0, 0.0, 0.0, 0.0]
speed list [7.169897528365668, 15.427679932142635, 15.6282689598321, 15.80132294191822, 15.52356206840248, 15.783593381033189, 15.993534224601868, 15.947408718765024, 15.975744128704312, 15.755164292302561, 16.101298651851025, 16.231740773544562, 15.560099370871646, 16.191823880957124, 15.72075221453111, 15.829371782539901, 15.967157417062728, 16.14145180205974, 15.714668784805957, 15.954939485168786, 16.012108760581928, 16.050594622307162, 16.006077283519687, 15.808566625583438, 16.016920703982397, 16.162782835090763, 16.046370914626582, 15.789578320687088, 16.165629867604732, 16.019307968517737, 15.869999555504814, 16.095002225640794, 15.684300801808206, 15.863107289781729, 15.999816625357631, 15.895843523580643, 16.144225488047102, 16.249958318334293, 16.21618250154636, 15.847518121551248]
ec list [95.76365408793663, 59.99265146444326, 58.81958223402248, 57.729448914980495, 58.17914519855596, 58.14881146083615, 58.406144522834296, 58.16420407294147, 58.077751890060554, 58.33974439198899, 58.68492023412697, 58.60475632603654, 58.052116735168966, 58.22023444429081, 57.814786244675375, 57.93056361804696, 58.013391493499604, 58.5599200718315, 57.98321483166595, 58.12311998530403, 58.400885001987106, 58.18975612824368, 58.14271943289247, 58.280128647718804, 58.14708286265761, 58.102050968400036, 57.76045077149854, 58.08522631075514, 57.96609342184293, 58.235646759421904, 57.79354264613293, 57.94783734851029, 58.04762651339736, 58.17647811598135, 58.11312366378746, 57.634281877344556, 57.778596896531624, 58.2594869372823, 58.116755051604166, 57.79160334422937]
jerk list [0.2238851547185624, 0.1379823026315683, 0.33890272758195283, 0.34067438697244495, 0.3900770903525123, 0.38035274915446604, 0.3565045881219501, 0.3442738937107055, 0.35750464958346784, 0.35116636109704424, 0.32262346471410486, 0.3257051915098288, 0.37329722687266753, 0.31983814825721085, 0.35090002318953845, 0.34635334687802194, 0.33489409809085535, 0.33917181801372964, 0.3610702195775057, 0.3353016191779881, 0.3356848285681057, 0.3397107915079278, 0.33826608877005643, 0.35049690551300006, 0.34034294306335094, 0.32442694494035407, 0.319264454192547, 0.3567835971493157, 0.3351243562780722, 0.3400524088827578, 0.3405162825121694, 0.3373254791479195, 0.34786601149460483, 0.35355731704549764, 0.3297099254489184, 0.3304392842226803, 0.32936780192522097, 0.33010702652524254, 0.32015273805229016, 0.3364268659135868]