
Env:SUMO, Algorithm:MADDPG, Device:cuda:0
-----------------------------------------
{'algo': 'MADDPG', 'env': 'SUMO', 'seedVal': 20150427, 'gamma': 0.7, 'epsilon': 0.001, 'critic_lr': 0.005, 'actor_lr': 0.0001, 'memory_capacity': 1000000, 'batch_size': 512, 'train_eps': 40, 'eval_eps': 10, 'epsilon_start': 3, 'max_speed': 28, 'target_update': 4, 'hidden_dim': 256, 'soft_tau': 0.01, 'max_action': 2, 'device': device(type='cuda', index=0), 'simulation_steps': 3600, 'pathToSumoFiles': 'rou_net2_single', 'model_dest_path': 'models/', 'model_dest_path_leader': 'single_acce8_speed2_', 'model_dest_path_follow': '', 'logName': '_acce2_speed_8_gamma0.700000_tua0.010000.txt', 'procID': 2}
seed 20150427
当前的gamma是0.7, 当前的soft tau是0.01
-----------------------------------------
model saved successfully!
Complete training!
final reward list:[-0.18486980837819436, -0.046968922444633306, 0.09308056245840161, 0.1044679233580788, 0.1043420256238245, 0.11109359459596414, 0.11176000012184754, 0.10494042792487088, 0.10936898742357691, 0.10303288877230697, 0.1098289824022204, 0.11142771084022253, 0.10858619096003094, 0.10697071965575813, 0.10179936098814427, 0.10921560879451997, 0.10896223639758763, 0.11030616181429734, 0.10667474209617021, 0.10237294774656108, 0.10946580554569262, 0.10034922091501869, 0.10115530763690052, 0.10881556702925935, 0.10543011588247168, 0.11483527538561532, 0.11147757749381823, 0.1089111912313955, 0.10981662399037226, 0.10787421661327787, 0.10811937922076105, 0.10372594602640499, 0.1108622982912632, 0.1063892098667107, 0.1039038884837175, 0.10370221552524929, 0.1113400813161023, 0.10624818337335845, 0.10642468747166213, 0.10600192783270472]
final halt list:[16.219438645325912, 1.218217054263566, 0.035953471977440955, 0.003202846975088968, 0.0058997050147492625, 0.0038461538461538464, 0.000390625, 0.0, 0.0, 0.0, 0.0, 0.0, 0.0, 0.0, 0.0, 0.014942099364960777, 0.0, 0.0, 0.0010214504596527069, 0.0, 0.0, 0.0, 0.01539084649655731, 0.0, 0.0, 0.0, 0.0, 0.0, 0.0, 0.0, 0.0, 0.0, 0.0, 0.004168113928447377, 0.0, 0.0, 0.0, 0.0, 0.0027744748315497426, 0.0]
speed reward list:[0.0, 0.0, 0.0, 0.0, 0.0, 0.0, 0.0, 0.0, 0.0, 0.0, 0.0, 0.0, 0.0, 0.0, 0.0, 0.0, 0.0, 0.0, 0.0, 0.0, 0.0, 0.0, 0.0, 0.0, 0.0, 0.0, 0.0, 0.0, 0.0, 0.0, 0.0, 0.0, 0.0, 0.0, 0.0, 0.0, 0.0, 0.0, 0.0, 0.0]
tls reward list:[-0.0024077445982010814, -0.006918209070553999, -0.004897895589431961, -0.004587037020512452, -0.004540805579097899, -0.004237483684913664, -0.004106494299565187, -0.003989570364876794, -0.004000363657247785, -0.0037663713887069856, -0.003813159666337372, -0.0038597732556546814, -0.004220002490416775, -0.003806880071157181, -0.0041848433564128295, -0.004205263683221328, -0.004146301725216546, -0.004017801545531827, -0.004134113605201109, -0.0037674875479459346, -0.003664171930809777, -0.004175017890632926, -0.004207916536975972, -0.0039973302317326985, -0.004065161313904465, -0.003755562356799986, -0.004013363373613911, -0.004013233301843578, -0.004038403349083039, -0.004043653959491917, -0.0036766920867351794, -0.003768026766267231, -0.0041775936920727215, -0.004104423780576686, -0.003915216727548928, -0.0038477694033591395, -0.003764432648808792, -0.0036352853605355214, -0.003823169134072143, -0.003832534242624939]
target reward list:[-0.1824620637799933, -0.04005071337407929, 0.09797845804783357, 0.10905496037859125, 0.10888283120292241, 0.1153310782808778, 0.11586649442141272, 0.10892999828974767, 0.1133693510808247, 0.10679926016101396, 0.11364214206855777, 0.11528748409587719, 0.11280619345044775, 0.11077759972691532, 0.10598420434455708, 0.1134208724777413, 0.11310853812280416, 0.11432396335982918, 0.11080885570137132, 0.10614043529450698, 0.1131299774765024, 0.1045242388056516, 0.1053632241738765, 0.11281289726099204, 0.10949527719637614, 0.11859083774241527, 0.11549094086743214, 0.11292442453323909, 0.11385502733945534, 0.11191787057276978, 0.11179607130749622, 0.10749397279267221, 0.11503989198333592, 0.11049363364728737, 0.10781910521126642, 0.10754998492860841, 0.11510451396491109, 0.10988346873389397, 0.11024785660573427, 0.10983446207532967]
safe reward list [0.0, 0.0, 0.0, 0.0, 0.0, 0.0, 0.0, 0.0, 0.0, 0.0, 0.0, 0.0, 0.0, 0.0, 0.0, 0.0, 0.0, 0.0, 0.0, 0.0, 0.0, 0.0, 0.0, 0.0, 0.0, 0.0, 0.0, 0.0, 0.0, 0.0, 0.0, 0.0, 0.0, 0.0, 0.0, 0.0, 0.0, 0.0, 0.0, 0.0]
speed list [7.273319315007415, 15.57740938721019, 15.646952986425088, 15.893923318233094, 15.563705333938417, 15.813935609026187, 16.046539851554154, 15.970768215034308, 15.971139771640258, 15.807793849171667, 16.096667988996856, 16.22811641385137, 15.549645943381014, 16.210703314788216, 15.708284680018323, 15.83708627318177, 15.959369764585771, 16.132188345538875, 15.689706082281106, 15.938125437350212, 16.014046668918084, 16.050273214218375, 16.00370619085595, 15.81323062267052, 16.000291230853758, 16.140858883729294, 16.01082566225503, 15.7136849115641, 16.159261661418377, 15.967639995356603, 15.830202741489147, 16.049122218371004, 15.656480218367172, 15.868789158715431, 16.028488420834798, 15.902344171300337, 16.15171483318726, 16.247817651135602, 16.215042506912365, 15.823753386417092]
ec list [90.58412146456607, 60.45382694149818, 58.799360117826055, 57.841409000552545, 58.10478166446419, 58.02017568405134, 58.289336376762144, 58.10704306707734, 57.89021707890339, 58.35994785963418, 58.57959862143553, 58.53374844493919, 58.07867875695783, 58.271848107722796, 57.9293148995949, 58.00893003268185, 58.018045301404314, 58.54243056871807, 57.91526484077354, 58.030483877749624, 58.32388138246293, 58.09213252459452, 58.20618206220064, 58.112893853407996, 58.131487725653635, 58.10092527193123, 57.80774179033227, 58.14766128588257, 57.92101260909576, 58.15462506932612, 57.926446933515905, 58.1065570139728, 58.11933278965483, 58.061062534452596, 58.051830108454254, 57.81785071826851, 57.85789807567732, 58.251466153397224, 58.24938123534926, 57.758704053263074]
jerk list [0.28406725997299176, 0.16034438585540106, 0.3713798539137815, 0.3583688426024232, 0.3776532188928778, 0.3675482855189614, 0.3392094722856073, 0.3390368235130946, 0.3385915166382601, 0.34217409256630205, 0.3237805959733032, 0.31704442654039827, 0.36722150890031535, 0.3257904463268849, 0.36319833727301665, 0.3478459303066818, 0.33536826542010295, 0.33368257737602713, 0.3577171066798697, 0.33422200117461776, 0.3369026567561226, 0.3311819536098532, 0.3483672938651262, 0.35041997550699544, 0.3457009051220142, 0.33115222218104146, 0.33527411461998863, 0.3581493456413914, 0.3213884773379214, 0.32358585830678155, 0.33419775902773124, 0.3322828947170508, 0.34489596497601493, 0.3375917803849048, 0.321815375637825, 0.3271593113587893, 0.3213535965263146, 0.3235755234221507, 0.3306969056252328, 0.32990074690041166]