
Env:SUMO, Algorithm:MADDPG, Device:cuda:0
-----------------------------------------
{'algo': 'MADDPG', 'env': 'SUMO', 'seedVal': 20150427, 'gamma': 0.8, 'epsilon': 0.001, 'critic_lr': 0.005, 'actor_lr': 0.0001, 'memory_capacity': 1000000, 'batch_size': 512, 'train_eps': 40, 'eval_eps': 10, 'epsilon_start': 3, 'max_speed': 28, 'target_update': 4, 'hidden_dim': 256, 'soft_tau': 0.05, 'max_action': 2, 'device': device(type='cuda', index=0), 'simulation_steps': 3600, 'pathToSumoFiles': 'rou_net2_single', 'model_dest_path': 'models/', 'model_dest_path_leader': 'single_acce8_speed2_', 'model_dest_path_follow': '', 'logName': '_acce2_speed_8_gamma0.800000_tua0.050000.txt', 'procID': 8}
seed 20150427
当前的gamma是0.8, 当前的soft tau是0.05
-----------------------------------------
model saved successfully!
Complete training!
final reward list:[-0.1877623946987113, -0.08088845408998557, -0.07245108185508095, -0.06584582488540519, -0.0850763889491926, -0.06677238040835705, -0.05318774614597743, -0.07024992264582143, -0.06903665769334624, -0.07590849265576932, -0.06757819577788396, -0.07732198499317551, -0.10581588411027108, -0.06361549403146696, -0.08470880013786122, -0.09597925044206951, -0.07980239461285686, -0.08228951084800315, -0.08638631462799962, -0.07673148083364642, -0.062392709464565155, -0.07633147916266161, -0.06477727545138064, -0.08102931732471892, -0.08597073549983607, -0.0893474132239267, -0.06652102315415044, -0.08474017578894975, -0.06891973736027532, -0.06270653321545455, -0.06591920681485203, -0.08695552444121901, -0.09176823735045998, -0.08787355982744904, -0.07952478532097808, -0.07075650848953884, -0.05407922860214147, -0.06543138739193895, -0.05742849297595039, -0.0701728817178965]
final halt list:[21.435092262868242, 1.6083916083916083, 1.2099719101123596, 1.189900426742532, 1.5552689756816507, 1.4761904761904763, 1.1046875, 1.0473830907401673, 1.2058189655172413, 0.7136418269230769, 0.7673621924634071, 0.7887817703768624, 1.5121768452603972, 0.7938506588579795, 1.2798115259151868, 1.483774710928758, 1.0829090909090908, 1.0208175624526874, 1.3514431239388796, 0.9303890026323487, 1.0194828196953596, 1.0366037735849056, 0.9826332794830371, 1.3376811594202898, 0.9814746202297147, 0.8935756002595717, 1.2429564581046468, 1.272919605077574, 1.1102647805585781, 1.149546827794562, 1.2092317036137261, 1.1794871794871795, 1.512736236647494, 1.2158422691110342, 0.8949969116738727, 1.2447528774542993, 1.165014164305949, 0.8486816965991594, 1.030122869599683, 1.279480706815723]
speed reward list:[0.0, 0.0, 0.0, 0.0, 0.0, 0.0, 0.0, 0.0, 0.0, 0.0, 0.0, 0.0, 0.0, 0.0, 0.0, 0.0, 0.0, 0.0, 0.0, 0.0, 0.0, 0.0, 0.0, 0.0, 0.0, 0.0, 0.0, 0.0, 0.0, 0.0, 0.0, 0.0, 0.0, 0.0, 0.0, 0.0, 0.0, 0.0, 0.0, 0.0]
tls reward list:[-0.0024133811600383095, -0.006034403493332684, -0.005813569046251381, -0.0057312986278029426, -0.005969192146956569, -0.005665026851424948, -0.005428566594864246, -0.005401500747340615, -0.00568534390086313, -0.005689949250108719, -0.0054987122078896744, -0.005887021346730489, -0.006281783613108863, -0.005491119743651388, -0.005750934508511013, -0.00619463222269508, -0.0058465906860864, -0.005766303836869852, -0.006034098268292986, -0.005635082989729864, -0.005194774712448628, -0.005686704974033007, -0.00549051797089917, -0.005748395824680162, -0.0061433757478213495, -0.006273149771584668, -0.00565055007153603, -0.005856422663985227, -0.005891147291740414, -0.005304082474728874, -0.005624030282394123, -0.005881298325332546, -0.006076507835380731, -0.006033437588731088, -0.005819542592169792, -0.005487771585572745, -0.005503566735037715, -0.0054815912917859375, -0.005531175693615655, -0.005719212721185612]
target reward list:[-0.18534901353867295, -0.07485405059665286, -0.06663751280882957, -0.06011452625760225, -0.07910719680223605, -0.061107353556932094, -0.04775917955111318, -0.06484842189848081, -0.0633513137924831, -0.0702185434056606, -0.06207948356999428, -0.07143496364644503, -0.09953410049716221, -0.05812437428781558, -0.07895786562935021, -0.08978461821937445, -0.07395580392677045, -0.0765232070111333, -0.08035221635970663, -0.07109639784391654, -0.057197934752116514, -0.0706447741886286, -0.059286757480481476, -0.07528092150003875, -0.07982735975201473, -0.083074263452342, -0.0608704730826144, -0.07888375312496453, -0.0630285900685349, -0.057402450740725676, -0.060295176532457896, -0.08107422611588647, -0.08569172951507924, -0.08184012223871796, -0.07370524272880828, -0.06526873690396609, -0.04857566186710375, -0.05994979610015302, -0.05189731728233473, -0.06445366899671089]
safe reward list [0.0, 0.0, 0.0, 0.0, 0.0, 0.0, 0.0, 0.0, 0.0, 0.0, 0.0, 0.0, 0.0, 0.0, 0.0, 0.0, 0.0, 0.0, 0.0, 0.0, 0.0, 0.0, 0.0, 0.0, 0.0, 0.0, 0.0, 0.0, 0.0, 0.0, 0.0, 0.0, 0.0, 0.0, 0.0, 0.0, 0.0, 0.0, 0.0, 0.0]
speed list [6.084803356054104, 15.743295743298768, 16.129332327377437, 15.979956335299972, 15.73339131279542, 15.88803739180009, 16.129381137331954, 16.23069738235621, 16.110428519847503, 16.063221020896275, 16.19003139707434, 16.358509269638144, 15.76456361569159, 16.39449673446161, 15.866539195326375, 15.792394256946405, 16.286691367246192, 16.304913149401628, 15.811335860894488, 16.192346174672725, 16.074822403922774, 16.15245898147394, 16.26019457391099, 16.014336931521605, 16.20867328766555, 15.979732808452093, 16.104964833448808, 15.97326829502165, 16.283708657383425, 16.304123230526226, 15.839225731505588, 16.006225292122465, 16.031625165955404, 16.11390044407965, 16.28160786884449, 15.993751750191553, 16.1495529438861, 16.30157845746423, 16.16449162660109, 15.95614225192811]
ec list [93.92175695269304, 59.85067276445035, 59.52735138239107, 59.08312081690265, 60.01603258035442, 59.58056872498197, 59.71301258479945, 59.68813508611413, 59.514176451983055, 60.190376938832834, 60.530606962679364, 60.263112805618874, 59.59677577400613, 59.702448966427646, 59.799749347484344, 59.9809303627757, 59.577152373164466, 60.226211622745815, 59.769071551034074, 59.7256176689788, 60.062254355984294, 59.66913231299973, 59.83327847164126, 59.88164142973368, 59.73484557168529, 60.25712154982795, 59.428508689497875, 59.78394105519373, 59.47545545008885, 59.47551671791361, 60.00795157784909, 59.818027160157385, 59.744028537919135, 59.919590511423195, 59.93304006874662, 59.67381301031055, 59.496410816470465, 60.06436191963712, 60.124777624767766, 59.463864805138535]
jerk list [0.27219902680413494, 0.10153277293708825, 0.09687775474613958, 0.10076451820691341, 0.10122083854066541, 0.09958321215108906, 0.09696763624425214, 0.09487677171161064, 0.10238264250107944, 0.09552481970129012, 0.09193972360559602, 0.09582248031076337, 0.09992242078916423, 0.09358985544079759, 0.10133808043722896, 0.1004642186508368, 0.09694620744167291, 0.09584390059585357, 0.1020030674979748, 0.0951606028511217, 0.09500852734674975, 0.09771289363430645, 0.09460100953731863, 0.09974585878109543, 0.09804291960650273, 0.09709420135992022, 0.0983120901609163, 0.10137707023415861, 0.0989978625499365, 0.0929887670736532, 0.09930447316363371, 0.09742307673064667, 0.09794489184758529, 0.09761098338723165, 0.09529668693401455, 0.09892501059310568, 0.09935356339878426, 0.09759046306531358, 0.09897933086244781, 0.10092789749776776]