
Env:SUMO, Algorithm:MADDPG, Device:cuda:0
-----------------------------------------
{'algo': 'MADDPG', 'env': 'SUMO', 'seedVal': 20150427, 'gamma': 0.99, 'epsilon': 0.001, 'critic_lr': 0.005, 'actor_lr': 0.0001, 'memory_capacity': 1000000, 'batch_size': 512, 'train_eps': 200, 'eval_eps': 10, 'epsilon_start': 3, 'max_speed': 28, 'target_update': 4, 'hidden_dim': 256, 'soft_tau': 0.005, 'max_action': 2, 'device': device(type='cuda', index=0), 'simulation_steps': 3600, 'pathToSumoFiles': 'rou_net2_single', 'model_dest_path': 'models/', 'model_dest_path_leader': 'ep200_', 'model_dest_path_follow': '', 'logName': 'ep200_gamma0.990000_tua0.005000.txt', 'procID': 16}
seed 20150427
当前的gamma是0.99, 当前的soft tau是0.005
-----------------------------------------
model saved successfully!
Complete training!
final reward list:[-0.37568602492303227, 0.06203787445888133, 0.17529777223418613, 0.1524741272121756, 0.22823212007409366, 0.28852935440307487, 0.3098343448204598, 0.3543433473647592, 0.4172198804852753, 0.4222918299484264, 0.4548477640568039, 0.46873253352345834, 0.4900897056556139, 0.510072003520851, 0.5327257297910271, 0.5727356401648104, 0.5260661798791129, 0.5378416950150793, 0.5205723725054812, 0.5330519314677156, 0.42400209765580077, 0.5565113152574446, 0.5634467970106745, 0.5968167418545962, 0.5574872417558494, 0.5807736605812164, 0.5414988514908426, 0.5532928619828991, 0.5901043410075101, 0.5652323832671423, 0.549312887917964, 0.5680604682563639, 0.577025333377436, 0.5182999970006025, 0.4862383016444601, 0.5502984684957273, 0.5953697089724723, 0.5632312995383738, 0.5145462767710752, 0.5390738057574666, 0.5553215690979382, 0.5267031633741075, 0.537568711931232, 0.4765164703587017, 0.5702381743941776, 0.5475933941247363, 0.5635812748726793, 0.5739377389396524, 0.5508662948202168, 0.5182827753209931, 0.5265356120449262, 0.5286063027099375, 0.5619709049269745, 0.5274283211620446, 0.583738211022928, 0.5534555458373899, 0.5687313523776959, 0.5535949222468016, 0.5511387638922945, 0.5723728247705477, 0.5434576342610127, 0.5698298064227432, 0.4743837901564546, 0.5810635254502393, 0.5547299632102647, 0.5299307103991412, 0.5682801969459396, 0.5779283248976691, 0.6069512609670548, 0.5956582151449974, 0.5789776818433375, 0.5402747731628422, 0.16237278349409276, 0.5581867254259698, 0.595273897201201, 0.5955969128919251, 0.5893005387043208, 0.49116390710311875, 0.1718836206654495, 0.5714628584012019, 0.5793546477861619, 0.5312925190377975, 0.5413019872552338, 0.5770318799922187, 0.5523572087676946, 0.5579895443563927, 0.5700935001162556, 0.5733614505745149, 0.5415384770897949, 0.5592350750334832, 0.5232804982859273, 0.5230397234435034, 0.5263793540479988, 0.57297159696441, 0.5395508594297336, 0.5746094100054145, 0.5411332997271281, 0.5547303170455676, 0.5652294287378078, 0.5553174268736787, 0.5730819359889539, 0.548747798653565, 0.5383994217783497, 0.5642184428891732, 0.5669466556776679, 0.5539514727711606, 0.551963793796792, 0.5628461523558134, 0.5930043247952969, 0.5916865153356505, 0.5535672133021856, 0.5966889596251338, 0.5533653801181989, 0.5868077436478666, 0.5300317738242496, 0.5615673793587911, 0.5454207963168006, 0.5459566276116191, 0.5636187551293677, 0.5625759031149447, 0.5550791694651732, 0.5319768817286169, 0.5620095873623007, 0.5647336069380182, 0.5550816966779241, 0.5260277787298692, 0.603489098127153, 0.5535984442177116, 0.5408316546480136, 0.5749125128073956, 0.5673862783727195, 0.6012837146515335, 0.5583044817984043, 0.5809434616751414, 0.5606329106042, 0.5781119170334373, 0.5511532557478467, 0.5623470313410687, 0.5606543296326759, 0.5554320629875039, 0.5614904083962928, 0.5585979716248809, 0.5793984834277509, 0.5155750427825708, 0.6039429393956925, 0.5871116120808259, 0.5471380743594748, 0.5726141325222748, 0.54985788345722, 0.538013142521096, 0.5880924177422187, 0.5775635816183144, 0.5401813804919762, 0.5934294221925769, 0.5722789818138759, 0.5640638037235481, 0.5908477712062836, 0.5723441598426059, 0.5236287228243475, 0.5683700141036259, 0.5879978405836677, 0.5404662366030634, 0.5643629606370661, 0.5352744030884992, 0.5556119065251675, 0.5786740975270231, 0.545505663712854, 0.5559854331943154, 0.5360244401070847, 0.5385310628859046, 0.551149937826909, 0.5830247448467826, 0.5614755416902086, 0.5954685511923992, 0.5619900512840913, 0.5721154160067778, 0.5597637735681458, 0.5746398233215949, 0.556090029566889, 0.5617019055053348, 0.530935935047663, 0.5741183195520263, 0.5621757605750375, 0.5556124497119391, 0.5751566280385381, 0.5771353676398754, 0.5608273357303636, 0.5939225889074476, 0.551587751722176, 0.52312165192604, 0.5725138880818366, 0.6013388952326277, 0.587874466097282, 0.5889758037709851, 0.5701496038080718, 0.5554607367421829, 0.5759968514001843, 0.5917214837614231, 0.5844424209091154, 0.5590741326513139]
final halt list:[2.028363636363636, 1.277683711479851, 0.8977688977688978, 0.47097378277153557, 0.48283261802575106, 0.2875656742556918, 0.22805851063829788, 0.1354542472941948, 0.13076667772983738, 0.3313588850174216, 0.0093603744149766, 0.07112561174551386, 0.04509466437177281, 0.0003252032520325203, 0.011064106736088514, 0.032387312186978295, 0.04225352112676056, 0.013285457809694794, 0.030862233534839325, 0.02560403894698882, 0.7444774151005605, 0.019103600293901544, 0.010101010101010102, 0.0, 0.01045751633986928, 0.0, 0.0, 0.003305785123966942, 0.006245662734212352, 0.027018535972353125, 0.01734304543877905, 0.012071778140293638, 0.015307820299500832, 0.0009293680297397769, 0.1761401189689359, 0.03740157480314961, 0.012013105205678923, 0.0047011417058428475, 0.02457865168539326, 0.010053619302949061, 0.008118081180811807, 0.020867837032129844, 0.0, 0.1882804995196926, 0.0, 0.004697776385844034, 0.009701760689902982, 0.0, 0.0, 0.021797451374916163, 0.005772495755517827, 0.021359223300970873, 0.0022537025112685126, 0.007981376787495843, 0.0, 0.018150684931506848, 0.0003372681281618887, 0.0024154589371980675, 0.001016949152542373, 0.0, 0.005819924683327628, 0.016648570394498734, 0.20995443392919733, 0.026181570894253655, 0.0, 0.0147705845380264, 0.023408239700374533, 0.0, 0.0, 0.0, 0.015440210249671484, 0.04662491301322199, 7.5092899800929, 0.04411764705882353, 0.0, 0.0, 0.010053859964093357, 0.38323736404350606, 3.5098908594815827, 0.0, 0.0, 0.027715833067856004, 0.006243496357960458, 0.0, 0.0, 0.0, 0.0010993037742762918, 0.006419400855920114, 0.0019926934573231483, 0.0, 0.0, 0.03653444676409186, 0.013783597518952447, 0.004699248120300752, 0.010498687664041995, 0.0, 0.0, 0.0, 0.014036288942143102, 0.006635700066357001, 0.010090466249130133, 0.014232673267326733, 0.0, 0.06578026592022393, 0.02324797843665768, 0.0, 0.003795066413662239, 0.0, 0.0, 0.0, 0.0, 0.0, 0.0, 0.0, 0.0009752925877763329, 0.0, 0.036869565217391306, 0.0, 0.0, 0.0071090047393364926, 0.0, 0.0, 0.0, 0.0, 0.0, 0.011680726800778715, 0.007133152173913043, 0.0, 0.00482315112540193, 0.0017667844522968198, 0.0016160310277957336, 0.0, 0.007374158384097467, 0.0, 0.00033444816053511704, 0.0, 0.00032, 0.015357142857142857, 0.0, 0.0038022813688212928, 0.021235521235521235, 0.024315068493150686, 0.02720348204570185, 0.09985734664764621, 0.006654991243432574, 0.0823405746320953, 0.014831177027453455, 0.001670564650851988, 0.0, 0.0003225806451612903, 0.0, 0.0, 0.0, 0.0, 0.031132398221005816, 0.0, 0.005839917554105119, 0.014901198574667962, 0.1447457627118644, 0.004701627486437613, 0.001226993865030675, 0.009430540442509974, 0.0006863417982155113, 0.012445095168374817, 0.02051109616677875, 0.0010277492291880781, 0.014734144778987828, 0.02327272727272727, 0.010287335934728628, 0.04116575591985428, 0.0, 0.003115264797507788, 0.017282277194171466, 0.0, 0.0, 0.02957793286806248, 0.01882845188284519, 0.02940159114493255, 0.0, 0.007125890736342043, 0.01604643222942984, 0.0, 0.00494484594903005, 0.0, 0.0, 0.015202076381164257, 0.004980842911877395, 0.00462198745460548, 0.0, 0.10655450403084472, 0.0, 0.0, 0.02042866711319491, 0.0, 0.04684748150757309, 0.01131687242798354, 0.0, 0.0, 0.0, 0.021660649819494584]
speed reward list:[0.0, 0.0, 0.0, 0.0, 0.0, 0.0, 0.0, 0.0, 0.0, 0.0, 0.0, 0.0, 0.0, 0.0, 0.0, 0.0, 0.0, 0.0, 0.0, 0.0, 0.0, 0.0, 0.0, 0.0, 0.0, 0.0, 0.0, 0.0, 0.0, 0.0, 0.0, 0.0, 0.0, 0.0, 0.0, 0.0, 0.0, 0.0, 0.0, 0.0, 0.0, 0.0, 0.0, 0.0, 0.0, 0.0, 0.0, 0.0, 0.0, 0.0, 0.0, 0.0, 0.0, 0.0, 0.0, 0.0, 0.0, 0.0, 0.0, 0.0, 0.0, 0.0, 0.0, 0.0, 0.0, 0.0, 0.0, 0.0, 0.0, 0.0, 0.0, 0.0, 0.0, 0.0, 0.0, 0.0, 0.0, 0.0, 0.0, 0.0, 0.0, 0.0, 0.0, 0.0, 0.0, 0.0, 0.0, 0.0, 0.0, 0.0, 0.0, 0.0, 0.0, 0.0, 0.0, 0.0, 0.0, 0.0, 0.0, 0.0, 0.0, 0.0, 0.0, 0.0, 0.0, 0.0, 0.0, 0.0, 0.0, 0.0, 0.0, 0.0, 0.0, 0.0, 0.0, 0.0, 0.0, 0.0, 0.0, 0.0, 0.0, 0.0, 0.0, 0.0, 0.0, 0.0, 0.0, 0.0, 0.0, 0.0, 0.0, 0.0, 0.0, 0.0, 0.0, 0.0, 0.0, 0.0, 0.0, 0.0, 0.0, 0.0, 0.0, 0.0, 0.0, 0.0, 0.0, 0.0, 0.0, 0.0, 0.0, 0.0, 0.0, 0.0, 0.0, 0.0, 0.0, 0.0, 0.0, 0.0, 0.0, 0.0, 0.0, 0.0, 0.0, 0.0, 0.0, 0.0, 0.0, 0.0, 0.0, 0.0, 0.0, 0.0, 0.0, 0.0, 0.0, 0.0, 0.0, 0.0, 0.0, 0.0, 0.0, 0.0, 0.0, 0.0, 0.0, 0.0, 0.0, 0.0, 0.0, 0.0, 0.0, 0.0, 0.0, 0.0, 0.0, 0.0, 0.0, 0.0]
tls reward list:[-0.007496987503683947, -0.006570590991685121, -0.008161745676777918, -0.008248011753497857, -0.008100989331647743, -0.008145878183609793, -0.0073023969538488125, -0.007007342047049435, -0.007171014870723198, -0.006681060527667906, -0.0066944929456713344, -0.007158118815972611, -0.00741482941386135, -0.006529337023940266, -0.0069423457826231225, -0.0066239585558547495, -0.005749311748035361, -0.00594817360919248, -0.005755823122385672, -0.005935330273778312, -0.0065214501023913365, -0.005598249808603935, -0.006161668062751144, -0.005670334822174295, -0.005240254558086683, -0.005365794897790923, -0.00557647765590658, -0.005543100578263669, -0.005936208041874545, -0.005526661569215965, -0.005715031909387132, -0.005585468394670585, -0.005385227684095993, -0.005208306628396766, -0.005107708801334857, -0.00581188968951737, -0.005461996828684693, -0.005346036839642988, -0.00554464446034095, -0.005326042418840274, -0.005528656003391753, -0.005086032276942268, -0.0049459395682576205, -0.0049497765112302364, -0.005323823182428246, -0.00526123806264721, -0.005237426551321649, -0.005831011369086592, -0.005179144759280193, -0.005685020640452827, -0.005281005942833385, -0.00521671349310263, -0.005183752230397806, -0.005487584047005698, -0.005448078272401218, -0.005934775890076009, -0.005375156450076225, -0.005429741191867539, -0.005776227808874593, -0.00560244214320979, -0.005432054432543468, -0.0057069500895986155, -0.005114015201660806, -0.005811108625336932, -0.005225435714880151, -0.005420402381561497, -0.005310516741213035, -0.005359748595264965, -0.005503987121850785, -0.005566878237663928, -0.005429683804416564, -0.0057511584912425286, -0.005100748303484463, -0.005633071374609932, -0.005426409211941076, -0.005682494809268067, -0.005785541584950064, -0.005817534833738016, -0.005134802025529476, -0.0053324611775229435, -0.005440737431590141, -0.0054215241915952315, -0.00549182526526614, -0.0054021035819832525, -0.005447016360155302, -0.00521567068793574, -0.005350874561800366, -0.005380658189984814, -0.005200423898887338, -0.00532636312361969, -0.005527427199566064, -0.005693101388719716, -0.005383703519189055, -0.00505970155707494, -0.005406600793167109, -0.005671886726572574, -0.005964112925108064, -0.0058116176914942055, -0.005293019357525482, -0.0055084186870112154, -0.005535767403034656, -0.0052102666230105, -0.005447105245895192, -0.005640195742976861, -0.005164116788434083, -0.005233344889215181, -0.005353026959588179, -0.005528878279722742, -0.005505773887830344, -0.0057011058767787205, -0.005606652218689604, -0.005389057367139369, -0.005409313723311117, -0.0056022106952557105, -0.005337829189870825, -0.005326823083611688, -0.005591395767115568, -0.005028201803143138, -0.005714776152711843, -0.005362757479773866, -0.005574475854034257, -0.00547390648510003, -0.005316689407569872, -0.00533962320589853, -0.005110686344940394, -0.005315730302331298, -0.00536248500938818, -0.005538489363944995, -0.005222992517579952, -0.005606178224497122, -0.005344566677548855, -0.005534472906802711, -0.005235219595208845, -0.005776160190880825, -0.005539755233755207, -0.005579896504421239, -0.005182631636927679, -0.005408770299849706, -0.004953803828833651, -0.0051482952407045065, -0.0053994622178575955, -0.005341922852043913, -0.005695010792532895, -0.005445158828861748, -0.005660474421544791, -0.005541763414054509, -0.004953435487438447, -0.005673199968702347, -0.005065092859252148, -0.004892990795554232, -0.005171703721504849, -0.0054261050167281255, -0.005581088144375204, -0.00526161001361617, -0.005684403320937385, -0.005396231833584151, -0.005230196320791156, -0.0054481611118462215, -0.005781321266439231, -0.005621743058521139, -0.005380412430155809, -0.005667079401326097, -0.00539583694851334, -0.005743794495203445, -0.005573556242191187, -0.00553908247867817, -0.005271016647640071, -0.005508973887493364, -0.0056953219562117935, -0.0053437560737831236, -0.005399156896865896, -0.0054248468778911475, -0.005466499617014449, -0.005499580579186113, -0.00544186049564012, -0.00547646387676763, -0.005632377931529812, -0.00559894762118327, -0.005391239176637752, -0.005513805440249298, -0.005737024279262473, -0.005457567453279585, -0.005453262277538537, -0.005460368085215991, -0.005459206298011221, -0.0056947592479512105, -0.005563870157652648, -0.005313490656813429, -0.005425193453910268, -0.005461715242591434, -0.005254266327152691, -0.005695972875916931, -0.005525226969523154, -0.005409986324801152, -0.005458390272471395, -0.005404884558950093, -0.005449628743670462, -0.005669690937097109, -0.005388018459546872, -0.0056897055895674745]
target reward list:[-0.36818903741934833, 0.06860846545056644, 0.18345951791096404, 0.16072213896567344, 0.2363331094057414, 0.29667523258668466, 0.3171367417743086, 0.36135068941180853, 0.4243908953559985, 0.42897289047609427, 0.4615422570024752, 0.4758906523394309, 0.4975045350694752, 0.5166013405447912, 0.5396680755736502, 0.5793595987206651, 0.5318154916271483, 0.5437898686242717, 0.5263281956278669, 0.5389872617414939, 0.4305235477581921, 0.5621095650660486, 0.5696084650734257, 0.6024870766767704, 0.5627274963139361, 0.5861394554790074, 0.5470753291467493, 0.5588359625611627, 0.5960405490493846, 0.5707590448363583, 0.5550279198273511, 0.5736459366510345, 0.582410561061532, 0.5235083036289991, 0.49134601044579496, 0.5561103581852446, 0.6008317058011569, 0.5685773363780169, 0.5200909212314162, 0.5443998481763068, 0.5608502251013299, 0.5317891956510498, 0.5425146514994895, 0.481466246869932, 0.5755619975766058, 0.5528546321873834, 0.5688187014240009, 0.5797687503087389, 0.5560454395794969, 0.5239677959614459, 0.5318166179877596, 0.5338230162030401, 0.5671546571573722, 0.5329159052090504, 0.5891862892953292, 0.5593903217274658, 0.5741065088277721, 0.5590246634386691, 0.5569149917011692, 0.5779752669137576, 0.5488896886935561, 0.5755367565123418, 0.47949780535811537, 0.5868746340755762, 0.5599553989251449, 0.5353511127807028, 0.5735907136871525, 0.5832880734929341, 0.6124552480889056, 0.6012250933826614, 0.584407365647754, 0.5460259316540848, 0.1674735317975772, 0.5638197968005798, 0.6007003064131421, 0.6012794077011931, 0.5950860802892708, 0.4969814419368567, 0.177018422690979, 0.576795319578725, 0.5847953852177521, 0.5367140432293928, 0.5467938125204999, 0.582433983574202, 0.5578042251278498, 0.5632052150443284, 0.575444374678056, 0.5787421087644997, 0.5467389009886822, 0.564561438157103, 0.5288079254854933, 0.5287328248322231, 0.5317630575671878, 0.578031298521485, 0.5449574602229007, 0.5802812967319871, 0.5470974126522362, 0.5605419347370619, 0.5705224480953333, 0.56082584556069, 0.5786177033919885, 0.5539580652765755, 0.5438465270242449, 0.5698586386321501, 0.5721107724661019, 0.5591848176603759, 0.5573168207563801, 0.5683750306355362, 0.5985100986831271, 0.5973876212124293, 0.5591738655208752, 0.602078016992273, 0.55877469384151, 0.5924099543431223, 0.5353696030141204, 0.5668942024424029, 0.5510121920839162, 0.5509848294147622, 0.5693335312820794, 0.5679386605947185, 0.5606536453192075, 0.537450788213717, 0.5673262767698706, 0.5700732301439168, 0.5601923830228646, 0.5313435090322005, 0.6088515831365412, 0.5591369335816567, 0.5460546471655936, 0.5805186910318928, 0.5727308450502684, 0.6068181875583363, 0.5635397013936131, 0.5867196218660223, 0.5661726658379551, 0.5836918135378586, 0.5563358873847744, 0.5677558016409183, 0.5656081334615096, 0.5605803582282084, 0.5668898706141504, 0.5639398944769248, 0.5850934942202839, 0.5210202016114326, 0.6096034138172373, 0.5926533754948803, 0.5520915098469132, 0.5782873324909772, 0.5549229763164721, 0.5429061333166502, 0.5932641214637236, 0.5829896866350427, 0.5457624686363514, 0.5986910322061931, 0.5779633851348134, 0.5694600355571322, 0.5960779675270746, 0.5777923209544521, 0.5294100440907868, 0.5739917571621469, 0.5933782530138234, 0.5461333160043895, 0.5697587975855796, 0.5410181975837027, 0.5611854627673586, 0.5842131800057013, 0.5507766803604941, 0.5614944070818086, 0.5417197620632964, 0.5438748189596878, 0.5565490947237749, 0.5884495917246737, 0.5669420413072231, 0.6009681317715853, 0.5674319117797313, 0.5775918798835454, 0.5653961514996756, 0.5802387709427782, 0.5614812687435269, 0.567215710945584, 0.5366729593269255, 0.5795758870053059, 0.567629022852576, 0.5610728177971551, 0.5806158343365493, 0.5828301268878266, 0.5663912058880162, 0.5992360795642611, 0.5570129451760862, 0.5285833671686314, 0.5777681544089892, 0.6070348681085448, 0.5933996930668051, 0.5943857900957863, 0.5756079940805431, 0.560865621301133, 0.5814464801438548, 0.5973911746985202, 0.5898304393686621, 0.5647638382408815]
safe reward list [0.0, 0.0, 0.0, 0.0, 0.0, 0.0, 0.0, 0.0, 0.0, 0.0, 0.0, 0.0, 0.0, 0.0, 0.0, 0.0, 0.0, 0.0, 0.0, 0.0, 0.0, 0.0, 0.0, 0.0, 0.0, 0.0, 0.0, 0.0, 0.0, 0.0, 0.0, 0.0, 0.0, 0.0, 0.0, 0.0, 0.0, 0.0, 0.0, 0.0, 0.0, 0.0, 0.0, 0.0, 0.0, 0.0, 0.0, 0.0, 0.0, 0.0, 0.0, 0.0, 0.0, 0.0, 0.0, 0.0, 0.0, 0.0, 0.0, 0.0, 0.0, 0.0, 0.0, 0.0, 0.0, 0.0, 0.0, 0.0, 0.0, 0.0, 0.0, 0.0, 0.0, 0.0, 0.0, 0.0, 0.0, 0.0, 0.0, 0.0, 0.0, 0.0, 0.0, 0.0, 0.0, 0.0, 0.0, 0.0, 0.0, 0.0, 0.0, 0.0, 0.0, 0.0, 0.0, 0.0, 0.0, 0.0, 0.0, 0.0, 0.0, 0.0, 0.0, 0.0, 0.0, 0.0, 0.0, 0.0, 0.0, 0.0, 0.0, 0.0, 0.0, 0.0, 0.0, 0.0, 0.0, 0.0, 0.0, 0.0, 0.0, 0.0, 0.0, 0.0, 0.0, 0.0, 0.0, 0.0, 0.0, 0.0, 0.0, 0.0, 0.0, 0.0, 0.0, 0.0, 0.0, 0.0, 0.0, 0.0, 0.0, 0.0, 0.0, 0.0, 0.0, 0.0, 0.0, 0.0, 0.0, 0.0, 0.0, 0.0, 0.0, 0.0, 0.0, 0.0, 0.0, 0.0, 0.0, 0.0, 0.0, 0.0, 0.0, 0.0, 0.0, 0.0, 0.0, 0.0, 0.0, 0.0, 0.0, 0.0, 0.0, 0.0, 0.0, 0.0, 0.0, 0.0, 0.0, 0.0, 0.0, 0.0, 0.0, 0.0, 0.0, 0.0, 0.0, 0.0, 0.0, 0.0, 0.0, 0.0, 0.0, 0.0, 0.0, 0.0, 0.0, 0.0, 0.0, 0.0]
speed list [15.282479435754203, 15.39968364767072, 15.506449285207534, 15.253427172198814, 14.985797747053466, 15.184591697632777, 14.482715320394169, 14.493729120306774, 14.801699010410326, 14.442289992231593, 14.878336083712123, 14.589119786518252, 14.709574392028832, 15.192138974940395, 15.151228696126424, 15.358431138786461, 14.639284916741799, 14.811719304281791, 14.814864045488875, 14.713230503388077, 12.760975786381398, 14.678943483356331, 15.124641683267916, 15.342654770696377, 14.961715914243284, 15.06744982936908, 15.245567750021218, 15.15161991244313, 15.31631950239783, 14.966950246702167, 14.859878923608894, 15.030276556484026, 15.429007786895665, 14.870152370069949, 14.211381664605632, 15.055062505637464, 15.142725962296275, 15.066012481637973, 14.978709420472933, 15.153074448664157, 15.179294309975303, 15.11398199880429, 15.33435528911939, 14.102820351388642, 15.120144323662226, 15.154822296878185, 14.895081925816418, 15.033566784864343, 15.225646320489686, 15.147894321071723, 15.199977176102793, 15.173269366461772, 15.286661823746654, 14.742942122020267, 15.234352095053964, 14.931569762155926, 14.941438336002962, 15.16654589656128, 15.19031099811189, 15.144965511132714, 14.868892745703945, 14.89536526234527, 13.887981489918712, 15.253768150527922, 15.075383167432356, 15.073985581196618, 14.996248845859688, 15.00161416603992, 15.27629604970251, 14.957490331700923, 15.158809882598234, 14.411625976172758, 9.661817692349986, 14.749743201532905, 15.207114814495156, 15.132172802080076, 15.07186163338101, 14.486151014345426, 9.265243419499749, 15.137248395155888, 15.079514502582994, 15.032251977460461, 15.00827731733218, 15.18821894146372, 15.306474110862803, 15.19639660836278, 15.073080303610823, 15.247255066022657, 15.091320900034262, 15.281940546320966, 15.231038668988276, 15.073016238437333, 14.896289480735486, 15.068677604317514, 15.054747808409308, 15.128619563359713, 15.108524248297748, 15.217030194431715, 15.259236724427817, 15.024147489809254, 15.023803080986202, 15.280576848106094, 15.057647707433095, 14.881042087402777, 14.863527100258931, 14.999029665328639, 15.14294374156454, 14.78157421964322, 15.126521239889165, 15.233555921610298, 15.122774027560418, 15.24202377059915, 15.332276527948089, 15.125961889588483, 14.59938859742172, 15.131556547290348, 15.016233047958522, 15.049289603457558, 15.101322689959792, 14.966458812000795, 14.995473239308364, 14.928361443216545, 15.210262000736888, 15.12430128238507, 14.798293575601257, 15.026937183610437, 15.076308077999874, 14.916210830953847, 15.124819811042544, 15.245206094921935, 14.987657866073938, 15.23981291873415, 15.15439982756656, 15.078416857867996, 15.016077535777683, 15.214173921532637, 15.029463084165654, 14.983002548225535, 15.126565585478687, 15.127656105735836, 15.107747567156888, 14.92651785214125, 15.098770047399238, 14.640682458138985, 15.3243024418091, 14.859669640488901, 15.230147797816032, 15.193788624436804, 15.279672714466178, 14.715060652714117, 15.172168704027248, 15.063792605756932, 15.431206456480146, 15.153320997740757, 15.149873157690763, 14.923683079379165, 15.117491360569305, 14.984435858575472, 14.412751088030843, 14.803083140467297, 15.133482505848102, 14.88925507069133, 14.987160481194199, 14.980166167867532, 14.944410382588927, 15.123824499114773, 15.100650948335282, 15.26897293873599, 15.1442525451249, 14.995418063908856, 15.320990338208576, 15.344754795957261, 15.123733913712892, 15.215107019275159, 14.979279929520022, 15.205546210770626, 15.169831379338193, 14.961391543789984, 14.959934201721511, 15.248272409948592, 15.097673406242741, 15.15191205830315, 14.792810240105142, 15.05235002421783, 15.053624794308416, 14.989783571123132, 15.084823691544452, 15.209165666934139, 14.953433287816246, 14.314734715766322, 14.999720651107221, 15.130310041136955, 15.194873899730299, 15.207822632988416, 15.039200220138774, 14.892377479260006, 15.024115415117334, 15.25197320555284, 15.144090517882312, 15.011628402499158]
ec list [59.73838353486559, 57.02166915415674, 57.89411949775285, 58.221047335776554, 57.993000180504886, 58.29328397274895, 58.18876375047036, 58.54899988200586, 58.33213542097683, 58.18030473107995, 58.019484158612435, 58.64788772812642, 58.29433414702418, 58.083131727805814, 58.12024750530131, 57.88093214762324, 57.79619848145347, 57.224355942165545, 57.425207387915705, 57.97157071742072, 60.28545946746269, 57.75752675737496, 57.84172212418733, 57.5563370145374, 57.60800384304144, 57.560973715846174, 57.45679045092881, 57.264905678928805, 57.41124170492029, 57.48497745285147, 57.50869573554268, 57.378552393096996, 57.30765836778135, 57.31310608584394, 58.20818988904873, 57.508829405466976, 57.206869783882944, 57.35451982000923, 57.33457757696155, 57.159567951029146, 57.189114684017795, 57.2935763341338, 57.24540284943871, 58.29198755367404, 57.297587877788764, 57.36747205387054, 56.95168059477651, 57.351034239846314, 57.273573077405615, 57.40783489597095, 57.38553149922971, 57.34644060764736, 57.37122626061662, 57.49917869865277, 57.39278990557888, 57.458351058727175, 57.48159071352025, 57.0842233739278, 57.35241030598071, 57.218467685756224, 57.25859773084134, 57.32223348277301, 58.15659594552693, 57.54351067523581, 57.255404569802195, 57.37399887319804, 57.33594349375942, 57.09157965189183, 57.206673423285736, 57.24903018941709, 57.43648561783863, 58.277951698044866, 67.00630853851332, 58.13780026056324, 57.21675120591921, 57.65087056301496, 57.456071097790385, 58.44116570221104, 67.48026281625815, 57.491764818882075, 57.47250410427415, 57.46698853342087, 57.33442911785935, 57.23647965080167, 57.074728328675384, 57.27390544193036, 57.25409049095139, 57.27240010545782, 57.177782216216535, 56.98270836966446, 57.14271206514166, 57.303619215938525, 57.16669363345054, 57.203234346867546, 57.186802629870385, 57.59209220015156, 57.38555402597802, 57.23990171996958, 57.293022491695254, 57.025204138062456, 57.2985027178332, 57.27419360574733, 57.10315561653155, 57.24880527550476, 57.014384891331524, 57.383041929523756, 57.14425715441545, 57.28745143150558, 57.214006624901835, 57.32649135973707, 57.32378159714639, 57.39903567147822, 57.4031795903511, 57.044044739903406, 57.471361135782246, 57.290164261706984, 57.08610013740659, 57.2688083681831, 57.460085182661935, 57.12821929429054, 57.22483685270001, 57.23780386232982, 57.11727355074593, 57.17304612137913, 56.93927448874422, 57.2420816930757, 57.172055537392794, 57.26216211152808, 57.110853968406495, 57.21107566181136, 57.08297713592637, 57.164354822596955, 57.01475274875253, 57.25310713763955, 57.008971888852926, 56.97061706471504, 57.32216491673309, 57.29853486333371, 57.16219171909593, 57.148231934734376, 57.139108628067596, 57.05733101596397, 57.679165123295824, 57.30495527134274, 57.05938391559354, 57.56743216785804, 57.08387129932868, 57.35696258657299, 57.128652211525086, 56.8083011853219, 57.04109530893096, 57.169944865315315, 57.44517089077877, 57.21759153055082, 57.45675635732015, 57.17501436217258, 57.170602392189146, 57.261873245040015, 58.072251114657085, 57.29681985944782, 57.51432643521222, 57.386846051065824, 57.03241523604714, 57.29521009288241, 57.1499529483481, 57.17612378627069, 57.174842912361584, 57.36713717687757, 57.14452793126436, 57.31684504144794, 57.44379232045205, 57.14732356657365, 57.13664850881709, 57.29942340497186, 57.04244478110808, 57.33292243427693, 57.13118593337935, 57.43878798159869, 57.146177970584134, 57.345281450016984, 57.326745854286585, 57.29373667317048, 57.12797854536944, 57.22179417617746, 57.2094101660162, 57.139517340053516, 57.11826174528078, 57.280465552334014, 57.20142725748772, 57.46040980155965, 57.2560624313992, 57.377105866866366, 57.389626145240015, 57.24178341759691, 57.18953774098658, 57.36926767190128, 57.11748500646152, 57.3218139945237, 57.24636334597807, 57.36080378568247]
jerk list [0.14120050990004515, 0.23412356616888455, 0.29516823907732626, 0.3861661871571638, 0.38354317545587996, 0.3867811720290342, 0.4509102636291928, 0.5038745241341535, 0.47852185731442376, 0.4241350394579891, 0.48805173712774347, 0.588639872516913, 0.5440821623436002, 0.48981472461988934, 0.5324726465374937, 0.46847038901286225, 0.49428791364173513, 0.4226562625239017, 0.4434541887853212, 0.4837010564801331, 0.5696844344137546, 0.4164707460032913, 0.45846425801900675, 0.4484453060085948, 0.44121768505730113, 0.413687580540221, 0.4082503552876543, 0.39990926808103266, 0.42067531028864913, 0.4094067147034673, 0.40567105535474424, 0.40615819538888737, 0.37619013635069737, 0.41231298828332597, 0.4104151906572534, 0.3904007801819258, 0.39587439053515405, 0.39997251457211797, 0.38953071961074676, 0.37156915268347035, 0.37627648227299154, 0.3644485030735342, 0.35415941406859713, 0.41981256398789185, 0.3799943983764674, 0.3797151743058796, 0.3847271766330196, 0.40428758419405064, 0.3814037886641795, 0.38112354375054197, 0.35953966943916216, 0.3558368733251383, 0.3724794847645441, 0.3977940729974048, 0.3976442146839549, 0.4130763227924192, 0.40543184503853413, 0.37892615635405613, 0.38440132643404223, 0.39296939161691874, 0.4056434578610328, 0.3944782215850935, 0.39019078851483924, 0.3909613462673241, 0.38586191767171596, 0.39821164332016407, 0.3933058186639109, 0.3888312017697687, 0.37760161208361853, 0.40499309674766365, 0.3950270786715368, 0.5110328419450169, 0.4437148692128536, 0.42620649412725337, 0.40019323919465477, 0.41765114819661925, 0.42360825270858765, 0.43305596058611856, 0.47467425156760223, 0.4479033315630001, 0.406321590153509, 0.38486206155610003, 0.37668216026638246, 0.387929479228843, 0.3878966132512511, 0.39179386973126584, 0.380083520119552, 0.3748780865275588, 0.3588522088410916, 0.3640896418770442, 0.3640316398579936, 0.36660592950055776, 0.37782730879667176, 0.3816641210048917, 0.38275777735705796, 0.3976253287035264, 0.41081037581571905, 0.3826798002120467, 0.3688974006301566, 0.38653992445788754, 0.3784412196951944, 0.36739245287600003, 0.37609226748679664, 0.397960590489546, 0.3804708137543698, 0.3994388360775654, 0.38281379886081085, 0.40453711282204846, 0.38938272223414516, 0.3875386649410233, 0.39384532873137146, 0.3938694286863644, 0.38371473356915836, 0.3932615005871499, 0.3945136978430143, 0.38346019525703534, 0.3758577310079856, 0.37112564341193366, 0.38199487994858766, 0.3879010396787804, 0.3903919237579747, 0.38724494336274917, 0.37223255853992393, 0.37302908912161725, 0.37377839144757813, 0.3734987214513134, 0.3844478888439141, 0.3919182619758648, 0.361725589298479, 0.38145594036505504, 0.3856303260067366, 0.38024381517945227, 0.3682362145652846, 0.3898042214310288, 0.38633162630102336, 0.37854198196201283, 0.3680343011806852, 0.38553984425799703, 0.37902667618277047, 0.37342449909404896, 0.375829227106245, 0.3822638533665799, 0.40165165559110866, 0.3886956138183443, 0.3726338005709895, 0.3827361467955145, 0.3770275435631396, 0.3908458016919187, 0.3679260262517053, 0.38199719994337233, 0.3704282368751414, 0.39340376572336166, 0.3885369189918881, 0.3827028988516355, 0.3954304714278416, 0.38727327416975726, 0.3871798824637915, 0.3868791489602959, 0.4540454109292851, 0.4281348995822901, 0.40316546341820525, 0.4053725314992849, 0.3886894278241011, 0.39909634429944474, 0.3957441241585007, 0.3867925699529072, 0.3839374218653908, 0.36120129827986813, 0.38257770447487366, 0.3695967506690067, 0.3791455870799671, 0.36839912356652726, 0.38520301744708824, 0.3857650257678651, 0.40188052718707223, 0.3720123789053711, 0.37750745263888486, 0.38847371339316517, 0.3822090400229446, 0.38828773103036096, 0.3929112176895336, 0.394147023520155, 0.3868478138126278, 0.3899898848698173, 0.38798289676130226, 0.39466898971223996, 0.37388051882600376, 0.38061099184070474, 0.3911056236976376, 0.4082792527137911, 0.39338418751296333, 0.39181616555310883, 0.376114677878366, 0.38436882840048114, 0.382930287756551, 0.40253944898101984, 0.39677660995673086, 0.3940299477446479, 0.3942612268535915, 0.407103632572196]