
Env:SUMO, Algorithm:MADDPG, Device:cuda:1
-----------------------------------------
{'algo': 'MADDPG', 'env': 'SUMO', 'seedVal': 20150427, 'gamma': 0.99, 'epsilon': 0.001, 'critic_lr': 0.005, 'actor_lr': 0.0001, 'memory_capacity': 1000000, 'batch_size': 512, 'train_eps': 200, 'eval_eps': 10, 'epsilon_start': 3, 'max_speed': 28, 'target_update': 4, 'hidden_dim': 256, 'soft_tau': 0.001, 'max_action': 2, 'device': device(type='cuda', index=1), 'simulation_steps': 3600, 'pathToSumoFiles': 'rou_net2_single', 'model_dest_path': 'models/', 'model_dest_path_leader': 'ep200_', 'model_dest_path_follow': '', 'logName': 'ep200_gamma0.990000_tua0.001000.txt', 'procID': 15}
seed 20150427
当前的gamma是0.99, 当前的soft tau是0.001
-----------------------------------------
model saved successfully!
Complete training!
final reward list:[-0.35749526924845315, 0.33968368152524253, 0.46918598778268, 0.45933708086024677, 0.5034668015357243, 0.5268317529099381, 0.4844852127304686, 0.5007805587370655, 0.48144537934625664, 0.5310971375273649, 0.5427342647681108, 0.5111629754504334, 0.5140115979001945, 0.5221227523264769, 0.48952094335002977, 0.5006497626692749, 0.4269402587752133, 0.41178911668160195, 0.3711085231876272, 0.3790788405764014, -0.16584522248653777, -0.3654633581808577, 0.30550502544371516, 0.5001895409672716, 0.4714518393637116, 0.34408482122043715, 0.04727474830646072, 0.4112861166919924, 0.526086141889963, 0.5358652205742654, 0.5580454103849845, 0.5647494553766973, 0.6010436976052853, 0.5472120136976059, 0.5587339366343083, 0.5384472276509545, 0.5788941574388655, 0.5645607862474025, 0.5140403779409883, 0.5460645087575933, 0.5403816902797817, 0.520644667289672, 0.5540729802738428, 0.5441528693563406, 0.5613783223190439, 0.5364317697105837, 0.5437309217787888, 0.5828847842635505, 0.5548724897415274, 0.5323718475260106, 0.5538227135604145, 0.5443558689450382, 0.5750262716661431, 0.5170284792480724, 0.5715777421728006, 0.5348816979490715, 0.5557694321644081, 0.5864820967667863, 0.5374284265880414, 0.568449964417064, 0.5182255895292797, 0.5360522559431724, 0.4516926455773292, 0.5497458542942301, 0.5466033833201783, 0.5435399504317371, 0.5367353736799426, 0.5725450152737912, 0.5967686810419798, 0.5549540920848578, 0.5643373169829597, 0.5595112449254203, 0.5797020272575208, 0.5320913340329928, 0.5679544680659423, 0.55468870163065, 0.47162418645806664, 0.387289129508622, 0.43360124547400186, 0.3332800159555048, 0.39504940724637005, 0.44046332924864173, 0.49054186715837017, 0.5775723417186512, 0.5295737792173069, 0.5527824212958408, 0.5378671196612288, 0.566570501115045, 0.518529836775161, 0.5308456928996648, 0.5188212073153167, 0.5489443509920278, 0.5747060807667468, 0.5731557302566017, 0.5495185278666135, 0.5724011919626647, 0.5521764943939906, 0.5642928824590869, 0.565184564697643, 0.5580413036544931, 0.582122912193372, 0.5096095963688063, 0.5681497376416195, 0.548669968724936, 0.5412868917443407, 0.542558606158389, 0.5552666044744708, 0.5337671338874562, 0.5567345769073002, 0.5666597605982278, 0.5330895365549774, 0.5288904470127346, 0.5507566001041274, 0.566740081711829, 0.5111282908559428, 0.5706505493755013, 0.5353952002405326, 0.5013351057097944, 0.5567077573922764, 0.5515312840536942, 0.5522389652272899, 0.5547743912802616, 0.5785625918745098, 0.5634709208842137, 0.5584108960193683, 0.5342925321263179, 0.5800682927653622, 0.5661104206062255, 0.5312071475362554, 0.5636248062004663, 0.5590768628166344, 0.6108300594956556, 0.5739838886620336, 0.5850698035588164, 0.5976129521116377, 0.5554651457020813, 0.5765606585220666, 0.5753794040673985, 0.5691342768165969, 0.5748968405874872, 0.5676142475089953, 0.5588435861564159, 0.5821977423084983, 0.5287688234943935, 0.5861115014162375, 0.5766565278898239, 0.5263051719805523, 0.5476932635947207, 0.5425416997216349, 0.5374455519930481, 0.5577391393928215, 0.5933687583040338, 0.5557740340471823, 0.5560452065009707, 0.5646528011440184, 0.5376998337380087, 0.5519431482433886, 0.5457975457518335, 0.4818236829550049, 0.5385386294852869, 0.5353839637677174, 0.5225289987191141, 0.5644122784794521, 0.5139907480545817, 0.549024904014271, 0.5575938576723407, 0.5466752927587197, 0.5561048452374141, 0.5628063613314218, 0.5288133901131724, 0.5283616454159028, 0.5715029489331908, 0.5328610696360603, 0.547254555977436, 0.5367567289259011, 0.5468196332357488, 0.5488946952094831, 0.531361263157202, 0.5287845144627211, 0.5491860183346933, 0.5016922535561009, 0.5634651852384213, 0.5299200131459711, 0.5325618532781261, 0.5400623968674817, 0.5413798531486562, 0.5190998487903007, 0.5276739690136999, 0.5254170792683324, 0.5026069067087151, 0.5266144364146421, 0.5398019869219397, 0.5583850422444695, 0.5455254815575916, 0.552651802493565, 0.5168995377472199, 0.5072620707452373, 0.5417518872592926, 0.5361280317541397, 0.5246065870521355]
final halt list:[2.114677244861161, 0.035422343324250684, 0.016977363515312916, 0.02028714107365793, 0.003209700427960057, 0.0006990562740300594, 0.04133333333333333, 0.0, 0.05079681274900399, 0.05874125874125874, 0.014710485133020344, 0.02564935064935065, 0.00686106346483705, 0.020162601626016262, 0.02503250975292588, 0.047762191048764197, 0.31855701620299604, 0.8110912343470483, 0.9176694110196327, 1.2500902201371347, 13.58278364116095, 18.275, 2.6213862765586904, 0.21618985695708712, 0.2784645413142485, 1.6002687269062814, 5.965162574651626, 0.9534038334434898, 0.2338653712699514, 0.08197236180904523, 0.036382536382536385, 0.011419249592169658, 0.030897009966777408, 0.0, 0.020550215445807093, 0.042267365661861074, 0.03056768558951965, 0.009399127223900638, 0.056530898876404494, 0.015080428954423592, 0.01918111398008115, 0.042080848243870116, 0.00932176149148184, 0.01728, 0.016789087093389297, 0.0, 0.024066091954022987, 0.0, 0.0, 0.0204560697518444, 0.0047522063815342835, 0.019741100323624597, 0.006117192530585963, 0.06582446808510638, 0.022178086726249588, 0.016095890410958904, 0.0033738191632928477, 0.0, 0.004067796610169492, 0.0, 0.028629856850715747, 0.0736196319018405, 0.17109867039888033, 0.0391156462585034, 0.0, 0.0009430996541967935, 0.014664586583463339, 0.0, 0.0, 0.0, 0.015450361604207758, 0.0, 0.0, 0.00440852314474651, 0.0013179571663920922, 0.03888888888888889, 0.5582646109716745, 1.2314578005115089, 1.3014305177111716, 1.7255663430420711, 1.0053308247099404, 0.33661167512690354, 0.16042966042966042, 0.0, 0.0, 0.030977734753146177, 0.0, 0.004992867332382311, 0.0019913707268503153, 0.0009852216748768472, 0.009152542372881356, 0.02086230876216968, 0.001379310344827586, 0.0, 0.013451443569553806, 0.0, 0.0, 0.0, 0.018822724161533196, 0.0, 0.0, 0.01020408163265306, 0.0, 0.002797202797202797, 0.02324797843665768, 0.0, 0.0006325110689437065, 0.0, 0.0, 0.0, 0.004173354735152488, 0.0, 0.0, 0.0003498950314905528, 0.022431729518855657, 0.0, 0.05458970792767733, 0.0, 0.0, 0.00033852403520649965, 0.0, 0.0, 0.0, 0.0, 0.0006775067750677507, 0.015235008103727715, 0.019021739130434784, 0.0, 0.010935992280476037, 0.0035335689045936395, 0.0006464124111182935, 0.0, 0.0, 0.0, 0.00033444816053511704, 0.0, 0.006074168797953964, 0.024642857142857143, 0.0, 0.005183137525915688, 0.013191763191763193, 0.024323398424117848, 0.0, 0.08024251069900143, 0.0017513134851138354, 0.003854239663629993, 0.02996845425867508, 0.005006675567423231, 0.0, 0.0003224766204450177, 0.0, 0.0, 0.0, 0.0, 0.034895655148819704, 0.00580997949419002, 0.0006870491240123669, 0.024951393389500972, 0.05083022704168079, 0.014104882459312839, 0.001226993865030675, 0.016690856313497822, 0.001029512697323267, 0.009150805270863836, 0.0003362474781439139, 0.023980815347721823, 0.015054452274183215, 0.018538713195201745, 0.01596310748492373, 0.014207650273224045, 0.0, 0.015922464520595363, 0.027109454422229753, 0.0, 0.0029605263157894738, 0.0, 0.003486750348675035, 0.0, 0.0, 0.00033944331296673454, 0.0010245901639344263, 0.0, 0.0026626093571700264, 0.0, 0.0, 0.0007415647015202076, 0.00038299502106472615, 0.0009894459102902375, 0.0, 0.041710480196284615, 0.0, 0.0, 0.013730743469524447, 0.0, 0.0031690140845070424, 0.005145797598627788, 0.0, 0.0, 0.0, 0.0]
speed reward list:[0.0, 0.0, 0.0, 0.0, 0.0, 0.0, 0.0, 0.0, 0.0, 0.0, 0.0, 0.0, 0.0, 0.0, 0.0, 0.0, 0.0, 0.0, 0.0, 0.0, 0.0, 0.0, 0.0, 0.0, 0.0, 0.0, 0.0, 0.0, 0.0, 0.0, 0.0, 0.0, 0.0, 0.0, 0.0, 0.0, 0.0, 0.0, 0.0, 0.0, 0.0, 0.0, 0.0, 0.0, 0.0, 0.0, 0.0, 0.0, 0.0, 0.0, 0.0, 0.0, 0.0, 0.0, 0.0, 0.0, 0.0, 0.0, 0.0, 0.0, 0.0, 0.0, 0.0, 0.0, 0.0, 0.0, 0.0, 0.0, 0.0, 0.0, 0.0, 0.0, 0.0, 0.0, 0.0, 0.0, 0.0, 0.0, 0.0, 0.0, 0.0, 0.0, 0.0, 0.0, 0.0, 0.0, 0.0, 0.0, 0.0, 0.0, 0.0, 0.0, 0.0, 0.0, 0.0, 0.0, 0.0, 0.0, 0.0, 0.0, 0.0, 0.0, 0.0, 0.0, 0.0, 0.0, 0.0, 0.0, 0.0, 0.0, 0.0, 0.0, 0.0, 0.0, 0.0, 0.0, 0.0, 0.0, 0.0, 0.0, 0.0, 0.0, 0.0, 0.0, 0.0, 0.0, 0.0, 0.0, 0.0, 0.0, 0.0, 0.0, 0.0, 0.0, 0.0, 0.0, 0.0, 0.0, 0.0, 0.0, 0.0, 0.0, 0.0, 0.0, 0.0, 0.0, 0.0, 0.0, 0.0, 0.0, 0.0, 0.0, 0.0, 0.0, 0.0, 0.0, 0.0, 0.0, 0.0, 0.0, 0.0, 0.0, 0.0, 0.0, 0.0, 0.0, 0.0, 0.0, 0.0, 0.0, 0.0, 0.0, 0.0, 0.0, 0.0, 0.0, 0.0, 0.0, 0.0, 0.0, 0.0, 0.0, 0.0, 0.0, 0.0, 0.0, 0.0, 0.0, 0.0, 0.0, 0.0, 0.0, 0.0, 0.0, 0.0, 0.0, 0.0, 0.0, 0.0, 0.0]
tls reward list:[-0.007584803024106441, -0.006570079575799998, -0.006892142992625335, -0.006083356029296727, -0.006114356859864817, -0.005710389555900198, -0.005881298241566687, -0.005947716748078648, -0.006458003025631925, -0.00607040333044848, -0.005874940817380226, -0.005460681872645034, -0.005362794443408302, -0.004755664358589334, -0.005285458892011215, -0.005345010418220076, -0.005077245771916071, -0.005131757630675762, -0.005357621297647415, -0.005773484398361664, -0.0048779257710680575, -0.004356468244785856, -0.005680573596284903, -0.005094202359213023, -0.005393469451889268, -0.0057888335396330615, -0.004855700712579015, -0.00535484711484449, -0.005420712174581693, -0.005034504816748153, -0.005620054291507735, -0.0054930401300664145, -0.005209207391796473, -0.004769331665163736, -0.005233730633390615, -0.005489401568636285, -0.005590070286758516, -0.005272444869190299, -0.005135339288731136, -0.005196689266710533, -0.005757136234922772, -0.005287115095098955, -0.005189794457882013, -0.00513314238037233, -0.005179395906585139, -0.005122518963837636, -0.005224981859763219, -0.005894573537035077, -0.0053936166482572104, -0.00557869729336005, -0.00517910727968666, -0.0052684026422087395, -0.005409978200575978, -0.005597717315346378, -0.005526869786283329, -0.005796532232137121, -0.005416080229663177, -0.005481569307009291, -0.005693313557891358, -0.005584962551397455, -0.004978540333961543, -0.005190391996020451, -0.004879180208969344, -0.005396352111978449, -0.004981922755941862, -0.005286902675158039, -0.005355085521784261, -0.005436593098223667, -0.005436870425807603, -0.00577929598786915, -0.005515882413539106, -0.005653921581869764, -0.00538857422676494, -0.005955884131701517, -0.004993297340112848, -0.005241564711630703, -0.005337064235609358, -0.0051446214264223794, -0.005700941919494217, -0.005450050385736233, -0.005722938713700555, -0.005590509781697163, -0.005883991579506179, -0.005405198560796055, -0.005441561015476015, -0.005341920436316988, -0.00571933538690872, -0.005958771667778396, -0.0056735076864143, -0.005991815798124819, -0.006148630869596188, -0.005981528641045293, -0.00581544411217115, -0.005271625247342335, -0.00551872508629806, -0.005646908062634716, -0.005820288981041921, -0.005927600616020909, -0.0052968175845575964, -0.005585870743752972, -0.005561511291061956, -0.005265208285496965, -0.005491209257483457, -0.005450460562142594, -0.005299645102694404, -0.005288711458275251, -0.005388313545729955, -0.005629404957064173, -0.005497444256239171, -0.0055576918082529585, -0.005520504351899975, -0.0051479704633537095, -0.0052379769402263986, -0.005400994920879463, -0.005239882149781202, -0.0053127862182624115, -0.005452058526885859, -0.004985502073769815, -0.005571947210067148, -0.005323539514653427, -0.005661257185888241, -0.00563252493292824, -0.0055259346929509455, -0.005460943361774823, -0.005368087914658305, -0.005591906942180116, -0.005888348608386606, -0.005934554839521974, -0.005500730602419708, -0.005512414144325737, -0.005477798471688284, -0.005843660262221732, -0.005628239301994535, -0.006225336967998542, -0.005795528912295807, -0.005963547782279155, -0.00550730853770673, -0.0057909344946216555, -0.005478478365346713, -0.0055215391019294464, -0.005415803464706075, -0.005646532936383263, -0.006142353956978946, -0.005829204843766497, -0.0060382033089784425, -0.006131828564896596, -0.00541686686897139, -0.005987864355355361, -0.005379562767211722, -0.0049694805263722115, -0.005458990783054193, -0.005543471213743046, -0.005371120115592973, -0.00547378879126853, -0.005698853662169928, -0.005491275225274979, -0.005475602134432888, -0.005460709180659775, -0.005777501793859319, -0.005546489627192657, -0.005352101625553982, -0.005522872841257292, -0.005641092029250572, -0.005822689994626193, -0.005678412223736691, -0.005641040941961315, -0.005456927241120419, -0.00552337698859608, -0.005786372890812705, -0.005577081117203073, -0.005615660331498074, -0.0056516781113105305, -0.005733287257255145, -0.0055609408455634494, -0.0054008612127081305, -0.0055757087757485274, -0.005686344326919222, -0.005668482075714221, -0.005421998848731273, -0.005485286958918429, -0.005745410949480358, -0.0055177859086351765, -0.005553821546203383, -0.005588171776508814, -0.005593251268784495, -0.005885517017394721, -0.005788671015186044, -0.005446942744675464, -0.005645470833780257, -0.005615160214712347, -0.005282000528146656, -0.005960393026906164, -0.005642192076187243, -0.0053545595500813096, -0.005330493881967009, -0.005520063091782073, -0.005408528302579425, -0.005810142766095406, -0.005477760660458678, -0.005735210472797137]
target reward list:[-0.3499104662243467, 0.3462537611010425, 0.47607813077530536, 0.4654204368895435, 0.509581158395589, 0.5325421424658383, 0.4903665109720353, 0.5067282754851441, 0.4879033823718886, 0.5371675408578133, 0.548609205585491, 0.5166236573230785, 0.5193743923436028, 0.5268784166850662, 0.4948064022420409, 0.505994773087495, 0.43201750454712934, 0.41692087431227776, 0.3764661444852746, 0.384852324974763, -0.16096729671546978, -0.3611068899360718, 0.3111855990400001, 0.5052837433264847, 0.47684530881560094, 0.3498736547600702, 0.05213044901903973, 0.4166409638068368, 0.5315068540645448, 0.5408997253910136, 0.5636654646764921, 0.5702424955067636, 0.6062529049970818, 0.5519813453627695, 0.5639676672676989, 0.5439366292195907, 0.584484227725624, 0.5698332311165927, 0.5191757172297194, 0.5512611980243038, 0.5461388265147044, 0.5259317823847709, 0.5592627747317248, 0.549286011736713, 0.5665577182256291, 0.5415542886744213, 0.548955903638552, 0.5887793578005857, 0.5602661063897846, 0.5379505448193707, 0.5590018208401011, 0.5496242715872469, 0.580436249866719, 0.5226261965634187, 0.5771046119590839, 0.5406782301812084, 0.5611855123940712, 0.5919636660737956, 0.5431217401459327, 0.5740349269684615, 0.5232041298632412, 0.5412426479391929, 0.4565718257862986, 0.5551422064062087, 0.5515853060761202, 0.5488268531068952, 0.5420904592017268, 0.5779816083720148, 0.6022055514677873, 0.5607333880727269, 0.5698531993964988, 0.56516516650729, 0.5850906014842858, 0.5380472181646941, 0.5729477654060551, 0.5599302663422806, 0.47696125069367606, 0.3924337509350444, 0.43930218739349614, 0.33873006634124114, 0.40077234596007066, 0.44605383903033885, 0.4964258587378763, 0.5829775402794473, 0.5350153402327829, 0.5581243417321579, 0.5435864550481375, 0.5725292727828235, 0.5242033444615752, 0.5368375086977896, 0.5249698381849129, 0.554925879633073, 0.5805215248789178, 0.578427355503944, 0.5550372529529116, 0.5780481000252995, 0.5579967833750324, 0.5702204830751078, 0.5704813822822007, 0.5636271743982461, 0.5876844234844338, 0.5148748046543032, 0.5736409468991029, 0.5541204292870786, 0.5465865368470352, 0.5478473176166642, 0.5606549180202008, 0.5393965388445204, 0.5622320211635393, 0.5722174524064807, 0.5386100409068774, 0.5340384174760883, 0.5559945770443538, 0.5721410766327084, 0.516368173005724, 0.5759633355937638, 0.5408472587674185, 0.5063206077835642, 0.5622797046023436, 0.5568548235683477, 0.5579002224131782, 0.5604069162131898, 0.5840885265674609, 0.5689318642459885, 0.5637789839340267, 0.539884439068498, 0.5859566413737488, 0.5720449754457475, 0.5367078781386753, 0.569137220344792, 0.5645546612883225, 0.6166737197578773, 0.5796121279640282, 0.5912951405268149, 0.6034084810239333, 0.5614286934843603, 0.5820679670597734, 0.5811703385620203, 0.5746127551819437, 0.5804183796894166, 0.5730300509737013, 0.5644901190927991, 0.5883400962654772, 0.5345980283381601, 0.5921497047252159, 0.5827883564547205, 0.5317220388495235, 0.553681127950076, 0.5479212624888466, 0.5424150325194204, 0.5631981301758757, 0.5989122295177769, 0.5611451541627751, 0.5615189952922393, 0.5703516548061884, 0.5431911089632837, 0.5574187503778215, 0.5512582549324933, 0.48760118474886427, 0.5440851191124795, 0.5407360653932713, 0.5280518715603713, 0.5700533705087028, 0.5198134380492078, 0.5547033162380076, 0.5632348986143022, 0.5521322199998402, 0.5616282222260102, 0.5685927342222344, 0.5343904712303754, 0.5339773057474008, 0.5771546270445012, 0.5385943568933154, 0.5528154968229995, 0.5421575901386092, 0.5523953420114973, 0.5545810395364024, 0.5370297452329164, 0.5342065133114524, 0.5546713052936116, 0.5074376645055813, 0.5689829711470565, 0.5354738346921746, 0.5381500250546348, 0.5456556481362662, 0.547265370166051, 0.5248885198054868, 0.5331209117583753, 0.5310625501021126, 0.5082220669234274, 0.5318964369427888, 0.5457623799488459, 0.5640272343206568, 0.550880041107673, 0.557982296375532, 0.522419600839002, 0.5126705990478168, 0.547562030025388, 0.5416057924145984, 0.5303417975249326]
safe reward list [0.0, 0.0, 0.0, 0.0, 0.0, 0.0, 0.0, 0.0, 0.0, 0.0, 0.0, 0.0, 0.0, 0.0, 0.0, 0.0, 0.0, 0.0, 0.0, 0.0, 0.0, 0.0, 0.0, 0.0, 0.0, 0.0, 0.0, 0.0, 0.0, 0.0, 0.0, 0.0, 0.0, 0.0, 0.0, 0.0, 0.0, 0.0, 0.0, 0.0, 0.0, 0.0, 0.0, 0.0, 0.0, 0.0, 0.0, 0.0, 0.0, 0.0, 0.0, 0.0, 0.0, 0.0, 0.0, 0.0, 0.0, 0.0, 0.0, 0.0, 0.0, 0.0, 0.0, 0.0, 0.0, 0.0, 0.0, 0.0, 0.0, 0.0, 0.0, 0.0, 0.0, 0.0, 0.0, 0.0, 0.0, 0.0, 0.0, 0.0, 0.0, 0.0, 0.0, 0.0, 0.0, 0.0, 0.0, 0.0, 0.0, 0.0, 0.0, 0.0, 0.0, 0.0, 0.0, 0.0, 0.0, 0.0, 0.0, 0.0, 0.0, 0.0, 0.0, 0.0, 0.0, 0.0, 0.0, 0.0, 0.0, 0.0, 0.0, 0.0, 0.0, 0.0, 0.0, 0.0, 0.0, 0.0, 0.0, 0.0, 0.0, 0.0, 0.0, 0.0, 0.0, 0.0, 0.0, 0.0, 0.0, 0.0, 0.0, 0.0, 0.0, 0.0, 0.0, 0.0, 0.0, 0.0, 0.0, 0.0, 0.0, 0.0, 0.0, 0.0, 0.0, 0.0, 0.0, 0.0, 0.0, 0.0, 0.0, 0.0, 0.0, 0.0, 0.0, 0.0, 0.0, 0.0, 0.0, 0.0, 0.0, 0.0, 0.0, 0.0, 0.0, 0.0, 0.0, 0.0, 0.0, 0.0, 0.0, 0.0, 0.0, 0.0, 0.0, 0.0, 0.0, 0.0, 0.0, 0.0, 0.0, 0.0, 0.0, 0.0, 0.0, 0.0, 0.0, 0.0, 0.0, 0.0, 0.0, 0.0, 0.0, 0.0, 0.0, 0.0, 0.0, 0.0, 0.0, 0.0]
speed list [15.108481933027138, 15.029910597386461, 14.9355251663116, 14.962167772129717, 14.851353454299455, 15.044867914584744, 14.699012093189337, 15.209786366458639, 15.049293964410463, 14.764628243458901, 15.095582552523707, 14.953655034256387, 14.8151512843999, 14.916311833920464, 14.839860797778178, 14.94940942711706, 13.591907208780139, 13.448042508069301, 13.359061324872746, 13.050965807189753, 7.492072356926548, 5.868239138261061, 12.07797004943052, 14.258531119242983, 13.772257287359043, 12.127693408020539, 8.988298897676533, 13.161983308450505, 14.461135272120833, 14.42902105241119, 14.880737751074385, 15.042381301151678, 15.389273518893294, 14.874660536215254, 15.030032436488, 14.850396681970224, 14.99575051087242, 14.886874299570039, 14.75745082645967, 15.088105348139043, 15.106306931563006, 15.04104677264424, 15.200127104815056, 14.720480038979051, 14.902304648092008, 14.964210638603523, 14.739343333485362, 15.030636632512039, 15.222670879928767, 15.085833637827212, 14.949595604078034, 15.05611895240494, 15.283368422948678, 14.673504372024329, 15.21131408310415, 14.925825766149938, 14.96813757432234, 15.17367807453501, 15.197037364511264, 15.125239525756085, 14.58164034004148, 14.42742760995706, 13.72379894229188, 15.222168046678483, 15.12715974841479, 15.086393833588502, 15.057447267731131, 15.015664045057978, 15.320259206197685, 14.971942984710118, 15.142684659763802, 14.956424372559717, 15.228992463210824, 15.161502104198583, 15.010429247086527, 14.743618696816371, 13.846271367125139, 12.639863110399135, 13.117713819004473, 11.817462178006023, 12.521880127405165, 13.280650780720974, 13.905004701445792, 15.131872738654602, 15.311533410439178, 15.150633983126712, 14.991897010990893, 15.050168004787569, 14.612994513729879, 15.015808359920205, 15.116420270160745, 15.086474006687514, 14.904345930200774, 15.067792960603734, 15.032616067108865, 15.142227433932149, 15.112374428169145, 15.243090613644714, 15.240121975450792, 15.024406990147163, 15.031155981614488, 15.267997557594633, 15.072160299101142, 14.90737435096247, 14.84902264800752, 15.02280405243159, 15.167685735475304, 14.767484757565574, 15.11891942301833, 15.268374102574734, 15.139293860754263, 15.251750498069578, 15.314350401246116, 15.11742935394557, 14.51393461280041, 15.138230551410624, 15.009171009306932, 15.039037942389605, 15.077183957544026, 14.979726220538305, 14.971528306265869, 14.908486824509206, 15.194585379042582, 15.131474933036865, 14.777223401956034, 14.969770795642756, 15.026429788395918, 14.87913776623243, 15.113149426193306, 15.24346714197433, 14.97899815952902, 15.245858616786048, 15.164564584799106, 15.062015644941596, 15.024971776880012, 15.20886136454427, 15.03902077952348, 14.97668376563941, 15.14740013132299, 15.168840722150254, 15.089157101591269, 14.939663843702647, 15.172492435597054, 14.68889780140591, 15.327541844334677, 14.933858071720193, 15.207555353209019, 15.186275653774107, 15.282272287590036, 14.711338902173496, 15.168466799376077, 15.079515959340936, 15.424135061654521, 15.14804404578755, 15.136067799180795, 14.922459574939513, 15.129105883803465, 14.970777569257812, 14.344492393264648, 14.815876252364347, 15.125124614152325, 14.84654315408394, 14.950269667135418, 14.949915080066496, 14.971532276626816, 15.10354822893502, 15.083072207563452, 15.264051483571857, 15.111295424388675, 14.974177722869982, 15.2982886850183, 15.327012518638403, 15.080241926021142, 15.188129142571182, 14.973887635329307, 15.214343385378754, 15.151321431297898, 14.988005424764248, 14.933622490686584, 15.249977114648924, 15.098201746921752, 15.10943341218456, 14.754132531454122, 15.024741710649723, 15.015239265938877, 14.973179554777728, 15.071077378734866, 15.146579057654126, 14.92980547915385, 14.395956978350762, 14.98368586092227, 15.12174667497114, 15.171812677469715, 15.190585970241445, 15.047166974505512, 14.880206046374084, 15.008617702263818, 15.25672511357708, 15.137721354353666, 15.025727610122571]
ec list [59.883219250386645, 57.857896850687716, 58.02119814316404, 57.96443050831256, 57.826655894848784, 57.829207375827814, 57.483930332013394, 57.4129081261633, 57.60774028041678, 57.57360902191897, 57.71681176657873, 57.65193567084977, 57.44303423960753, 57.61548459570801, 57.91845039633634, 58.11769341603042, 58.892948134096756, 59.12798534101072, 59.40735407861052, 60.09261702023106, 76.97820897692394, 83.28970508926662, 61.71252607019749, 58.5740828639969, 59.046979708401636, 61.43749727042148, 68.69927797203586, 59.86193198073078, 58.494685145190765, 57.95608385208983, 57.56042989955216, 57.33288496229946, 57.307933571870336, 57.141555283403115, 57.65959768500761, 57.779176152515475, 57.6616056623327, 57.68586929546972, 57.6576830736685, 57.33680805256718, 57.51146999883547, 57.53802989455122, 57.57769976858855, 57.54684985711683, 57.7273617371682, 57.61130110566495, 57.27643371543966, 57.44905415519758, 57.43981433010647, 57.51644638715674, 57.852005023029236, 57.44851171970964, 57.453731869325544, 57.493506324448816, 57.42249810625575, 57.27630514112841, 57.49544012541978, 57.0321624508893, 57.29472644431751, 57.343502387734695, 57.71926263647962, 58.1331765114096, 58.416499278268695, 57.456011111167236, 57.03222926573702, 57.22454273860921, 57.364741786804444, 57.14590685353775, 57.126773008294585, 57.22375579708691, 57.52487037561629, 57.18820930535111, 57.2669064267082, 57.489740672832674, 57.584824363489226, 58.117019221080795, 59.15947775119826, 60.524975204726914, 60.00859173213376, 62.02394249831457, 60.775309039742936, 59.78483857371697, 58.75009924339199, 57.21764981857048, 57.05229023090769, 57.51054526906169, 57.422254448076856, 57.66520295164119, 57.651337370456886, 57.57651136686143, 57.57365854442284, 57.54902610134723, 57.41136795358263, 57.36336547795702, 57.459491925802176, 57.626160552044226, 57.29440080429956, 57.35154685928749, 57.25625900244759, 57.161073355317114, 57.36875862325659, 57.359751193493565, 57.09242281109362, 57.29570746374418, 57.01804676542544, 57.46904125433633, 57.29057491055213, 57.27329087862975, 57.253489543541825, 57.129479687630834, 57.230588046967185, 57.2054190247806, 57.46691142424417, 57.110236706024295, 57.66556239747967, 57.29974047757554, 57.19538502308125, 57.21996912335675, 57.44224197692296, 57.13350188861926, 57.35364481441731, 57.51678276110121, 57.3215733975338, 57.278335613864435, 57.118942602109115, 57.559921308848885, 57.46810671066877, 57.50549782094362, 57.27258297707464, 57.31257277881608, 57.21725572549806, 57.41864386703114, 57.22048583413523, 57.69571863063299, 57.19182251660337, 57.201596263901756, 57.546270330086486, 57.61123904778558, 57.34921681587532, 57.27360721861708, 57.14210139969988, 57.19738858734666, 57.73109774597404, 57.43764852763001, 57.24975956050047, 57.82799754991589, 57.389301071192875, 57.641325967208786, 57.35797876457034, 56.92218685375718, 57.202319823904055, 57.1907915744523, 57.33149463509683, 57.33934752657341, 57.594260464599124, 57.22660075609241, 57.32855541287651, 57.42417589427793, 58.02760559720853, 57.31586389065825, 57.44348861724252, 57.492421713920464, 57.11139471890781, 57.366290689244636, 57.171872952829155, 57.34228584887091, 57.37210425893963, 57.22329314448192, 57.33180819505755, 57.4230189893058, 57.6293050487144, 57.33314485384716, 57.302623677715815, 57.334343284716276, 57.197172417722484, 57.491667210592894, 57.1134925803664, 57.53310963640257, 57.253580989186446, 57.370723052706765, 57.44816552824765, 57.40646317956363, 57.278696528991716, 57.31818842140192, 57.31843159575425, 57.195053761130424, 57.27490958233628, 57.41151964621313, 57.3468743209678, 57.39004684904119, 57.2683827910576, 57.5242408575145, 57.56391659513188, 57.25512499930586, 57.101664306867455, 57.39723448089387, 57.16587440711989, 57.257772553828424, 57.32077826451761, 57.39542142313113]
jerk list [0.15537397517651938, 0.35905415762969495, 0.4202914936752197, 0.44184116874264956, 0.4270519691775229, 0.4260492319977643, 0.4041317112277026, 0.37684614297405344, 0.3956426612603241, 0.39055785062604376, 0.40155444026516135, 0.40252741171765166, 0.3926168834202501, 0.3779766491744075, 0.38809635765957284, 0.3808219946276809, 0.41643748295635313, 0.4146682336760899, 0.4123089043686898, 0.43835536180840695, 0.4595966326297277, 0.4621979829439395, 0.43251860310010365, 0.3994428068900803, 0.445168070030196, 0.4578973409721552, 0.4375085935057863, 0.42736286285800607, 0.40915135217566784, 0.3878593334271822, 0.4002040123620352, 0.38918975501449715, 0.3802221565095657, 0.39795900810657836, 0.3985137073394277, 0.4179687945553653, 0.42681805598551914, 0.42848209228970696, 0.39320403194874365, 0.3689108818516804, 0.3860627728416393, 0.38990173714106713, 0.3738629834723024, 0.400004472088311, 0.4005178046644689, 0.3865084895130977, 0.3996015971008056, 0.40956126667652654, 0.3988399209703321, 0.40413431040398734, 0.4062400900482474, 0.38672027857248575, 0.38152681142660555, 0.38188648422540106, 0.3872378410084909, 0.40044031585954987, 0.3926527426389653, 0.37489785452064706, 0.3848406311602835, 0.4182890893826313, 0.41745345508712733, 0.41190823839738977, 0.39936827182295914, 0.38376808760711867, 0.374073321236513, 0.38784976389406994, 0.39493059597674585, 0.3818999716802624, 0.3634467302449817, 0.39623812185209384, 0.3954597509086844, 0.38822796433951556, 0.39024707853898, 0.4104658221534153, 0.4017429697602532, 0.41041483755498065, 0.413400988343886, 0.4432148187102708, 0.41907643681627477, 0.4376120327903512, 0.44252149814512204, 0.4171082923415289, 0.41009300943530935, 0.3857404966780615, 0.39351515124421615, 0.4019910359804795, 0.4042119770816685, 0.4246771229915937, 0.41791186116356227, 0.3953131338556206, 0.4095452457384163, 0.4052370846925883, 0.42509966409189737, 0.40436881638910555, 0.4150027913269772, 0.4160504808207271, 0.3948719803147917, 0.39652711093190424, 0.3848303805771127, 0.4014784300358093, 0.40519720626621186, 0.3809592149876167, 0.39500057621387047, 0.40440334662356187, 0.3916103072486067, 0.40740442768306623, 0.3960528632579372, 0.4144698966416651, 0.4008999898547958, 0.3774866313467214, 0.3897954847397946, 0.38775220447237935, 0.3875843348199028, 0.39293780781748483, 0.4062346912471024, 0.3871640962133212, 0.37892412245054147, 0.3778703859788693, 0.3928090238204811, 0.3995128132890012, 0.41419464373325726, 0.4185620240993422, 0.41349291416912043, 0.39729138971693617, 0.4116668984526108, 0.4206855980497461, 0.4204900091136606, 0.4348232510549402, 0.3774572071467469, 0.38917717348269604, 0.4039130327187504, 0.40379198636128166, 0.4092213754088097, 0.43837029985392995, 0.41347376757773724, 0.4057180909111116, 0.39715707718109466, 0.40842207569932737, 0.40830183181748486, 0.3872399920249763, 0.39408440546806145, 0.40070343131667346, 0.42397479373732244, 0.40998593012230355, 0.39990140195277907, 0.4311355179799392, 0.42044174656517935, 0.4270115604013991, 0.40173370721997004, 0.4076779778462017, 0.397243461003814, 0.40570821417724046, 0.3858063509343789, 0.3957824579529764, 0.39607327641243584, 0.40013671137707746, 0.39427374837116, 0.39270707978795244, 0.42441978441597417, 0.4004793565685695, 0.3924451378781357, 0.40222896895257443, 0.4155436221917243, 0.4019542625264259, 0.40875737205170426, 0.4061427975662705, 0.4142105962098801, 0.3765326916900461, 0.4096023467137468, 0.40980554497348454, 0.4031074336361457, 0.3919847652038018, 0.4090060281692805, 0.39429700787955346, 0.4125248411134279, 0.3941407565122476, 0.3922511817593847, 0.41699210283337385, 0.4092657150033656, 0.39292826756069765, 0.40876897665968215, 0.40682208584145874, 0.4040479733436644, 0.40896044332144593, 0.4128958569331244, 0.4132965528835449, 0.3861119120225488, 0.4011511004060621, 0.415322579851687, 0.42077578420545675, 0.40331660857389884, 0.41314082325963963, 0.40505032887730297, 0.3918985641586828, 0.39988850515363356, 0.4255297092781123, 0.4030065084519981, 0.39655903872706966, 0.4102304415923632, 0.4133281817127936]