
Env:SUMO, Algorithm:MADDPG, Device:cuda:1
-----------------------------------------
{'algo': 'MADDPG', 'env': 'SUMO', 'seedVal': 20150427, 'gamma': 0.8, 'epsilon': 0.001, 'critic_lr': 0.005, 'actor_lr': 0.0001, 'memory_capacity': 1000000, 'batch_size': 512, 'train_eps': 200, 'eval_eps': 10, 'epsilon_start': 3, 'max_speed': 28, 'target_update': 4, 'hidden_dim': 256, 'soft_tau': 0.01, 'max_action': 2, 'device': device(type='cuda', index=1), 'simulation_steps': 3600, 'pathToSumoFiles': 'rou_net2_single', 'model_dest_path': 'models/', 'model_dest_path_leader': 'ep200_', 'model_dest_path_follow': '', 'logName': 'ep200_gamma0.800000_tua0.010000.txt', 'procID': 7}
seed 20150427
当前的gamma是0.8, 当前的soft tau是0.01
-----------------------------------------
model saved successfully!
Complete training!
final reward list:[-0.2810619201227471, 0.4328486957948111, 0.5121886104401118, 0.4736484733550339, 0.5274282990866334, 0.47911894363203494, 0.23472669203742003, 0.32960210411356844, 0.2890884470060945, 0.034495568767527324, 0.3393545720889024, 0.26847216007813884, 0.19208049348884834, 0.27350837551209706, 0.21696280094889686, 0.30726393229002247, 0.1578443607546269, 0.3039283912462615, 0.35777952322564716, 0.5242542755512049, 0.5382038848060319, 0.5628376799970554, 0.5476925663953504, 0.5741851895595375, 0.5493737100568014, 0.566228463548097, 0.5447770950340668, 0.5404275642319756, 0.5748436153236323, 0.5356519259077603, 0.5496996568001967, 0.5425114306187183, 0.5798020782759342, 0.5360728542993182, 0.5494287443649538, 0.515882085645245, 0.5624670660878708, 0.5477280100804703, 0.5236608043843801, 0.5641051110777165, 0.5565142211900507, 0.5223079830429388, 0.5570766552901406, 0.5266003161760313, 0.5766103728926948, 0.5629075740863511, 0.5305561668069296, 0.5608170454063356, 0.5545731864083765, 0.5451895195004495, 0.5142443090970785, 0.5586912202179541, 0.5716677923463754, 0.5157118274804239, 0.5641683621371036, 0.5341408962459909, 0.5455403927581025, 0.5575473467862679, 0.5363065291420858, 0.5429219166681012, 0.5465005160756311, 0.5539343759701492, 0.4543006429812002, 0.5413696533820513, 0.5377240193712921, 0.524532830690778, 0.5272179338008554, 0.5715586911528019, 0.5927465186772028, 0.5488109248550709, 0.5532385406096417, 0.5654215124482384, 0.5657214948279078, 0.5321565588011821, 0.5616887200622032, 0.5695585413795393, 0.526720435658954, 0.53923440923786, 0.5665756478792124, 0.5583711579563527, 0.5392721033920994, 0.5178384956319535, 0.5293527736550272, 0.5640784090352723, 0.5268327814265664, 0.5576436153349967, 0.5228620789659761, 0.5515533196679292, 0.5492233163508199, 0.5633715870558428, 0.5282350200340075, 0.544243194091759, 0.5506197193528819, 0.5435738618833359, 0.5127301903508484, 0.5474892971744367, 0.5175814188026141, 0.5430761191829118, 0.5448034380781688, 0.5317823773007778, 0.5627835801862395, 0.5402154646187166, 0.5500638472994143, 0.5322661863065579, 0.5396797918081598, 0.5205602167061631, 0.5619078566005998, 0.5307758019252222, 0.5389930938239623, 0.5668886764165587, 0.5119203395056539, 0.5565586100782115, 0.5480925097197875, 0.5429545086076114, 0.48460165266153304, 0.549689750494637, 0.5088839304544054, 0.4923041120176077, 0.569217544227636, 0.5516803042108607, 0.5206023540813635, 0.5298581870885305, 0.5843702145737385, 0.5480098176622058, 0.5131260731249531, 0.5282279390630894, 0.5589860079739423, 0.5229569277435058, 0.5167362295491668, 0.533982685140064, 0.5385416357867796, 0.5261239583971623, 0.5471432289975431, 0.5537768164824708, 0.567159351681339, 0.5278891887600351, 0.5395580179659746, 0.5223969945690868, 0.5319039890693952, 0.536269165804658, 0.5356159677594616, 0.5244696598333565, 0.5488083044672881, 0.5035431181869888, 0.5556484578391506, 0.5491018444356839, 0.5095769323258446, 0.5300404701380103, 0.5286185251370007, 0.523180757217946, 0.5618664127366605, 0.5583477316510356, 0.5312761764119351, 0.5534204048210429, 0.5383112166524687, 0.522551767793932, 0.5366472952381603, 0.523823451612874, 0.47182207400122084, 0.5273571409710376, 0.5243226366712586, 0.5250081322646867, 0.5439596727253991, 0.5098907730836241, 0.5464136975083397, 0.5182405422032217, 0.5251137208545514, 0.5641782004092528, 0.5265941610847936, 0.50486468093677, 0.5190055226972068, 0.5538065108028165, 0.5303512041483216, 0.5633357705633573, 0.5194840703780214, 0.5482153553773206, 0.5338270659530769, 0.5296365114485692, 0.5270880464596328, 0.5522763434824216, 0.5118758706438736, 0.5395719568735229, 0.526614604629563, 0.5261429379806764, 0.5301791471154603, 0.5484430301183849, 0.5420422233143265, 0.5433885268242674, 0.5211796548812684, 0.4943749436648202, 0.543988726715373, 0.5386278022752192, 0.5498254199795998, 0.5322537671101227, 0.5453842220560335, 0.4995405962306823, 0.5477558142050278, 0.5514382219940532, 0.5242264773288788, 0.518659365539349]
final halt list:[2.1726514327167212, 0.04183673469387755, 0.03596403596403597, 0.010940919037199124, 0.07010014306151645, 0.8142306344199088, 5.450150050016672, 3.2825082508250825, 3.976451077943615, 11.446696959105209, 3.752035065748278, 5.473202614379085, 6.257554945054945, 4.582600195503422, 5.420761470875366, 4.02943143812709, 6.591354996934396, 2.4043087971274684, 2.4098883572567784, 0.07272069464544138, 0.012532981530343008, 0.0055147058823529415, 0.007686932215234102, 0.0, 0.002289077828646174, 0.0, 0.0, 0.011566424322538004, 0.023941707147814018, 0.030807922037095252, 0.02878945542837322, 0.01174934725848564, 0.014975041597337771, 0.0, 0.026901361673862503, 0.0432928829124303, 0.005460502366217692, 0.014439220953660174, 0.04387504387504387, 0.0, 0.02102545186278126, 0.04074196753892017, 0.0, 0.02819609099647549, 0.0, 0.0, 0.01653486700215672, 0.0, 0.010339256865912763, 0.015771812080536914, 0.0010186757215619694, 0.036893203883495145, 0.01610305958132045, 0.010641835716661123, 0.0006618133686300463, 0.016095890410958904, 0.0006747638326585695, 0.0, 0.00881057268722467, 0.0, 0.012675573826652964, 0.035830618892508145, 0.11251314405888538, 0.03775510204081633, 0.0, 0.0015713387806411063, 0.008117389946924758, 0.0, 0.016246111303145523, 0.0, 0.035526315789473684, 0.0, 0.0, 0.0014695077149155032, 0.002315580549123387, 0.0, 0.0, 0.00032102728731942215, 0.0034129692832764505, 0.0, 0.0, 0.009238611022618668, 0.015261879986125564, 0.0, 0.0, 0.024193548387096774, 0.003297911322828875, 0.0003566333808844508, 0.002656924609764198, 0.015106732348111659, 0.0, 0.019485038274182326, 0.0, 0.009708737864077669, 0.00590744995077125, 0.0, 0.0, 0.0, 0.010270455323519343, 0.0, 0.0003479471120389701, 0.0003093102381688834, 0.0, 0.05108467459762071, 0.00741489720256151, 0.0, 0.0015812776723592662, 0.0, 0.0, 0.0, 0.007381258023106547, 0.0, 0.0, 0.0003497726477789437, 0.03414634146341464, 0.0, 0.04205769899200556, 0.009079903147699757, 0.00450112528132033, 0.0003386386725364037, 0.0, 0.005792163543441226, 0.0, 0.0, 0.0, 0.01654769630110318, 0.021399456521739132, 0.0, 0.012226512226512226, 0.01342756183745583, 0.001292824822236587, 0.0, 0.0, 0.0, 0.008361204013377926, 0.0, 0.0, 0.013933547695605574, 0.0, 0.0069132388524023505, 0.00482315112540193, 0.024290112897707834, 0.00544267053701016, 0.003566333808844508, 0.014711033274956218, 0.04204625087596356, 0.0006311139160618492, 0.01736806947227789, 0.0, 0.0, 0.0, 0.0, 0.0, 0.0, 0.01881628463906945, 0.0, 0.0034328870580157913, 0.029154518950437316, 0.04915254237288136, 0.027496382054992764, 0.0, 0.0047169811320754715, 0.0, 0.01281112737920937, 0.006724949562878279, 0.022610483042137718, 0.008007687379884689, 0.008727272727272728, 0.025186236253990777, 0.0302367941712204, 0.0, 0.0, 0.005423728813559322, 0.0, 0.0009871668311944718, 0.015946843853820596, 0.001394700139470014, 0.0, 0.0, 0.0023752969121140144, 0.0, 0.0, 0.0, 0.0, 0.0, 0.0033370411568409346, 0.0003831417624521073, 0.00033003300330033004, 0.0, 0.06344199088678584, 0.0, 0.0, 0.022765316370940744, 0.0, 0.010214864388869321, 0.0061749571183533445, 0.0, 0.0, 0.0, 0.015430072225869994]
speed reward list:[0.0, 0.0, 0.0, 0.0, 0.0, 0.0, 0.0, 0.0, 0.0, 0.0, 0.0, 0.0, 0.0, 0.0, 0.0, 0.0, 0.0, 0.0, 0.0, 0.0, 0.0, 0.0, 0.0, 0.0, 0.0, 0.0, 0.0, 0.0, 0.0, 0.0, 0.0, 0.0, 0.0, 0.0, 0.0, 0.0, 0.0, 0.0, 0.0, 0.0, 0.0, 0.0, 0.0, 0.0, 0.0, 0.0, 0.0, 0.0, 0.0, 0.0, 0.0, 0.0, 0.0, 0.0, 0.0, 0.0, 0.0, 0.0, 0.0, 0.0, 0.0, 0.0, 0.0, 0.0, 0.0, 0.0, 0.0, 0.0, 0.0, 0.0, 0.0, 0.0, 0.0, 0.0, 0.0, 0.0, 0.0, 0.0, 0.0, 0.0, 0.0, 0.0, 0.0, 0.0, 0.0, 0.0, 0.0, 0.0, 0.0, 0.0, 0.0, 0.0, 0.0, 0.0, 0.0, 0.0, 0.0, 0.0, 0.0, 0.0, 0.0, 0.0, 0.0, 0.0, 0.0, 0.0, 0.0, 0.0, 0.0, 0.0, 0.0, 0.0, 0.0, 0.0, 0.0, 0.0, 0.0, 0.0, 0.0, 0.0, 0.0, 0.0, 0.0, 0.0, 0.0, 0.0, 0.0, 0.0, 0.0, 0.0, 0.0, 0.0, 0.0, 0.0, 0.0, 0.0, 0.0, 0.0, 0.0, 0.0, 0.0, 0.0, 0.0, 0.0, 0.0, 0.0, 0.0, 0.0, 0.0, 0.0, 0.0, 0.0, 0.0, 0.0, 0.0, 0.0, 0.0, 0.0, 0.0, 0.0, 0.0, 0.0, 0.0, 0.0, 0.0, 0.0, 0.0, 0.0, 0.0, 0.0, 0.0, 0.0, 0.0, 0.0, 0.0, 0.0, 0.0, 0.0, 0.0, 0.0, 0.0, 0.0, 0.0, 0.0, 0.0, 0.0, 0.0, 0.0, 0.0, 0.0, 0.0, 0.0, 0.0, 0.0, 0.0, 0.0, 0.0, 0.0, 0.0, 0.0]
tls reward list:[-0.007189469726812055, -0.007981484817195223, -0.0067773605296985884, -0.006202989135463126, -0.006486331495964951, -0.006686316819722764, -0.006363796845946643, -0.006581358433959479, -0.006094378881708663, -0.004932652070900789, -0.005608229949685584, -0.0056036760407774675, -0.0057116100613946895, -0.005396743088604236, -0.005700800943302068, -0.00586683461885443, -0.004626450047322758, -0.00536451767605152, -0.0050047276252603344, -0.005636401200824788, -0.005664101352378107, -0.005557355970087083, -0.005574896735925697, -0.005443503903300363, -0.005357242379862422, -0.005448548319233276, -0.005456160935752332, -0.005437652299211685, -0.005679949027063342, -0.005458845180505197, -0.005663815038317788, -0.005640370901890758, -0.005227407829842978, -0.005147786449191938, -0.005562692652374756, -0.005367247899256594, -0.005674189690719886, -0.005510964057533723, -0.00557450915748533, -0.005478073680350251, -0.005822126138599794, -0.005409498707267753, -0.005418241528779935, -0.005537136878804348, -0.005398406703961829, -0.005292833887262579, -0.005306255989397542, -0.005824373821209498, -0.0054084340599640105, -0.005750587498896705, -0.005530502545409147, -0.005308971710954612, -0.005318651730366117, -0.005513445962118339, -0.0054730223685956645, -0.005787787415955346, -0.005373637848199497, -0.005303491450178345, -0.005814446617247482, -0.005715557393890003, -0.005665112336974134, -0.005769104960881987, -0.005323656740686646, -0.005940195199437937, -0.0052649921789252345, -0.005345486341354092, -0.0054014734323163055, -0.005479728535237096, -0.005495194173941225, -0.005753468970509952, -0.00541437807747356, -0.005563313032500373, -0.00545252233110406, -0.005783067857878659, -0.0052586631537304505, -0.0057036001161835164, -0.005687251175346917, -0.005199556758856094, -0.005479421279467014, -0.005255181437964505, -0.005375093170932373, -0.0055055118823841166, -0.005696209262482758, -0.005651136922566143, -0.005543213012614645, -0.005308428745552499, -0.0055200473534938585, -0.005528184889636777, -0.005390874066551616, -0.005344212320802857, -0.005560914869873201, -0.005780509882847549, -0.005606947952875253, -0.005137537136719026, -0.005502786828088442, -0.005736636856301685, -0.005942954525554767, -0.005955562071468142, -0.005268817723538344, -0.0056458472766600385, -0.005634055354325328, -0.00528166662703525, -0.005840361174041759, -0.005676471061298413, -0.005252346413530814, -0.005361331891031339, -0.005517447703605859, -0.005724304711354055, -0.0055065469495644385, -0.005727619024802969, -0.00554522414011493, -0.005447630485079472, -0.005284214219184205, -0.00557772938959363, -0.005215405236946695, -0.005470922359887573, -0.005648771043763932, -0.005103253487201414, -0.005819449710577284, -0.00555168597474943, -0.005610811891183521, -0.005648705650035891, -0.0054851175189834815, -0.005351656759871877, -0.005446207122090773, -0.005457692701242613, -0.005460662854770717, -0.005568930695722804, -0.005505823483965535, -0.005580835721770852, -0.005372357178444762, -0.005711957410243195, -0.005418061671432399, -0.005815139106599795, -0.00543761084657647, -0.005654535908013489, -0.005289240336384743, -0.005604063645293351, -0.005267181776452725, -0.005404699884552973, -0.005323275836351417, -0.005556597122915501, -0.005676343936353904, -0.005548194853537956, -0.005752874623070237, -0.005585016777992524, -0.004948588464913231, -0.005693338800982781, -0.005151834806484255, -0.005107298073983374, -0.00546141468243677, -0.005578678728603299, -0.0055880587629898466, -0.005663649591060663, -0.005667889991269959, -0.005273313868371701, -0.0053337581260805254, -0.0054771130727510105, -0.005544362652560565, -0.005704302896244174, -0.005312542934058404, -0.0054390507522148355, -0.005535284097994031, -0.0058281643652244135, -0.005610310453960234, -0.005535355609975406, -0.005396026597194602, -0.005540551392339302, -0.0057694842353278215, -0.005392796808286796, -0.005603260215024785, -0.005512196414999888, -0.005607530920751072, -0.005609173875439367, -0.005512308772275993, -0.005598102201641678, -0.005642763707354999, -0.0055820959940600275, -0.005432210130225846, -0.005444772826290778, -0.005867843313903045, -0.005528176180561593, -0.005568762505464751, -0.005774641011667361, -0.0056029835902077245, -0.005812584265623224, -0.0055819580399629675, -0.005430061061933389, -0.0055837278518458665, -0.005645545470785799, -0.00537932295816163, -0.0060695532325039814, -0.00570600431212082, -0.005538650175482843, -0.0054875571409700626, -0.005511993984282128, -0.005395886303534068, -0.005839194181419637, -0.005522354797732009, -0.005764241696927078]
target reward list:[-0.2738724503959351, 0.44083018061200635, 0.5189659709698102, 0.4798514624904971, 0.5339146305825982, 0.48580526045175776, 0.24109048888336662, 0.33618346254752796, 0.2951828258878031, 0.03942822083842812, 0.3449628020385879, 0.27407583611891634, 0.197792103550243, 0.2789051186007013, 0.2226636018921989, 0.31313076690887687, 0.1624708108019496, 0.309292908922313, 0.3627842508509074, 0.5298906767520295, 0.54386798615841, 0.5683950359671425, 0.553267463131276, 0.5796286934628379, 0.5547309524366638, 0.5716770118673303, 0.5502332559698192, 0.5458652165311872, 0.5805235643506956, 0.5411107710882656, 0.5553634718385145, 0.548151801520609, 0.5850294861057773, 0.5412206407485102, 0.5549914370173287, 0.5212493335445015, 0.5681412557785908, 0.5532389741380042, 0.5292353135418655, 0.5695831847580668, 0.5623363473286505, 0.5277174817502065, 0.5624948968189205, 0.5321374530548356, 0.5820087795966566, 0.5682004079736136, 0.5358624227963272, 0.5666414192275451, 0.5599816204683405, 0.5509401069993461, 0.5197748116424877, 0.5640001919289088, 0.5769864440767416, 0.5212252734425422, 0.5696413845056993, 0.5399286836619462, 0.550914030606302, 0.5628508382364462, 0.5421209757593333, 0.5486374740619911, 0.5521656284126052, 0.5597034809310312, 0.4596242997218868, 0.5473098485814893, 0.5429890115502175, 0.5298783170321323, 0.5326194072331718, 0.5770384196880389, 0.5982417128511441, 0.5545643938255809, 0.5586529186871152, 0.5709848254807387, 0.5711740171590118, 0.5379396266590607, 0.5669473832159336, 0.5752621414957229, 0.5324076868343008, 0.5444339659967161, 0.5720550691586794, 0.5636263393943172, 0.5446471965630317, 0.5233440075143376, 0.53504898291751, 0.5697295459578384, 0.532375994439181, 0.5629520440805492, 0.52838212631947, 0.557081504557566, 0.5546141904173716, 0.5687157993766456, 0.5337959349038807, 0.5500237039746065, 0.5562266673057571, 0.548711399020055, 0.5182329771789369, 0.5532259340307384, 0.5235243733281689, 0.5490316812543801, 0.5500722558017072, 0.5374282245774378, 0.5684176355405649, 0.5454971312457518, 0.5559042084734561, 0.5379426573678562, 0.5449321382216906, 0.5259215485971943, 0.5674253043042057, 0.5365001066365763, 0.5444996407735267, 0.5726162954413616, 0.5174655636457688, 0.5620062405632911, 0.5533767239389717, 0.5485322379972051, 0.4898170578984797, 0.5551606728545245, 0.5145327014981693, 0.49740736550480924, 0.5750369939382133, 0.5572319901856101, 0.526213165972547, 0.5355068927385664, 0.5898553320927219, 0.5533614744220777, 0.5185722802470438, 0.5336856317643321, 0.5644466708287128, 0.5285258584392285, 0.5222420530331323, 0.5395635208618348, 0.5439139929652245, 0.5318359158074055, 0.5525612906689755, 0.5595919555890705, 0.5725969625279154, 0.5335437246680487, 0.5448472583023592, 0.5280010582143804, 0.5371711708458479, 0.541673865689211, 0.5409392435958131, 0.530026256956272, 0.554484648403642, 0.5090913130405268, 0.5614013324622207, 0.5546868612136764, 0.5145255207907578, 0.5357338089389931, 0.533770359943485, 0.5282880552919295, 0.5673278274190974, 0.5639264103796389, 0.536864235174925, 0.5590840544121036, 0.5439791066437387, 0.5278250816623037, 0.5419810533642409, 0.5293005646856249, 0.47736643665378137, 0.5330614438672818, 0.529635179605317, 0.5304471830169014, 0.5494949568233932, 0.5157189374488484, 0.5520240079622998, 0.5237758978131972, 0.5305097474517461, 0.5697187518015921, 0.5323636453201215, 0.5102574777450567, 0.5246087829122316, 0.5593187072178164, 0.5359587350690728, 0.5689449444387966, 0.5249963791502974, 0.5538134575789623, 0.5394698296604319, 0.5352186074426293, 0.5325202565898587, 0.5577211163087124, 0.5177437139577767, 0.5451001330540844, 0.5321833671350278, 0.5319175789923436, 0.535782130705668, 0.5542556143840082, 0.5476241813542895, 0.5488185878862007, 0.5267633827331143, 0.5000204891356059, 0.5493680496735346, 0.5446973555077234, 0.5555314242917205, 0.5377924172856055, 0.5508717791970036, 0.5050525902149644, 0.5531517005085619, 0.5572774161754729, 0.5297488321266108, 0.5244236072362761]
safe reward list [0.0, 0.0, 0.0, 0.0, 0.0, 0.0, 0.0, 0.0, 0.0, 0.0, 0.0, 0.0, 0.0, 0.0, 0.0, 0.0, 0.0, 0.0, 0.0, 0.0, 0.0, 0.0, 0.0, 0.0, 0.0, 0.0, 0.0, 0.0, 0.0, 0.0, 0.0, 0.0, 0.0, 0.0, 0.0, 0.0, 0.0, 0.0, 0.0, 0.0, 0.0, 0.0, 0.0, 0.0, 0.0, 0.0, 0.0, 0.0, 0.0, 0.0, 0.0, 0.0, 0.0, 0.0, 0.0, 0.0, 0.0, 0.0, 0.0, 0.0, 0.0, 0.0, 0.0, 0.0, 0.0, 0.0, 0.0, 0.0, 0.0, 0.0, 0.0, 0.0, 0.0, 0.0, 0.0, 0.0, 0.0, 0.0, 0.0, 0.0, 0.0, 0.0, 0.0, 0.0, 0.0, 0.0, 0.0, 0.0, 0.0, 0.0, 0.0, 0.0, 0.0, 0.0, 0.0, 0.0, 0.0, 0.0, 0.0, 0.0, 0.0, 0.0, 0.0, 0.0, 0.0, 0.0, 0.0, 0.0, 0.0, 0.0, 0.0, 0.0, 0.0, 0.0, 0.0, 0.0, 0.0, 0.0, 0.0, 0.0, 0.0, 0.0, 0.0, 0.0, 0.0, 0.0, 0.0, 0.0, 0.0, 0.0, 0.0, 0.0, 0.0, 0.0, 0.0, 0.0, 0.0, 0.0, 0.0, 0.0, 0.0, 0.0, 0.0, 0.0, 0.0, 0.0, 0.0, 0.0, 0.0, 0.0, 0.0, 0.0, 0.0, 0.0, 0.0, 0.0, 0.0, 0.0, 0.0, 0.0, 0.0, 0.0, 0.0, 0.0, 0.0, 0.0, 0.0, 0.0, 0.0, 0.0, 0.0, 0.0, 0.0, 0.0, 0.0, 0.0, 0.0, 0.0, 0.0, 0.0, 0.0, 0.0, 0.0, 0.0, 0.0, 0.0, 0.0, 0.0, 0.0, 0.0, 0.0, 0.0, 0.0, 0.0, 0.0, 0.0, 0.0, 0.0, 0.0, 0.0]
speed list [15.12341531176739, 14.958225941511325, 14.95538218984161, 14.880017672190206, 14.554514692230677, 14.01599177164188, 10.944623704750859, 12.216420406526431, 11.603366184771065, 8.55952008252397, 12.036515007082107, 10.855251771715164, 10.166611515447498, 11.284498700375503, 10.46966684469716, 11.618399031663243, 9.584873272864458, 12.40124248007336, 12.575668099581915, 14.824732180265979, 15.076035324709483, 15.191807525272075, 15.149110698188911, 15.385932145311939, 15.066632109735725, 15.170040145905071, 15.24025348926744, 15.117411728075082, 15.328600143396706, 14.978262775235702, 14.879221155172981, 15.036301425996353, 15.425484107846502, 14.911414943798663, 15.19970011356749, 14.990675445757855, 15.142953120937296, 15.002162307017961, 14.973602038523941, 15.200094454930671, 15.182900786463387, 15.123055939060148, 15.31218805156362, 14.868010082377975, 15.124151969791537, 15.174076793238083, 14.886425067414418, 15.05798196778452, 15.205343799602167, 15.134586432300603, 15.22815078237497, 15.180899507774077, 15.288720295818884, 14.810018887029644, 15.240051007065283, 14.938735708035322, 14.969843728745927, 15.194557258530594, 15.191097758006642, 15.13140475462715, 14.866352106611314, 14.883337584717337, 13.992949278371574, 15.220795184869216, 15.081739012816861, 15.071887473851314, 15.039649932429489, 15.006666225889711, 15.28685647806908, 14.944688422018244, 15.155606214798945, 14.958184129791274, 15.208986397847763, 15.161464857941182, 15.235060337413264, 15.186785032333049, 15.122172260436086, 15.117288669328273, 15.326278605583385, 15.181921152972928, 15.081634258397523, 15.055096897175247, 14.99260262789651, 15.167788603496161, 15.323785046735374, 15.150687254221811, 15.083253458590088, 15.229851882518538, 15.083685152308092, 15.268368939520942, 15.20283918221657, 15.079000250114838, 14.898320662666395, 15.079065650264459, 15.058951488401144, 15.13278494231137, 15.104310137679422, 15.213513446531305, 15.233289340257688, 15.038831797323528, 15.032067574167106, 15.268275212027444, 15.067943740354279, 14.835922939237362, 14.859397774909517, 14.99253640052929, 15.14982702694492, 14.772392290732878, 15.122654813793798, 15.270707701283342, 15.106390545378341, 15.25039169041508, 15.337770747473515, 15.12287627883196, 14.522466569980867, 15.12565198079966, 14.996608097438584, 14.9973442185534, 15.078059588165676, 14.976367405535045, 14.965985135582532, 14.887965964536859, 15.189970386445355, 15.117903259678208, 14.796834451596029, 15.019168588062572, 15.050943650348922, 14.902846052412242, 15.118507465636636, 15.23616343801004, 14.983816876901534, 15.236811110368162, 15.155208139880154, 15.078561532199004, 14.973082626722547, 15.214343228275359, 15.013945843742215, 14.982613131749591, 15.120756411016936, 15.114920558848961, 15.135683417271897, 14.91774090781961, 15.102883042199991, 14.756238672870367, 15.310389393438223, 14.914552293183345, 15.221899029418962, 15.16713006200924, 15.254064762545623, 14.710321506259337, 15.14531959644925, 15.051888926154009, 15.414721554438161, 15.143154185986926, 15.120487276580995, 14.921840282853191, 15.111146289526545, 14.98671130389143, 14.50250339175801, 14.798832474197052, 15.126698975265656, 14.915272577978193, 15.007229572841773, 14.97544632846629, 14.954516266517357, 15.098320182611781, 15.070783837112922, 15.286219574947078, 15.114903183719637, 15.039434898618477, 15.306978983303294, 15.343810202453176, 15.097671320853896, 15.206685616216776, 14.959181335950325, 15.189396531948965, 15.143345338671212, 14.996371900695195, 14.942741772970713, 15.246887241575383, 15.09331406470082, 15.113254596477795, 14.80028993044356, 15.023365049786316, 15.04616576768983, 14.971189763767706, 15.065296908915007, 15.147638968187875, 14.92876465933906, 14.273961554967366, 14.99467182873881, 15.132480393458614, 15.181201952871909, 15.210678546703384, 15.049909953890975, 14.879955037115343, 15.014196926596233, 15.26528008673542, 15.146654985027745, 14.993475703527201]
ec list [59.86195224738586, 58.86735378955116, 58.06573861022159, 58.295933241104244, 58.54074135001997, 59.74912560791062, 64.09022066384715, 61.8122900046733, 62.82479865078556, 70.95503897928033, 62.71364689973224, 64.41540347753968, 65.71185661759539, 63.951894405650506, 64.88939674747557, 63.05214508735597, 67.75509838796106, 61.349673925488304, 60.8083300709498, 57.77919478180221, 57.480166816330545, 57.30299111218164, 57.43523497341851, 57.2460524037371, 57.40291812685505, 57.37383309881971, 57.167501563430136, 57.32509838095211, 57.39465794872132, 57.532719242802436, 57.59332215528347, 57.586375503323985, 57.498749236469365, 57.239696868554816, 57.43626259957881, 57.39875186630985, 57.2007918975295, 57.318603842066096, 57.367659227483436, 57.24283689552141, 57.296948868966325, 57.42982030416239, 57.54347610077671, 57.39344853735235, 57.310718697962585, 57.26983602845937, 56.85801345304031, 57.35951711781632, 57.29438686444836, 57.45825653647578, 57.47962089489328, 57.401252819647176, 57.44616922710973, 57.44919654826256, 57.37058650338368, 57.36446092439608, 57.44838336289978, 56.958307361606025, 57.38530735691509, 57.22091489566939, 57.474794386910176, 57.39889553190351, 58.24211518196962, 57.62533433839896, 57.145875721337795, 57.26379701996025, 57.41557716011986, 57.189031526040985, 57.31673092678986, 57.233621876501346, 57.509368834323766, 57.02554966553122, 57.23242886724145, 57.363839218886625, 57.04709307001838, 57.68886910309197, 57.33970026192177, 57.265886847228025, 57.1564406491126, 57.273718693034816, 57.528298492190984, 57.440118510589095, 57.40760512106777, 57.28650491222712, 57.22399619018526, 57.48177632699019, 57.35000566817153, 57.36575977996589, 57.168399551314614, 57.08989228406264, 57.30307562527893, 57.323588275878514, 57.306608278376466, 57.264356029810926, 57.315123238756534, 57.56768261165774, 57.337014126530214, 57.381704722532085, 57.326831338635124, 57.127366361576634, 57.41509798527895, 57.419167232043755, 57.22958229061327, 57.46277063481873, 57.242014231390534, 57.334642974893065, 57.29100197136384, 57.27024559571799, 57.26990509022169, 57.3757053205865, 57.28449596299578, 57.37719288459746, 57.41643690046729, 57.17383035135748, 57.589108735743416, 57.35886922482012, 57.25664563963033, 57.456727387268906, 57.49240555277735, 57.19774873985596, 57.36277093752164, 57.42828837431631, 57.222364199324595, 57.189388042693786, 57.09950535198104, 57.3386478742366, 57.32945867851593, 57.317073979791566, 57.320732886550985, 57.19005966465376, 57.12793236207182, 57.29829627093947, 57.2025036320194, 57.46766253567164, 57.09045430725129, 57.06087079917926, 57.397938817949196, 57.43520535171844, 57.28576579834003, 57.30598326440275, 57.23064158549344, 57.26922832883042, 57.625045837937854, 57.35115645397293, 57.08983532762749, 57.60525089337614, 57.307680383379, 57.521701254475914, 57.35257799109831, 56.996603677673, 57.22788390444831, 57.23967826509334, 57.44316688860877, 57.52466511829294, 57.546090412927725, 57.271520396698456, 57.386099394344996, 57.42148223580742, 57.82518521685562, 57.35644075800856, 57.482679800669274, 57.303793775994386, 57.06328928819509, 57.49072456569308, 57.28595407812938, 57.262928380948885, 57.322738013380274, 57.345696528002044, 57.29555523032041, 57.33683268247203, 57.57221294456647, 57.20655480880944, 57.312832626141144, 57.373178806653925, 57.21304875966425, 57.513542574178054, 57.10838822900397, 57.47992081204966, 57.233593462822334, 57.26630689759162, 57.40918033510359, 57.3580999333262, 57.25738583407273, 57.35998126973409, 57.27224352079144, 57.228369427333774, 57.16377790852431, 57.35355111228112, 57.39099209174931, 57.502888191217316, 57.35576759184076, 57.54452684988462, 57.54154267060582, 57.20922214464654, 57.251982018936886, 57.44978493744048, 57.17540583300634, 57.25505689481328, 57.26206522806999, 57.39764661317695]
jerk list [0.1383845241160532, 0.4072597377621699, 0.41397093087389786, 0.41875576799016173, 0.4259791117934007, 0.4499248207369735, 0.46851721119248546, 0.4543277353783782, 0.4556275245042489, 0.44183911470246934, 0.4449490741466327, 0.45035691500876757, 0.473590397848223, 0.4545930025800607, 0.4571827406635041, 0.4552957349276496, 0.44680238394400107, 0.42442685122120566, 0.4215225632265453, 0.4007974122924359, 0.3770589533302386, 0.3678473258767346, 0.381527220823661, 0.3781381899442943, 0.3988006805977497, 0.3702555139884301, 0.36432243330198255, 0.37985757936693004, 0.382962941645343, 0.3964192933729537, 0.38482013776645757, 0.4064034191934106, 0.3834437728549156, 0.40410054100207476, 0.381348651085701, 0.40080730671700887, 0.3763139467648265, 0.38167649918558877, 0.3791390827436543, 0.3589600237258292, 0.38044666101115143, 0.372689309689926, 0.38217881528187125, 0.39175412381161656, 0.37590622731654577, 0.3748773279555796, 0.37312116447035454, 0.39679610780160035, 0.385353253390113, 0.3871953166608122, 0.37304601280900007, 0.3720358356098843, 0.38181287136745823, 0.3867207344251215, 0.3810934964388123, 0.3966324591575651, 0.4010314308666248, 0.3736371246871212, 0.3886731392308596, 0.4021079178128519, 0.41627142644607534, 0.40890042477023947, 0.4077096813226108, 0.38297380193858205, 0.3834623741512454, 0.3917527232525494, 0.3908649195167081, 0.3922074415588582, 0.3793633782240707, 0.402364766494091, 0.39181619120669414, 0.39224222886804166, 0.3827751665913625, 0.3945253252260987, 0.38226769730266447, 0.40243118802737127, 0.3872961055382703, 0.39347115600148536, 0.37910516411634576, 0.3841766005218447, 0.3966081585332652, 0.3969061452828274, 0.3899445442453502, 0.39111491405060533, 0.3928748578574641, 0.39389991798078033, 0.3934874515269206, 0.3926934472526099, 0.3958620702526618, 0.3687656195607945, 0.38458180135075887, 0.38926251958513625, 0.41048156398937524, 0.38684349936219975, 0.3977716932970169, 0.4043824759399639, 0.4104540920101977, 0.40300628831062807, 0.38685929874549685, 0.403388944924174, 0.41059377093597776, 0.3852503680568429, 0.40316799663483843, 0.4120911815206607, 0.4006854889168566, 0.4054937412317915, 0.3941293756520314, 0.4054789431942417, 0.3988979871375856, 0.38746090942258393, 0.39184279319421916, 0.396128855854911, 0.38983348587800953, 0.39858657742381126, 0.4048007225930869, 0.4079054080801774, 0.4022851086999866, 0.3945793425389439, 0.4011602777108362, 0.4056845610426396, 0.4084368994812743, 0.4230335218477826, 0.39562147316892116, 0.3809354172114231, 0.40480129758284844, 0.39910554198970244, 0.40314906382208576, 0.4116640202212929, 0.3899402349579524, 0.3754154954491887, 0.3926219175437171, 0.39710499581454123, 0.393227858169374, 0.3943033810310897, 0.3923301061030633, 0.38246452350395344, 0.39120433822367534, 0.39780601631676876, 0.3973478018057924, 0.3886847321463909, 0.3939822326193908, 0.4079394643620475, 0.4083334611295341, 0.395959669524006, 0.38609646484043947, 0.39785231391717507, 0.39235946750161954, 0.4093013368465056, 0.38921439375167616, 0.4037302945801953, 0.3963680343468109, 0.40800803821039555, 0.40299066862824096, 0.42229326756618046, 0.4033100907688733, 0.40026988374432343, 0.40578535252312825, 0.3934806901534731, 0.42059216503884295, 0.4045715701685443, 0.39901448379938276, 0.38734323700832646, 0.4144418021410367, 0.4027487731692154, 0.41868717607543676, 0.3914396367337317, 0.40792597054586494, 0.38557969169430173, 0.39809557368087717, 0.3902838359458563, 0.3944436154196404, 0.3869251851261573, 0.4029919919705212, 0.39482404385199366, 0.41303084576853244, 0.390218079745774, 0.38932346938935497, 0.40197095430216173, 0.40294041216283794, 0.3765254873899993, 0.4037378051360283, 0.408861443390289, 0.3988636407985597, 0.40716223692972414, 0.4083042272868867, 0.4082235343428715, 0.3897932954621771, 0.39553193077313614, 0.4107444401827221, 0.4209654118030523, 0.40561085281410786, 0.41246565557034665, 0.3962913305210874, 0.3936761199572727, 0.4037524793209725, 0.41892185059453796, 0.40444530470125917, 0.4014623495156794, 0.40268114692546314, 0.4055584211200747]