
Env:SUMO, Algorithm:MADDPG, Device:cuda:0
-----------------------------------------
{'algo': 'MADDPG', 'env': 'SUMO', 'seedVal': 20150427, 'gamma': 0.9, 'epsilon': 0.001, 'critic_lr': 0.005, 'actor_lr': 0.0001, 'memory_capacity': 1000000, 'batch_size': 512, 'train_eps': 200, 'eval_eps': 10, 'epsilon_start': 3, 'max_speed': 28, 'target_update': 4, 'hidden_dim': 256, 'soft_tau': 0.01, 'max_action': 2, 'device': device(type='cuda', index=0), 'simulation_steps': 3600, 'pathToSumoFiles': 'rou_net2_single', 'model_dest_path': 'models/', 'model_dest_path_leader': 'ep200_', 'model_dest_path_follow': '', 'logName': 'ep200_gamma0.900000_tua0.010000.txt', 'procID': 12}
seed 20150427
当前的gamma是0.9, 当前的soft tau是0.01
-----------------------------------------
model saved successfully!
Complete training!
final reward list:[-0.36351229929172285, 0.22430622197694694, 0.47914788020569665, 0.47484835416804205, 0.5328991558776214, 0.5231240695759423, 0.46374804889759136, 0.5044726889758799, 0.5092432515874569, 0.511687015673087, 0.5335507164367339, 0.5355197908036138, 0.5456446732148383, 0.5456983622689688, 0.5209598913366632, 0.5561586690032951, 0.5333788849889269, 0.549057881572559, 0.5415934180213596, 0.5420918239340087, 0.5550931305449331, 0.561534252718357, 0.5605855790906937, 0.5854707492274704, 0.5545518485995492, 0.569785875876443, 0.5523369121957539, 0.5358959052980059, 0.5627158891132272, 0.5311436980740984, 0.5317837423466224, 0.5237881776060574, 0.5566868973911884, 0.4900321866964602, 0.4987910254290577, 0.5273058443477986, 0.5708178424406246, 0.5516045895725451, 0.5256392686708657, 0.5577758985969689, 0.5554822610669572, 0.5432604840135391, 0.5471570570534835, 0.5389156541155437, 0.5619295264182375, 0.5377691910970196, 0.565763117291857, 0.5605591050066497, 0.5581795350245833, 0.546975301690097, 0.5340607553673318, 0.5309558026594142, 0.568693494194482, 0.5096555723585948, 0.5526173068454595, 0.5125031808432123, 0.5447034525386445, 0.5816229361763442, 0.5586128070581055, 0.5683910154391377, 0.5412992737300258, 0.5471564118326537, 0.4684852982151649, 0.5713491192378337, 0.5285222688115554, 0.5089834812361287, 0.5491652939774772, 0.5751609392920258, 0.5992624167880477, 0.5736072194765599, 0.5712852021570519, 0.5541535977327882, 0.5587256175226537, 0.5245687611293389, 0.5775683787559197, 0.5528645890534957, 0.5572187628063838, 0.5372998249236148, 0.5746857498552841, 0.5438187913647479, 0.5461510526855939, 0.5016925410083628, 0.5578308805686975, 0.579394301122052, 0.5466965098782797, 0.5252943311482371, 0.4381054454434604, 0.5696850689555866, 0.5576840687478382, 0.5554940364256298, 0.511313694813551, 0.5338416174435404, 0.5572477247809422, 0.5555205930031797, 0.5386132902730569, 0.560146272901086, 0.5288357011204607, 0.531027914920878, 0.5519954736568924, 0.5218997417892822, 0.5435534597305693, 0.22859939607892554, 0.5224240269991886, 0.5473952241295474, 0.5374520573001533, 0.5318366878106324, 0.5155127569616563, 0.5403021613380997, 0.5514066439796156, 0.5543956503290437, 0.5406172091843863, 0.5589304761242784, 0.5429411930587789, 0.5470535253321804, 0.49410561256825036, 0.5631556239247312, 0.5419742727096503, 0.5280727212550319, 0.5495260035187786, 0.5424237365372508, 0.5253158004361942, 0.5152670616835991, 0.5566912209350968, 0.5401935825944937, 0.5188444172668747, 0.5065116226003152, 0.5703258298168439, 0.5074391887349846, 0.5383431817673977, 0.5384214968514012, 0.5170205015688254, 0.5498795623043976, 0.5442747794826106, 0.5523007621525878, 0.5702896432998454, 0.5503102020923235, 0.5426693615372435, 0.5262225936742231, 0.5176399896400005, 0.548194398619517, 0.5448918097301578, 0.5476957304186733, 0.5559637009958042, 0.5096574188060591, 0.572421410901776, 0.564216917452323, 0.5023402136817368, 0.5169139716347898, 0.5279811628127553, 0.501875544153318, 0.5598498525441808, 0.5505980706625527, 0.5378657575002618, 0.538721862674395, 0.5378039774825151, 0.5369896136459453, 0.5234588805693665, 0.5114760218539129, 0.4950628581502177, 0.5229332139168744, 0.5261828310944477, 0.5388173997290132, 0.5581515683077879, 0.5372590535170977, 0.5361702003874796, 0.5473292540406853, 0.5408807174606713, 0.5593720424408798, 0.5458840730471658, 0.4855494610152815, 0.5341703836169398, 0.5665730113168953, 0.5225421268973767, 0.5520899641813227, 0.5474058339870363, 0.5568828955604864, 0.5237837864104866, 0.5484174352547849, 0.5428694624301016, 0.5490551623467843, 0.5155447395493716, 0.5562256111413166, 0.5313816935572299, 0.5253944269056011, 0.5311526008017154, 0.5421831172024618, 0.5370562911339243, 0.5371047448278488, 0.5096575355971287, 0.4872363905054261, 0.5573731020573703, 0.5397473217364117, 0.5130481446945027, 0.5383020704015856, 0.5545420121508248, 0.512720855333141, 0.5310732804058692, 0.5427717509642448, 0.5079352391552715, 0.5157483084525787]
final halt list:[1.9720101781170483, 0.5198911934716083, 0.007984031936127744, 0.015014075695964968, 0.0007147962830593281, 0.12232737469330529, 0.8183938687104299, 0.11122112211221122, 0.07832724858944573, 0.38413142257951766, 0.0, 0.021124471888202795, 0.028581267217630855, 0.020853698273053112, 0.0, 0.01706256273001004, 0.09193993257738278, 0.0, 0.018477222045237336, 0.035830618892508145, 0.0, 0.0, 0.0, 0.0, 0.0, 0.0, 0.0, 0.001652892561983471, 0.015961138098542677, 0.028284098051539912, 0.022191400832177532, 0.01141552511415525, 0.013976705490848586, 0.0, 0.03387578877449352, 0.03151674326986211, 0.022570076447033127, 0.012760241773002015, 0.051615168539325844, 0.004355108877721943, 0.01107011070110701, 0.0291583830351226, 0.0, 0.009609224855861628, 0.001049317943336831, 0.0009398496240601503, 0.017247574559827523, 0.0, 0.0, 0.01643192488262911, 0.0030560271646859084, 0.007766990291262136, 0.015775917578879587, 0.08613235783172597, 0.00033112582781456954, 0.014383561643835616, 0.004723346828609987, 0.0, 0.0, 0.0, 0.005823912298732443, 0.04632645674990952, 0.07503506311360449, 0.03195105370496261, 0.0, 0.0, 0.014985950671245708, 0.0, 0.0, 0.0, 0.02236106543900033, 0.0, 0.0, 0.0003675119441381845, 0.0, 0.0, 0.01938958707360862, 0.0019267822736030828, 0.0010238907849829352, 0.0, 0.019533711405166982, 0.044890162368672396, 0.015608740894901144, 0.0, 0.0, 0.001936108422071636, 0.34005130084279955, 0.006776034236804565, 0.00033211557622052476, 0.0722495894909688, 0.022026431718061675, 0.0476687543493389, 0.002758620689655172, 0.0, 0.0016398819285011479, 0.0, 0.0, 0.0067039106145251395, 0.06297056810403832, 0.06337093563370935, 0.34342379958246344, 3.2032168264769565, 0.04768838733163451, 0.10741777466759972, 0.025278058645096056, 0.0, 0.003478810879190386, 0.0, 0.0, 0.0, 0.00224791265253693, 0.0, 0.0, 0.0003498950314905528, 0.1008130081300813, 0.0, 0.0, 0.0, 0.00037509377344336085, 0.00033852403520649965, 0.0, 0.00034071550255536625, 0.0, 0.0, 0.0, 0.015249837767683322, 0.0, 0.0, 0.03279742765273312, 0.018721299894030378, 0.00032331070158422246, 0.0, 0.0, 0.0, 0.024749163879598662, 0.008447729672650475, 0.0, 0.011075384065737763, 0.00031486146095717883, 0.010024196335983409, 0.0045045045045045045, 0.024323398424117848, 0.0010885341074020319, 0.002856122813280971, 0.03257443082311734, 0.0094604064470918, 0.041035353535353536, 0.017034068136272545, 0.0, 0.0, 0.0, 0.0, 0.0, 0.0, 0.03318508381799521, 0.0, 0.006524725274725275, 0.016202203499675955, 0.030857917938284164, 0.0018083182640144665, 0.0006134969325153375, 0.011978221415607986, 0.0, 0.002561287961946579, 0.008742434431741762, 0.0075368276807125725, 0.012495994873438, 0.009821753364859949, 0.029078014184397163, 0.0032798833819241984, 0.0, 0.013836042891732965, 0.009488309047780414, 0.0, 0.0, 0.038538205980066444, 0.01708507670850767, 0.0, 0.0, 0.0050916496945010185, 0.0, 0.0077000334784064275, 0.02053231939163498, 0.0, 0.0, 0.004078605858361142, 0.0, 0.001979544704717915, 0.0, 0.12478093235191028, 0.0, 0.0, 0.023100100435219283, 0.0, 0.00035211267605633805, 0.0017152658662092624, 0.0, 0.0, 0.0, 0.0003281916639317361]
speed reward list:[0.0, 0.0, 0.0, 0.0, 0.0, 0.0, 0.0, 0.0, 0.0, 0.0, 0.0, 0.0, 0.0, 0.0, 0.0, 0.0, 0.0, 0.0, 0.0, 0.0, 0.0, 0.0, 0.0, 0.0, 0.0, 0.0, 0.0, 0.0, 0.0, 0.0, 0.0, 0.0, 0.0, 0.0, 0.0, 0.0, 0.0, 0.0, 0.0, 0.0, 0.0, 0.0, 0.0, 0.0, 0.0, 0.0, 0.0, 0.0, 0.0, 0.0, 0.0, 0.0, 0.0, 0.0, 0.0, 0.0, 0.0, 0.0, 0.0, 0.0, 0.0, 0.0, 0.0, 0.0, 0.0, 0.0, 0.0, 0.0, 0.0, 0.0, 0.0, 0.0, 0.0, 0.0, 0.0, 0.0, 0.0, 0.0, 0.0, 0.0, 0.0, 0.0, 0.0, 0.0, 0.0, 0.0, 0.0, 0.0, 0.0, 0.0, 0.0, 0.0, 0.0, 0.0, 0.0, 0.0, 0.0, 0.0, 0.0, 0.0, 0.0, 0.0, 0.0, 0.0, 0.0, 0.0, 0.0, 0.0, 0.0, 0.0, 0.0, 0.0, 0.0, 0.0, 0.0, 0.0, 0.0, 0.0, 0.0, 0.0, 0.0, 0.0, 0.0, 0.0, 0.0, 0.0, 0.0, 0.0, 0.0, 0.0, 0.0, 0.0, 0.0, 0.0, 0.0, 0.0, 0.0, 0.0, 0.0, 0.0, 0.0, 0.0, 0.0, 0.0, 0.0, 0.0, 0.0, 0.0, 0.0, 0.0, 0.0, 0.0, 0.0, 0.0, 0.0, 0.0, 0.0, 0.0, 0.0, 0.0, 0.0, 0.0, 0.0, 0.0, 0.0, 0.0, 0.0, 0.0, 0.0, 0.0, 0.0, 0.0, 0.0, 0.0, 0.0, 0.0, 0.0, 0.0, 0.0, 0.0, 0.0, 0.0, 0.0, 0.0, 0.0, 0.0, 0.0, 0.0, 0.0, 0.0, 0.0, 0.0, 0.0, 0.0, 0.0, 0.0, 0.0, 0.0, 0.0, 0.0]
tls reward list:[-0.007477536189789052, -0.008033345844102143, -0.006901495156534084, -0.006202556123818604, -0.0062914725824016445, -0.006312051214553631, -0.006101221738767602, -0.0061910759481741025, -0.0058397122049983485, -0.005513156843266806, -0.00552154913268994, -0.005705423403415356, -0.005571485063263712, -0.005325920901546424, -0.005385140276043782, -0.005454944663376873, -0.005246631953541289, -0.0054421400881857354, -0.005003560591767626, -0.0058384254246081945, -0.005823451802990681, -0.0056777514934665, -0.005656835798316297, -0.005413410779687325, -0.005435081384164463, -0.005475541385612181, -0.005480951335733115, -0.005412161162492491, -0.00543209732210819, -0.0053315902019503035, -0.005284092353894017, -0.005462476110595752, -0.005325981111087236, -0.0052391260776655235, -0.005423852754293692, -0.005313695220744121, -0.005508507629940694, -0.005297940595494122, -0.00572392234233732, -0.00538723486641183, -0.005831947495381231, -0.005278124220445854, -0.0052025408653153336, -0.00560048191212603, -0.005409810283336796, -0.005486978928686901, -0.005430040497334692, -0.005768601824954247, -0.005128736693208643, -0.005714900836446864, -0.005529252377416179, -0.005289625845227014, -0.005346493099483069, -0.005555040710004331, -0.005491500402060215, -0.005705196972140491, -0.005323066627815843, -0.005381339693353239, -0.005847748242517487, -0.005762232205014008, -0.005633111411935624, -0.005867005204331503, -0.00529006819456463, -0.005707475053761118, -0.005226809972510518, -0.005369458251540571, -0.005164717953579016, -0.005400203221880229, -0.00543836570963076, -0.005633632725629375, -0.0053640979997756945, -0.0055057558591265, -0.00538954948083328, -0.0057926395838390895, -0.005368115250477194, -0.005560390659020817, -0.005646381613837321, -0.005141733853232676, -0.005318210433538379, -0.005138554253882118, -0.00545071691617925, -0.0052573175459815335, -0.005586201549734448, -0.005437320128970271, -0.005269712101243216, -0.005277055537583303, -0.0056584870552774435, -0.005429324433326213, -0.005274855507473782, -0.00550641438982112, -0.005702556929562339, -0.005789316281563092, -0.005450466804523883, -0.005069278349849516, -0.005201962555797536, -0.005468871578161395, -0.005644716170963542, -0.005540635545271033, -0.005035367967633153, -0.005487319865313981, -0.005725728548970303, -0.005361308223073151, -0.005390022165213262, -0.00540323895738169, -0.0052894630211076515, -0.0053049382842650095, -0.005592993655075279, -0.005565344391404315, -0.005491066389917416, -0.0056849715911869774, -0.005522899102186531, -0.005323117927989139, -0.005332808941989999, -0.005506773369838124, -0.005424656605138287, -0.005399813561506502, -0.005521096422672968, -0.00508512839267641, -0.0058028327935812475, -0.0054399541416628415, -0.005803079047150915, -0.005634559207268827, -0.0056110693334161365, -0.005232886710530744, -0.005287382194251085, -0.005532319962816341, -0.0052985361431030055, -0.005568041323537878, -0.0054463622718662515, -0.005602689406848973, -0.005396276317188595, -0.005534784058898583, -0.005293535689366547, -0.005824994242136442, -0.005602172380621328, -0.005811127758874437, -0.005230443398919506, -0.00567343779934945, -0.005176015932471571, -0.005412887082232578, -0.005394423201236127, -0.005449146367799416, -0.005751737883764613, -0.005543624681130462, -0.0057268150860276985, -0.0055149015663995115, -0.00509237637416676, -0.005722534425062201, -0.005225390566463112, -0.005024551892536067, -0.00540952642028085, -0.005580944458738785, -0.005553586993974658, -0.005469427513485946, -0.00582636196778698, -0.005532311936381856, -0.0053411053163117846, -0.0056202565321189805, -0.005565605558712655, -0.00563817481212887, -0.005184970801634746, -0.00553131935740294, -0.0054652772391273596, -0.005874412487622243, -0.005611504053264719, -0.005499061263654398, -0.005292240317382951, -0.005613510827380534, -0.005802140689993274, -0.005400501938210324, -0.005346947992417007, -0.005510951769764942, -0.0056261032550319655, -0.0056531623832332826, -0.005484487300296627, -0.005511004305996576, -0.0057526588743170015, -0.005477534891030855, -0.005481012431101614, -0.00557767782525456, -0.005855933864304519, -0.005550092222020633, -0.005561110324628649, -0.005547940969052091, -0.005671697791164665, -0.005929126586102142, -0.005737328775325842, -0.0055258758379443254, -0.005584733580966868, -0.005566698665844381, -0.005410820324438868, -0.005876858397784266, -0.005605955295265595, -0.005614454573387543, -0.005323579914340117, -0.005413764484141135, -0.005562498513131889, -0.005760437351427059, -0.00563479840353495, -0.0058534223486563395]
target reward list:[-0.3560347631019338, 0.23233956782104911, 0.4860493753622308, 0.48105091029186064, 0.5391906284600231, 0.529436120790496, 0.46984927063635895, 0.5106637649240541, 0.5150829637924551, 0.5172001725163538, 0.5390722655694239, 0.5412252142070291, 0.551216158278102, 0.5510242831705153, 0.526345031612707, 0.561613613666672, 0.5386255169424682, 0.5545000216607447, 0.5465969786131273, 0.5479302493586168, 0.5609165823479237, 0.5672120042118235, 0.5662424148890102, 0.5908841600071578, 0.5599869299837136, 0.5752614172620553, 0.557817863531487, 0.5413080664604983, 0.5681479864353354, 0.5364752882760487, 0.5370678347005164, 0.5292506537166531, 0.5620128785022755, 0.49527131277412567, 0.5042148781833514, 0.5326195395685427, 0.5763263500705653, 0.5569025301680393, 0.531363191013203, 0.5631631334633806, 0.5613142085623385, 0.5485386082339849, 0.5523595979187987, 0.5445161360276697, 0.5673393367015743, 0.5432561700257064, 0.5711931577891917, 0.5663277068316039, 0.5633082717177921, 0.5526902025265439, 0.539590007744748, 0.5362454285046412, 0.5740399872939651, 0.5152106130685993, 0.5581088072475198, 0.5182083778153528, 0.5500265191664603, 0.5870042758696974, 0.5644605553006229, 0.5741532476441518, 0.5469323851419615, 0.5530234170369853, 0.4737753664097296, 0.5770565942915948, 0.533749078784066, 0.5143529394876692, 0.5543300119310562, 0.5805611425139061, 0.6047007824976784, 0.5792408522021893, 0.5766493001568276, 0.5596593535919145, 0.5641151670034871, 0.5303614007131779, 0.5829364940063968, 0.5584249797125164, 0.5628651444202212, 0.5424415587768475, 0.5800039602888226, 0.54895734561863, 0.5516017696017731, 0.5069498585543444, 0.5634170821184319, 0.5848316212510224, 0.5519662219795229, 0.5305713866858204, 0.4437639324987379, 0.5751143933889127, 0.562958924255312, 0.5610004508154509, 0.5170162517431134, 0.5396309337251035, 0.5626981915854661, 0.5605898713530292, 0.5438152528288545, 0.5656151444792474, 0.5344804172914243, 0.5365685504661488, 0.5570308416245255, 0.5273870616545961, 0.5492791882795396, 0.23396070430199872, 0.5278140491644018, 0.5527984630869293, 0.542741520321261, 0.5371416260948975, 0.5211057506167316, 0.5458675057295039, 0.5568977103695331, 0.5600806219202307, 0.5461401082865729, 0.5642535940522676, 0.5482740020007688, 0.5525602987020185, 0.4995302691733886, 0.5685554374862377, 0.5474953691323233, 0.5331578496477083, 0.5553288363123599, 0.5478636906789137, 0.5311188794833451, 0.520901620890868, 0.562302290268513, 0.5454264693050245, 0.5241317994611258, 0.5120439425631316, 0.5756243659599469, 0.5130072300585226, 0.5437895440392639, 0.5440241862582502, 0.522416777886014, 0.5554143463632962, 0.5495683151719772, 0.5581257563947242, 0.5758918156804667, 0.5561213298511979, 0.5478998049361631, 0.5318960314735725, 0.522816005572472, 0.5536072857017497, 0.550286232931394, 0.5531448767864726, 0.5617154388795689, 0.5152010434871895, 0.5781482259878037, 0.5697318190187225, 0.5074325900559035, 0.5226365060598519, 0.5332065533792185, 0.5069000960458542, 0.5652593789644617, 0.5561790151212915, 0.5434193444942363, 0.5441912901878809, 0.543630339450302, 0.5425219255823271, 0.5287999858856783, 0.5170962783860319, 0.5006284637089304, 0.5285713887290034, 0.5313678018960826, 0.5443487190864162, 0.5636168455469153, 0.5431334660047199, 0.5417817044407445, 0.5528283153043397, 0.5461729577780544, 0.5649855532682604, 0.5516862137371591, 0.4909499629534918, 0.5395173316093568, 0.5720839630866603, 0.5281682301524088, 0.5577431265645559, 0.552890321287333, 0.562393899866483, 0.5295364452848036, 0.5538949701458158, 0.548350474861203, 0.5546328401720388, 0.5214006734136761, 0.5617757033633373, 0.5369428038818587, 0.5309423678746532, 0.5368242985928802, 0.5481122437885639, 0.5427936199092502, 0.542630620665793, 0.5152422691780955, 0.4928030891712706, 0.5627839223818092, 0.545624180134196, 0.5186540999897683, 0.5439165249749731, 0.559865592065165, 0.5181346198172823, 0.5366357789190012, 0.5485321883156719, 0.5135700375588066, 0.5216017308012351]
safe reward list [0.0, 0.0, 0.0, 0.0, 0.0, 0.0, 0.0, 0.0, 0.0, 0.0, 0.0, 0.0, 0.0, 0.0, 0.0, 0.0, 0.0, 0.0, 0.0, 0.0, 0.0, 0.0, 0.0, 0.0, 0.0, 0.0, 0.0, 0.0, 0.0, 0.0, 0.0, 0.0, 0.0, 0.0, 0.0, 0.0, 0.0, 0.0, 0.0, 0.0, 0.0, 0.0, 0.0, 0.0, 0.0, 0.0, 0.0, 0.0, 0.0, 0.0, 0.0, 0.0, 0.0, 0.0, 0.0, 0.0, 0.0, 0.0, 0.0, 0.0, 0.0, 0.0, 0.0, 0.0, 0.0, 0.0, 0.0, 0.0, 0.0, 0.0, 0.0, 0.0, 0.0, 0.0, 0.0, 0.0, 0.0, 0.0, 0.0, 0.0, 0.0, 0.0, 0.0, 0.0, 0.0, 0.0, 0.0, 0.0, 0.0, 0.0, 0.0, 0.0, 0.0, 0.0, 0.0, 0.0, 0.0, 0.0, 0.0, 0.0, 0.0, 0.0, 0.0, 0.0, 0.0, 0.0, 0.0, 0.0, 0.0, 0.0, 0.0, 0.0, 0.0, 0.0, 0.0, 0.0, 0.0, 0.0, 0.0, 0.0, 0.0, 0.0, 0.0, 0.0, 0.0, 0.0, 0.0, 0.0, 0.0, 0.0, 0.0, 0.0, 0.0, 0.0, 0.0, 0.0, 0.0, 0.0, 0.0, 0.0, 0.0, 0.0, 0.0, 0.0, 0.0, 0.0, 0.0, 0.0, 0.0, 0.0, 0.0, 0.0, 0.0, 0.0, 0.0, 0.0, 0.0, 0.0, 0.0, 0.0, 0.0, 0.0, 0.0, 0.0, 0.0, 0.0, 0.0, 0.0, 0.0, 0.0, 0.0, 0.0, 0.0, 0.0, 0.0, 0.0, 0.0, 0.0, 0.0, 0.0, 0.0, 0.0, 0.0, 0.0, 0.0, 0.0, 0.0, 0.0, 0.0, 0.0, 0.0, 0.0, 0.0, 0.0, 0.0, 0.0, 0.0, 0.0, 0.0, 0.0]
speed list [15.327696864434165, 14.952782877543738, 14.992287300666163, 14.851782076304149, 14.789251461838685, 14.759434933905085, 14.089455859055898, 14.887698999310514, 14.916767522879114, 14.349596170271528, 15.009721149311545, 14.960448368308805, 14.900679591294063, 15.14849197729907, 15.126555510736319, 15.355548508531431, 14.700827195820015, 14.847640207381762, 14.860304443400079, 14.822424695593186, 15.098142658937128, 15.221855738067955, 15.190192211921218, 15.392628575758375, 15.040549704744457, 15.15622699359859, 15.261515053576822, 15.132240577045062, 15.320940358280689, 14.973097083411867, 14.847055957536595, 15.050965020118916, 15.415521063882958, 14.922519955024805, 15.132084602296615, 15.071032875313682, 15.114445846555048, 15.051032526890358, 14.920486948571325, 15.139217058857918, 15.192876735723598, 15.119608544269052, 15.332220415541363, 14.893886181815864, 15.127970777235696, 15.134119922396819, 14.900073133702433, 15.043225717500185, 15.230764689376489, 15.14184499712223, 15.218841442803665, 15.202461865182665, 15.297201300725817, 14.6355647488885, 15.246229161071769, 14.953509916441853, 14.979800423935455, 15.18523119706466, 15.200030141319209, 15.123794751755389, 14.865777886713271, 14.837835843379768, 14.018707562100495, 15.253217740806367, 15.094531880133852, 15.08910829719943, 15.017741228077735, 14.999553678489837, 15.299027805529027, 14.957146267565946, 15.142123173211525, 14.943885918732242, 15.229856021559504, 15.171753572997963, 15.19837078259723, 15.161416882837882, 15.09452915038794, 15.114136110033856, 15.323143698358308, 15.151245319188956, 15.043623402367066, 15.014552254077316, 14.984285473915612, 15.149510957583683, 15.305102018522053, 15.131686998016072, 14.0963470189902, 15.211387480852954, 15.038836319704705, 14.978040156253956, 15.084543324253676, 15.026251091393721, 14.868176038120321, 15.040100652303549, 14.999349888289974, 15.074718112043216, 15.044393748223387, 15.100674647990285, 15.057830314835192, 14.801083437874189, 14.493257399185143, 11.850195419127688, 14.863171482116144, 14.847862162236382, 14.824101226259438, 14.976714482467393, 15.139821099536054, 14.768722469680924, 15.120274422137154, 15.243991861914413, 15.12524474293062, 15.245600071209992, 15.297624942676409, 15.107750280786767, 14.518257470108086, 15.133719870206976, 15.033043908507931, 15.028326237972427, 15.084551702019368, 14.945169338805602, 14.956480262330867, 14.911594915698139, 15.187548676034512, 15.116027350287307, 14.784124350274379, 15.002568320691122, 15.067578696405599, 14.912605520410361, 15.095177483129964, 15.197087458153643, 14.99213618832156, 15.244780634906784, 15.162776047481524, 15.063510358710522, 14.97551398384042, 15.179601922212205, 15.007699539528064, 14.965688048151915, 15.106437080659653, 15.057906738863755, 15.131430710194303, 14.913025347788299, 15.117358101059748, 14.680014926385029, 15.295986385355091, 14.944255231128452, 15.190890763806511, 15.187761304510834, 15.257970760693246, 14.714406944230534, 15.144538906268906, 15.076236659108666, 15.42554074570482, 15.153890246407105, 15.136090233855924, 14.922948716380384, 15.096679876328084, 14.987786907143285, 14.595996493055063, 14.81573746382453, 15.163769505570826, 14.945291854297771, 15.00534595651825, 14.979138375043554, 14.95171640877912, 15.105346311026457, 15.084545032253075, 15.289710660204166, 15.121730410478255, 15.04775520687593, 15.29708748140433, 15.34310801395025, 15.106686772842755, 15.193644553607529, 14.972760979915273, 15.173402500818224, 15.119644307664373, 15.005115252384652, 14.942257099115801, 15.259051707336054, 15.082048065125006, 15.107996406862304, 14.759699922042225, 15.033680644192646, 15.02238382842472, 14.984294484011855, 15.042225820757913, 15.176964712276197, 14.925941631592513, 14.273794278369369, 14.988734776407506, 15.11298785323125, 15.170854810810681, 15.205851995488041, 15.052877390605621, 14.856387881165656, 15.015811515127346, 15.245698194260362, 15.140877561969434, 15.009931637541285]
ec list [59.60150504764447, 58.30465622644215, 58.089310940631584, 58.04604751124912, 58.14166894957448, 58.57721518730214, 58.66332641420314, 58.37368012289592, 57.8635526339281, 58.1949064382055, 57.747597266724895, 57.66247898748175, 57.38563737337436, 57.4554915123661, 57.3799908484414, 57.3894180406944, 57.34885082548921, 56.99369244418698, 57.0764923540446, 57.72156869337538, 57.51337055799121, 57.368277893201096, 57.27901514954201, 57.18689807492914, 57.30332792729547, 57.31437378698575, 57.168861334086685, 57.273928937622294, 57.15369691174424, 57.478550476313494, 57.400050166947416, 57.29204253926487, 57.21901982255542, 57.03124020068963, 57.297477808571855, 57.17111267053915, 57.15625041026987, 57.252999597543344, 57.356257284362634, 57.29781223249735, 57.19743488734161, 57.346518929483956, 57.285952604285626, 57.404068058262254, 57.33634797566654, 57.31753400534182, 56.94809794811123, 57.24093838029476, 57.24388185155623, 57.41417220542399, 57.45615579145491, 57.31890847237105, 57.407705844213595, 57.645711334509315, 57.383808160189666, 57.3268955133293, 57.39536318881259, 56.91510504848192, 57.31267572716768, 57.38091047627201, 57.32490499435635, 57.38556691001701, 58.10644104803097, 57.599026637384156, 57.15269764772362, 57.2885336027852, 57.24853635282562, 57.06256736231063, 57.13050501824941, 57.214167408665176, 57.43326535964684, 57.03047763330215, 57.26803963510986, 57.375591356874146, 57.23250217602138, 57.511445132798706, 57.33441643004281, 57.24555664454036, 57.069274338423305, 57.212057442944776, 57.61082871298776, 57.50597686453788, 57.43768754685623, 57.43073440505901, 57.1552851154859, 57.46365193286471, 58.79644410293969, 57.29962202874319, 57.282976381628124, 57.76149803346606, 57.63524143708074, 57.55727662667334, 57.320434997146435, 57.3121169378057, 57.42855892455289, 57.66365981141067, 57.501925022434925, 57.52384936542725, 57.602581862368574, 57.72689455430048, 58.31229687335398, 62.62884159214509, 57.570211151458004, 57.35704393515016, 57.187023419106914, 57.464932872733186, 57.34853793847125, 57.29844969464331, 57.27430969187099, 57.29515540967306, 57.32923545484616, 57.34666067074235, 57.40775237340049, 57.10703568798752, 57.643877000861266, 57.33955508500309, 57.17919643206522, 57.32675404771225, 57.50646651572539, 57.2596536963256, 57.43243648843747, 57.395088206100276, 57.27450478626889, 57.07756906936322, 57.06219034619593, 57.35545212382762, 57.28407544080933, 57.25901033592577, 57.287499264056116, 57.272527653914054, 57.08228007681168, 57.251900207712026, 57.053342652705105, 57.400152502224266, 57.176528426974556, 57.19333837330586, 57.37630935766219, 57.360149606429985, 57.25538890764756, 57.33586637656279, 57.18327842651544, 57.23630471405707, 57.54015331418812, 57.27524718241713, 57.07992788614437, 57.51600602723203, 57.168504079695836, 57.511976637424816, 57.222765366420234, 56.874973522765735, 57.146390647760704, 57.22667458137408, 57.456684356724764, 57.334227573377056, 57.574718853626145, 57.28800377718971, 57.32669434122453, 57.478031327498584, 57.69386619219762, 57.348966887317275, 57.38503552600536, 57.33276543403048, 56.97873647339053, 57.459289197946674, 57.20135772305199, 57.164146492138904, 57.286478252213264, 57.33225117974779, 57.370607091570584, 57.17217520430659, 57.463496833139715, 57.16836972937787, 57.263301925151566, 57.39303012839866, 57.1722760404992, 57.522204259624964, 57.19875752924967, 57.42532700106674, 57.26619560407188, 57.33415703611763, 57.41034058531133, 57.349063260727895, 57.20978122754983, 57.362227095820515, 57.287552760007976, 57.2292206434782, 57.2618749735818, 57.42815900333511, 57.4170890306821, 57.605664913054284, 57.3367938913989, 57.50627022938584, 57.45874543295741, 57.22993804702421, 57.22281660177114, 57.46042723824587, 57.25890660257834, 57.27959166202011, 57.33088615517097, 57.4766262655339]
jerk list [0.1391046159014679, 0.3701235536393739, 0.4151385799858834, 0.4278121677295808, 0.41882718825919435, 0.41927134617096734, 0.4173515815541219, 0.41482653754068793, 0.40519902223441306, 0.4082900153235522, 0.3919219193689018, 0.39391892579182136, 0.3889395803478511, 0.3752726053650192, 0.38369440825999424, 0.3662806760866849, 0.38747484169276086, 0.38290397298606516, 0.3723671768825398, 0.3950683427939675, 0.38120988579714804, 0.37370885191326847, 0.3751187786182931, 0.36508753432783875, 0.38809363934689095, 0.3632950788368069, 0.3544949305999923, 0.35820587058629655, 0.35638663693251504, 0.3748182181977868, 0.38291086958867365, 0.37071309330673785, 0.3362032128872189, 0.36822370173579144, 0.34587982277832113, 0.3563588005178106, 0.3641319864606124, 0.3671215669351655, 0.36377335460660576, 0.3660964858935524, 0.3750659924243916, 0.3718749737605563, 0.3620380387726962, 0.39226520879890603, 0.37909077681618764, 0.37212392747068485, 0.3716213113597454, 0.3921332791198855, 0.3745853783445439, 0.3856165673481094, 0.37716976348798426, 0.3629120356580568, 0.3781990566217753, 0.3867455629728919, 0.3821084442085522, 0.3869140023063608, 0.38739371353467644, 0.3693826257477161, 0.38632001975013186, 0.4139591668013937, 0.40640721629134047, 0.3992937545211377, 0.3818344958908151, 0.3792795452594105, 0.3804777733382599, 0.3917149694016708, 0.3885333001342299, 0.3804959302325747, 0.3698036692409208, 0.3981587976554339, 0.39192634579395735, 0.3907157475125201, 0.3886491460697212, 0.38657464244011797, 0.39498235055743647, 0.3945945622321878, 0.3943153973602771, 0.3879232726198661, 0.36977378424870705, 0.3831641097917813, 0.3998009804924421, 0.39086676396035464, 0.400411500753077, 0.40816158398030294, 0.3923034628316419, 0.402124715112206, 0.43691115126184277, 0.3790086412447303, 0.3953990046496257, 0.39967155294048773, 0.4099681388218331, 0.4102458970984437, 0.41254365274284, 0.3963379817044419, 0.4004523363514076, 0.4095593051329764, 0.41014417292480404, 0.40591960513709624, 0.3967458625198098, 0.4150292094611715, 0.42353467756994073, 0.42662094113848015, 0.40616619339408533, 0.40444638708001385, 0.40480856548228566, 0.4133446296191469, 0.40718456034110917, 0.4142016229964105, 0.4020241343266227, 0.39086030758057716, 0.3903897733563916, 0.397404811332682, 0.3880683734601538, 0.3939252023333421, 0.4168663048498194, 0.40666110201587924, 0.3962004734050463, 0.38929404553569374, 0.40465931255249565, 0.40422215679704127, 0.4210889910936845, 0.4115850435803237, 0.4076234013867482, 0.3701826532668939, 0.40632641114405615, 0.4042141327505834, 0.39536012718408975, 0.40334752804228563, 0.38341919464934576, 0.37913738265706426, 0.39800614304041676, 0.3905806897110836, 0.38189656917455467, 0.4007399487696361, 0.40327776546181493, 0.3914270175559351, 0.38648209132603567, 0.3996562988604539, 0.3955076901101455, 0.38653658049656725, 0.39956740529776574, 0.3952823805647481, 0.40514100045120655, 0.4004785059380755, 0.36872346501835795, 0.39104371511775216, 0.38395286744729723, 0.4022245558107205, 0.3853354011708736, 0.39435609863371207, 0.3818113903464407, 0.4026953321287231, 0.39136254551573607, 0.39603668169708134, 0.40328412520803064, 0.40538051574456413, 0.4006144072906711, 0.40097082787715704, 0.4112131746923677, 0.4025915530707425, 0.3816264060785995, 0.4021890023789648, 0.40209928490798413, 0.40722138686891357, 0.40117738812116355, 0.39228732172113556, 0.40155301593502185, 0.38795650129996984, 0.40164531290791605, 0.38097026281457735, 0.3865587346825269, 0.384920573072056, 0.40555023595384715, 0.3995156585870848, 0.4126233451806506, 0.3885823041599133, 0.3922794067657176, 0.40713778216819024, 0.4056402245704852, 0.3883159356898178, 0.4062243268631367, 0.3959520004855572, 0.40427040401064385, 0.41082883167410966, 0.40567863594293263, 0.4119664056012041, 0.38769202451448126, 0.39874431367256924, 0.4117701809706953, 0.41140903632425163, 0.39852589890033546, 0.4070312287595351, 0.39007752219170344, 0.39161080465895753, 0.40147602150195066, 0.4168305604535474, 0.40391762950299465, 0.39593557773137866, 0.4030352608019548, 0.4121470894834044]