
Env:SUMO, Algorithm:MADDPG, Device:cuda:1
-----------------------------------------
{'algo': 'MADDPG', 'env': 'SUMO', 'seedVal': 20150427, 'gamma': 0.8, 'epsilon': 0.001, 'critic_lr': 0.005, 'actor_lr': 0.0001, 'memory_capacity': 1000000, 'batch_size': 512, 'train_eps': 200, 'eval_eps': 10, 'epsilon_start': 3, 'max_speed': 28, 'target_update': 4, 'hidden_dim': 256, 'soft_tau': 0.001, 'max_action': 2, 'device': device(type='cuda', index=1), 'simulation_steps': 3600, 'pathToSumoFiles': 'rou_net2_single', 'model_dest_path': 'models/', 'model_dest_path_leader': 'ep200_', 'model_dest_path_follow': '', 'logName': 'ep200_gamma0.800000_tua0.001000.txt', 'procID': 5}
seed 20150427
当前的gamma是0.8, 当前的soft tau是0.001
-----------------------------------------
model saved successfully!
Complete training!
final reward list:[-0.33023101453662873, 0.3382741683307436, 0.5004964051592213, 0.4819208552514282, 0.45396638540943285, 0.27394844370798366, 0.1616168175252897, 0.3515278697046444, 0.35018753274755, 0.19318096147779718, 0.49921645429243794, 0.5367255545077309, 0.5223641876048439, 0.516722311741782, 0.5376745417687824, 0.5652783812526334, 0.5014578921916509, 0.5361955683957988, 0.516447570468333, 0.5330948949791213, 0.5485522795065514, 0.5425524695369144, 0.5342742054109401, 0.5696511592346027, 0.5395914191583157, 0.5477151501402306, 0.5569350489498217, 0.5363564254227088, 0.5621278810362021, 0.5306736724647725, 0.5306080547895811, 0.5485463891932989, 0.5773024802653385, 0.5067521537106678, 0.5187382052998675, 0.5106483737089209, 0.5695648778193731, 0.561368834213887, 0.5203092372251008, 0.566102906914091, 0.5466412592492589, 0.525847737702194, 0.5547418809615763, 0.5474416502433563, 0.5541335078756576, 0.5376838156954024, 0.5135806366730191, 0.5463580515302603, 0.5625253485626602, 0.5362747830672254, 0.5467337402537918, 0.533760271183114, 0.5455794287040724, 0.5049188141288475, 0.548031828255369, 0.5142695944952251, 0.5424447170869201, 0.5600590464523731, 0.5247831814752097, 0.5431666501701854, 0.5569921892350956, 0.5361575146824612, 0.4763481345634805, 0.5510996274551553, 0.5249766654901148, 0.5311194630986803, 0.5532454961998988, 0.5517449494716385, 0.5793743514994797, 0.5748927865986327, 0.561603756635328, 0.5300614128670705, 0.5682027701661361, 0.5433426367122768, 0.55131368047477, 0.5458195286239382, 0.533937098954901, 0.543416439644152, 0.5716985097202842, 0.5378195759199486, 0.5679310758616501, 0.4964410880666148, 0.5192288509841556, 0.539961890166181, 0.5454822737183136, 0.5488010402422879, 0.5595574096680639, 0.5710607538454097, 0.5596115333513034, 0.5490919650151501, 0.5271432708004885, 0.5326971601916939, 0.5551084462887809, 0.5682689274967312, 0.5086526911899631, 0.5302513941567724, 0.5305084037554206, 0.5464934579154396, 0.5494911887280903, 0.5176481377916909, 0.5753834022185772, 0.5287599044211172, 0.5390132781054903, 0.5015409839118881, 0.5073615940914916, 0.5218399217511527, 0.531215888540215, 0.519394110673982, 0.5725030718158364, 0.5738053899459251, 0.5071078188662725, 0.5490514139457718, 0.48550098644731204, 0.562772031157559, 0.49438334552422614, 0.5622629810714233, 0.5137268905028523, 0.5183766353552315, 0.5456472596030459, 0.5307440149730188, 0.5250466527855386, 0.5311100749821908, 0.5698348440247545, 0.5377957970873635, 0.5104915716484801, 0.5297343551493416, 0.5561991686635612, 0.5431204181392406, 0.5201046048388878, 0.542874796302701, 0.5301606800283645, 0.5501337283023926, 0.538754279944138, 0.5581455001879176, 0.5433265043343778, 0.563637953199276, 0.5334275102073642, 0.5415041213426058, 0.5508876949817635, 0.5414046301362326, 0.5312074200405972, 0.5111080487205614, 0.5293098823242217, 0.4980583062775457, 0.5629998922677438, 0.5362889855537062, 0.5158327866857105, 0.5261997637480905, 0.5238770841613309, 0.5111955920918105, 0.5558121778685817, 0.5551150998946884, 0.5306656315033944, 0.5350201132973493, 0.5557589983870734, 0.5306962835802589, 0.5342721220347723, 0.5363081764619648, 0.49174238230168404, 0.5434687127970278, 0.5596148471458204, 0.5170224464020284, 0.5511190720359236, 0.5175325011093258, 0.556648866472932, 0.5432462912828895, 0.5449240291092271, 0.5579117222545943, 0.5151164206082081, 0.5089011053984394, 0.5350114927804737, 0.5698074620708542, 0.5445023705772307, 0.5518597361326012, 0.5508209551266787, 0.5614336865547037, 0.544096096292029, 0.5270845286616911, 0.5400854416465045, 0.5422421882870609, 0.5116187544665699, 0.546853521182693, 0.5191910964020796, 0.5474314263192317, 0.5469223767363044, 0.5392510296545032, 0.5456741007859646, 0.5259559717209242, 0.5185615920415092, 0.4959041209398602, 0.5460779637732427, 0.5425451226435, 0.5337608993437716, 0.5371591744711527, 0.5293183402621419, 0.5181968303568253, 0.5022983173855223, 0.5581576794846865, 0.5194581217762029, 0.513939027609465]
final halt list:[2.0487893024936756, 0.09894593675620537, 0.05527805527805528, 0.012836568566061366, 0.7099427753934192, 5.32970887407927, 7.096, 3.038943894389439, 3.53167495854063, 7.19392033542977, 0.699874686716792, 0.2542483660130719, 0.20316804407713498, 0.15347018572825025, 0.022786458333333332, 0.01873536299765808, 0.17100827459393197, 0.01400359066427289, 0.030264415418923225, 0.05030763662685487, 0.025065963060686015, 0.014705882352941176, 0.008729050279329608, 0.0, 0.0, 0.0, 0.015287470920571618, 0.0006611570247933885, 0.010409437890353921, 0.027664256523105942, 0.029819694868238558, 0.009784735812133072, 0.015645805592543277, 0.0, 0.02489213408562894, 0.03577289136855924, 0.0025482344375682563, 0.0083948959032908, 0.06671348314606741, 0.013404825737265416, 0.013279232755440797, 0.0423841059602649, 0.0, 0.024975984630163303, 0.0006995452955578874, 0.0, 0.01652892561983471, 0.0, 0.0, 0.02046979865771812, 0.0050933786078098476, 0.019093851132686083, 0.00128783000643915, 0.02660458929165281, 0.011247105524313596, 0.016101404590613225, 0.004723346828609987, 0.0, 0.005423728813559322, 0.0, 0.0017123287671232876, 0.02099167571480275, 0.03997194950911641, 0.0020408163265306124, 0.0, 0.0034569453174104338, 0.006556353418669997, 0.0, 0.0, 0.0, 0.01611312068398553, 0.0, 0.0, 0.0125, 0.0006615944426066821, 0.003930560104814936, 0.015439856373429085, 0.0, 0.0, 0.0, 0.000315059861373661, 0.009560229445506692, 0.016302462712452306, 0.0, 0.0, 0.00032268473701193933, 0.0, 0.001783166904422254, 0.0006646726487205051, 0.012807881773399015, 0.0, 0.018434782608695653, 0.001379310344827586, 0.005010961478233636, 0.002297341647522153, 0.0, 0.0, 0.0, 0.005135227661759671, 0.021234240212342402, 0.003827418232428671, 0.030303030303030304, 0.0, 0.017150857542877145, 0.02460397708122683, 0.0, 0.0015812776723592662, 0.0, 0.0, 0.0, 0.005778491171749599, 0.0, 0.008067118425298484, 0.0003498950314905528, 0.024715447154471545, 0.0, 0.034434782608695653, 0.0, 0.000375234521575985, 0.0, 0.0, 0.0006814310051107325, 0.0, 0.0, 0.0, 0.018494484101232965, 0.025127334465195245, 0.0, 0.017041800643086816, 0.0042387848816672555, 0.001292824822236587, 0.0, 0.0, 0.0, 0.001003344481605351, 0.0, 0.0009593859929645027, 0.01429081814933905, 0.0, 0.004149377593360996, 0.002213088839709137, 0.016101404590613225, 0.009071117561683599, 0.00784873349982162, 0.012259194395796848, 0.000700770847932726, 0.005681818181818182, 0.0020046775810223854, 0.0, 0.00032268473701193933, 0.0, 0.0, 0.0, 0.00033178500331785003, 0.029089664613278575, 0.0010252904989747095, 0.0027481964960494676, 0.00032393909944930353, 0.068790240596408, 0.0065099457504520794, 0.0009202453987730061, 0.004352557127312296, 0.0, 0.020863836017569547, 0.01613987895090787, 0.005481329222336417, 0.009612303748798462, 0.034558021098581304, 0.028378857750975522, 0.014577259475218658, 0.0, 0.010384215991692628, 0.015587936292782108, 0.0, 0.011846001974333662, 0.0019933554817275745, 0.004532775453277545, 0.0, 0.00033211557622052476, 0.0, 0.0010238907849829352, 0.0, 0.0003803727653100038, 0.0, 0.0, 0.0003707823507601038, 0.0, 0.0046204620462046205, 0.0, 0.033648790746582544, 0.0, 0.0, 0.022765316370940744, 0.0013971358714634998, 0.010211267605633803, 0.007204116638078902, 0.0, 0.0, 0.0, 0.01772816808929744]
speed reward list:[0.0, 0.0, 0.0, 0.0, 0.0, 0.0, 0.0, 0.0, 0.0, 0.0, 0.0, 0.0, 0.0, 0.0, 0.0, 0.0, 0.0, 0.0, 0.0, 0.0, 0.0, 0.0, 0.0, 0.0, 0.0, 0.0, 0.0, 0.0, 0.0, 0.0, 0.0, 0.0, 0.0, 0.0, 0.0, 0.0, 0.0, 0.0, 0.0, 0.0, 0.0, 0.0, 0.0, 0.0, 0.0, 0.0, 0.0, 0.0, 0.0, 0.0, 0.0, 0.0, 0.0, 0.0, 0.0, 0.0, 0.0, 0.0, 0.0, 0.0, 0.0, 0.0, 0.0, 0.0, 0.0, 0.0, 0.0, 0.0, 0.0, 0.0, 0.0, 0.0, 0.0, 0.0, 0.0, 0.0, 0.0, 0.0, 0.0, 0.0, 0.0, 0.0, 0.0, 0.0, 0.0, 0.0, 0.0, 0.0, 0.0, 0.0, 0.0, 0.0, 0.0, 0.0, 0.0, 0.0, 0.0, 0.0, 0.0, 0.0, 0.0, 0.0, 0.0, 0.0, 0.0, 0.0, 0.0, 0.0, 0.0, 0.0, 0.0, 0.0, 0.0, 0.0, 0.0, 0.0, 0.0, 0.0, 0.0, 0.0, 0.0, 0.0, 0.0, 0.0, 0.0, 0.0, 0.0, 0.0, 0.0, 0.0, 0.0, 0.0, 0.0, 0.0, 0.0, 0.0, 0.0, 0.0, 0.0, 0.0, 0.0, 0.0, 0.0, 0.0, 0.0, 0.0, 0.0, 0.0, 0.0, 0.0, 0.0, 0.0, 0.0, 0.0, 0.0, 0.0, 0.0, 0.0, 0.0, 0.0, 0.0, 0.0, 0.0, 0.0, 0.0, 0.0, 0.0, 0.0, 0.0, 0.0, 0.0, 0.0, 0.0, 0.0, 0.0, 0.0, 0.0, 0.0, 0.0, 0.0, 0.0, 0.0, 0.0, 0.0, 0.0, 0.0, 0.0, 0.0, 0.0, 0.0, 0.0, 0.0, 0.0, 0.0, 0.0, 0.0, 0.0, 0.0, 0.0, 0.0]
tls reward list:[-0.007489901658752361, -0.007498794555869691, -0.006700175012896596, -0.006226428219411032, -0.0066624429294265645, -0.006111622627260888, -0.005643238726510634, -0.005998879288284978, -0.005742544765509029, -0.0047897649268544545, -0.005543885646026909, -0.005272660347966451, -0.005817017328348137, -0.005259324443259253, -0.005620738638411106, -0.005510875670014013, -0.005344177176249579, -0.0054859798233010204, -0.0051888952163064534, -0.005913553442884647, -0.005724764477633628, -0.005601195769862896, -0.0057499918027911975, -0.005364774878009066, -0.005512818286345924, -0.005736789984159071, -0.005462790272964501, -0.005529232697364995, -0.005603770654021386, -0.0056399486208673095, -0.005725408417223973, -0.00561999215828422, -0.005348914542963357, -0.005183390015259203, -0.005601544142051479, -0.0055164235294218175, -0.005686887778692466, -0.005357401962954704, -0.0056979107019480965, -0.005450580904756597, -0.0058814287628993, -0.005569682821208398, -0.005377443244991436, -0.005508785814377593, -0.005555398063842507, -0.005336166547203602, -0.005451203787421873, -0.005813955991669357, -0.005381240489713552, -0.00590408197435754, -0.005603405466718142, -0.005324762440941036, -0.00532986855049392, -0.005541123057615448, -0.005409780072709931, -0.005909824395496568, -0.005533136404277312, -0.005421712110729271, -0.005864704866434258, -0.005583952120891992, -0.005565574189268092, -0.005658524993120612, -0.0053703888324844115, -0.005808989001842699, -0.005298690099830496, -0.005356764052688655, -0.005325507982722289, -0.005409316620093229, -0.005446246763765901, -0.005766701069872307, -0.005380647866964444, -0.005526397014362405, -0.005457787047982014, -0.00580305994292697, -0.005414356666747699, -0.005653035285678047, -0.005581181383522889, -0.0051645083039361965, -0.0052857015742305185, -0.005259987435236364, -0.005593247353894013, -0.005602943610457475, -0.005596311702378719, -0.005399818232068655, -0.005414972375900467, -0.005237968752105524, -0.005472120727322673, -0.005488711544418428, -0.005406227285563071, -0.005456614479214437, -0.005823058450819807, -0.005787529635310019, -0.005617028994661968, -0.005120066280704289, -0.0055522529170211575, -0.00580169057644725, -0.0058694426006134295, -0.005793447502956455, -0.005302215303357021, -0.005626142539953417, -0.0055818917282835214, -0.005318409090566655, -0.005671665914153916, -0.005625948916395658, -0.005232027689533593, -0.0052386218286689015, -0.005403885889415657, -0.0056614971655117585, -0.0053258111781893215, -0.005831749237211598, -0.0055704772549123776, -0.005496939572662713, -0.005466863306921555, -0.005612014479232417, -0.005295020652118928, -0.005412557357243644, -0.005743320828520898, -0.005254801815443347, -0.005922116637404739, -0.005571300491864865, -0.005791087275494024, -0.0055985377654888405, -0.005596631337674192, -0.0055514721659597555, -0.005451375660148769, -0.005483985321742957, -0.0055876370557702915, -0.005612137962733349, -0.005408456697160969, -0.005542923346297643, -0.005467316249448782, -0.005790756471953208, -0.005303516224284527, -0.0058365359165554985, -0.005537823583088407, -0.005630194017813185, -0.005283107364058649, -0.005719379675668136, -0.005330417033250343, -0.00529178545661857, -0.005388198619071095, -0.005608313137599144, -0.0057899532798049375, -0.005575517219907383, -0.005686916440510856, -0.005702837234588996, -0.005025177448108254, -0.005632260239757987, -0.005206869503098236, -0.005069959675914832, -0.005457420878357376, -0.0055612218447012715, -0.005682654324429378, -0.005557371916535628, -0.005819411138232261, -0.0053852050158834834, -0.0053956932316881895, -0.005567736039358542, -0.005624922616317608, -0.0056418668639438814, -0.005319486112454188, -0.005363912072761433, -0.005544641827983225, -0.005811656281350165, -0.005726456550637382, -0.005466903521745818, -0.005491953815340962, -0.00554540373400502, -0.0056289247358102396, -0.005308766027389035, -0.005605528301161905, -0.005589231985561039, -0.005622357562369435, -0.005609976839468554, -0.005351779006273331, -0.00557356982126712, -0.005714487655673329, -0.0056858146227522785, -0.005542508430022351, -0.0056212614681981415, -0.0057908234081995675, -0.0055315744628938275, -0.005623399172122677, -0.005678099326247105, -0.005568682360149651, -0.0059604132325225745, -0.005667315797810576, -0.005522895623847834, -0.005690707960200631, -0.0055661282408586855, -0.005363498042565795, -0.006056266336859797, -0.005628323586271878, -0.0054536903175295215, -0.005522052399529085, -0.0055277305888657416, -0.00563631541767606, -0.005798460597668547, -0.005569442982967351, -0.005828512810095593]
target reward list:[-0.3227411128778763, 0.3457729628866133, 0.5071965801721179, 0.4881472834708392, 0.46062882833885954, 0.28006006633524455, 0.16726005625180032, 0.3575267489929293, 0.35593007751305905, 0.19797072640465163, 0.5047603399384649, 0.5419982148556972, 0.528181204933192, 0.5219816361850413, 0.5432952804071935, 0.5707892569226475, 0.5068020693679005, 0.5416815482190999, 0.5216364656846395, 0.539008448422006, 0.554277043984185, 0.5481536653067773, 0.5400241972137314, 0.5750159341126119, 0.5451042374446615, 0.5534519401243897, 0.5623978392227861, 0.5418856581200737, 0.5677316516902235, 0.5363136210856398, 0.5363334632068051, 0.554166381351583, 0.5826513948083019, 0.511935543725927, 0.5243397494419189, 0.5161647972383427, 0.5752517655980655, 0.5667262361768417, 0.526007147927049, 0.5715534878188476, 0.5525226880121582, 0.5314174205234024, 0.5601193242065678, 0.5529504360577341, 0.5596889059395, 0.543019982242606, 0.519031840460441, 0.5521720075219297, 0.5679065890523737, 0.542178865041583, 0.55233714572051, 0.539085033624055, 0.5509092972545664, 0.510459937186463, 0.553441608328079, 0.5201794188907217, 0.5479778534911974, 0.5654807585631024, 0.530647886341644, 0.5487506022910773, 0.5625577634243638, 0.5418160396755818, 0.48171852339596494, 0.556908616456998, 0.5302753555899453, 0.5364762271513689, 0.5585710041826211, 0.5571542660917318, 0.5848205982632456, 0.5806594876685052, 0.5669844045022925, 0.535587809881433, 0.573660557214118, 0.5491456966552037, 0.5567280371415178, 0.5514725639096162, 0.539518280338424, 0.5485809479480882, 0.5769842112945147, 0.5430795633551849, 0.5735243232155441, 0.5020440316770722, 0.5248251626865342, 0.5453617083982497, 0.550897246094214, 0.5540390089943934, 0.5650295303953865, 0.576549465389828, 0.5650177606368665, 0.5545485794943645, 0.5329663292513083, 0.5384846898270038, 0.5607254752834429, 0.5733889937774355, 0.5142049441069844, 0.5360530847332197, 0.536377846356034, 0.5522869054183961, 0.5547934040314473, 0.5232742803316444, 0.5809652939468607, 0.5340783135116839, 0.5446849440196442, 0.5071669328282838, 0.5125936217810252, 0.5270785435798216, 0.5366197744296306, 0.5250556078394937, 0.5778288829940256, 0.5796371391831368, 0.5126782961211849, 0.5545483535184345, 0.49096784975423347, 0.5683840456367915, 0.49967836617634503, 0.5676755384286669, 0.5194702113313732, 0.5236314371706747, 0.5515693762404508, 0.5363153154648838, 0.5308377400610327, 0.5367086127476797, 0.5754314753624287, 0.5433472692533232, 0.515942947308629, 0.5352183404710846, 0.5617868057193315, 0.548732556101974, 0.5255130615360487, 0.5484177196489987, 0.5356279962778133, 0.5559244847743458, 0.5440577961684225, 0.5639820361044732, 0.5488643279174662, 0.5692681472170893, 0.5387106175714229, 0.547223501018274, 0.5562181120150138, 0.5466964155928513, 0.5365956186596683, 0.5167163618581605, 0.5350998356040267, 0.503633823497453, 0.5686868087082547, 0.541991822788295, 0.5208579641338188, 0.5318320239878485, 0.5290839536644293, 0.5162655517677254, 0.5612695987469392, 0.5606763217393897, 0.5363482858278237, 0.540577485213885, 0.5615784095253057, 0.5360814885961424, 0.5396678152664603, 0.5418759125013234, 0.49736730491800163, 0.5491105796609717, 0.5649343332582746, 0.5223863584747899, 0.5566637138639068, 0.5233441573906761, 0.5623753230235694, 0.5487131948046353, 0.5504159829245681, 0.5634571259885993, 0.5207453453440183, 0.5142098714258284, 0.5406170210816357, 0.5753966940564152, 0.5501247281396002, 0.5574697129720698, 0.5561727341329521, 0.5670072563759709, 0.5498105839477024, 0.5327703432844434, 0.5456279500765269, 0.5478634497552592, 0.5174095778747694, 0.5523850956455868, 0.5248144955742022, 0.5531095256454788, 0.5524910590964541, 0.5452114428870258, 0.5513414165837753, 0.531478867344772, 0.5242523000017099, 0.5014702491807188, 0.5514414618158083, 0.5486013889803598, 0.5393892229300434, 0.5426128647886822, 0.5348403926616708, 0.5237245609456911, 0.5079346328031985, 0.5639561400823551, 0.5250275647591702, 0.5197675404195606]
safe reward list [0.0, 0.0, 0.0, 0.0, 0.0, 0.0, 0.0, 0.0, 0.0, 0.0, 0.0, 0.0, 0.0, 0.0, 0.0, 0.0, 0.0, 0.0, 0.0, 0.0, 0.0, 0.0, 0.0, 0.0, 0.0, 0.0, 0.0, 0.0, 0.0, 0.0, 0.0, 0.0, 0.0, 0.0, 0.0, 0.0, 0.0, 0.0, 0.0, 0.0, 0.0, 0.0, 0.0, 0.0, 0.0, 0.0, 0.0, 0.0, 0.0, 0.0, 0.0, 0.0, 0.0, 0.0, 0.0, 0.0, 0.0, 0.0, 0.0, 0.0, 0.0, 0.0, 0.0, 0.0, 0.0, 0.0, 0.0, 0.0, 0.0, 0.0, 0.0, 0.0, 0.0, 0.0, 0.0, 0.0, 0.0, 0.0, 0.0, 0.0, 0.0, 0.0, 0.0, 0.0, 0.0, 0.0, 0.0, 0.0, 0.0, 0.0, 0.0, 0.0, 0.0, 0.0, 0.0, 0.0, 0.0, 0.0, 0.0, 0.0, 0.0, 0.0, 0.0, 0.0, 0.0, 0.0, 0.0, 0.0, 0.0, 0.0, 0.0, 0.0, 0.0, 0.0, 0.0, 0.0, 0.0, 0.0, 0.0, 0.0, 0.0, 0.0, 0.0, 0.0, 0.0, 0.0, 0.0, 0.0, 0.0, 0.0, 0.0, 0.0, 0.0, 0.0, 0.0, 0.0, 0.0, 0.0, 0.0, 0.0, 0.0, 0.0, 0.0, 0.0, 0.0, 0.0, 0.0, 0.0, 0.0, 0.0, 0.0, 0.0, 0.0, 0.0, 0.0, 0.0, 0.0, 0.0, 0.0, 0.0, 0.0, 0.0, 0.0, 0.0, 0.0, 0.0, 0.0, 0.0, 0.0, 0.0, 0.0, 0.0, 0.0, 0.0, 0.0, 0.0, 0.0, 0.0, 0.0, 0.0, 0.0, 0.0, 0.0, 0.0, 0.0, 0.0, 0.0, 0.0, 0.0, 0.0, 0.0, 0.0, 0.0, 0.0, 0.0, 0.0, 0.0, 0.0, 0.0, 0.0]
speed list [15.242842233162802, 14.939615140281164, 14.855678861254816, 14.705878293119973, 13.671259101625893, 11.475832821591322, 10.348629375531955, 12.46331345833107, 12.306470689672308, 10.264721640123451, 14.314136114551554, 14.564407350527608, 14.574127862406252, 14.767618974627004, 15.032569741743398, 15.218440333980194, 14.393956637619679, 14.808645175421521, 14.790349722470642, 14.81581465036667, 15.06230470160685, 15.126456796955736, 15.188075876541856, 15.373633817512479, 15.078044791708841, 15.176704939751477, 15.255794610004353, 15.151408249261785, 15.336495375047374, 14.975758111941435, 14.852064091525596, 15.059085930414286, 15.402495487605108, 14.900470600212381, 15.137880270780034, 15.044171162875115, 15.128927619231405, 15.047578124329101, 14.866406074111037, 15.132519694329472, 15.15112915057446, 15.122005798923773, 15.300205516467589, 14.880159156678316, 15.123760561341355, 15.159040790473863, 14.842100029672777, 15.04533559357504, 15.24702932287312, 15.136105573688978, 15.211317309878336, 15.18381479116883, 15.305705344795587, 14.77937774150979, 15.230326655347113, 14.957707344651265, 14.996319144509725, 15.180102884772044, 15.197486932189241, 15.147014586615938, 14.87925807678198, 14.918908032322111, 14.143090275556117, 15.249277449873514, 15.105947679329942, 15.070690781711074, 15.00438746437098, 15.022415724662457, 15.323898969616819, 14.950352465712113, 15.149588719967287, 14.959095522955907, 15.232107335930408, 15.1363783599818, 15.215260142448699, 15.158185128389002, 15.10362846996238, 15.123509516359803, 15.354242799179838, 15.177836395583359, 15.094181995817088, 15.060869114247598, 14.99272465576245, 15.180037160599689, 15.303366003509707, 15.194253962416951, 15.084818846416004, 15.236846625385835, 15.066350487648469, 15.237474649406067, 15.182638601185154, 15.10538108732874, 14.915847374781858, 15.06585642669992, 15.06064905839609, 15.126172613189308, 15.113674504452598, 15.215922033603208, 15.2381883165709, 15.013239664414753, 15.061265720400442, 15.25943319563588, 15.051128760919891, 14.849183335360209, 14.848445998628485, 15.024201970238858, 15.143951683838514, 14.77997807446547, 15.118564567192207, 15.246157690687038, 15.115114403411068, 15.251358885961757, 15.3323548534531, 15.115456032982983, 14.500651661809185, 15.110098723774675, 15.010916571092572, 15.02535602401728, 15.079836570639033, 14.95841515633787, 14.959650122133613, 14.914095825483837, 15.191006061407322, 15.107790170397596, 14.783433793871467, 14.988652471102117, 15.007529914255835, 14.898418959856818, 15.104937583584165, 15.26685597052349, 14.99277356220572, 15.19648472523327, 15.150655488130475, 15.067232657684633, 14.99061851185721, 15.196441437278628, 15.021240771252875, 14.990398202195465, 15.111777908026083, 15.133418528766766, 15.124555135511757, 14.905323529290948, 15.113825719006199, 14.707989312843784, 15.336800745527592, 14.93086461466885, 15.223986528313775, 15.20144111724446, 15.2401734903871, 14.705224140161457, 15.160894241512937, 15.071024796254646, 15.425459222665015, 15.160408543376949, 15.142515752940232, 14.939938073517187, 15.109884617075574, 14.97764064448373, 14.511015457707611, 14.7960113567244, 15.157104101247182, 14.932379755503765, 14.990479520380577, 14.968869767341184, 14.939453286961362, 15.11825917332744, 15.10018690645267, 15.265924883478982, 15.12230081876997, 15.080325440441506, 15.303177638952075, 15.346934536360957, 15.103368857477825, 15.171886546556019, 14.98043274153352, 15.229396298267494, 15.157733714726985, 15.007135884828191, 14.950128019261477, 15.277090676590806, 15.111568188266652, 15.116677225536069, 14.79390437478017, 15.043259057257686, 15.046075760328227, 14.98893042827893, 15.071852398721392, 15.162969909409712, 14.91777160937806, 14.324598895618552, 14.995148677895198, 15.136816111616803, 15.1944453037865, 15.198098405815001, 15.062448273165398, 14.880109867790082, 15.014680642349395, 15.252153259680835, 15.137140772374217, 14.989818105630778]
ec list [59.72544439542002, 58.30096754303462, 58.08450931515937, 58.39137310868951, 59.59570136764384, 63.281944027263854, 64.88491145017655, 61.181656253843634, 61.454536747924685, 65.56554129679175, 58.751644228667196, 58.27379530718015, 58.128337910400596, 58.27031904793239, 57.686019146067444, 57.83093356759602, 57.82333327504281, 57.138045258736966, 57.110548383280616, 57.656843681281686, 57.52561224956302, 57.423084429429935, 57.51577590333954, 57.24744840154183, 57.44869229512687, 57.46813652378168, 57.19394511787578, 57.34009825076993, 57.3272148874592, 57.534598631780106, 57.574866008717905, 57.367764865497456, 57.39370675722591, 57.142919491557144, 57.47481159545623, 57.24163590409072, 57.30230217890861, 57.333831097065776, 57.49290097129306, 57.3425193782427, 57.289379089526975, 57.465358547137626, 57.35564572237229, 57.43542529269345, 57.31318662928134, 57.36101966282183, 57.018894761697595, 57.22106936002063, 57.369559244530535, 57.449159669047134, 57.60526618697491, 57.368658543873714, 57.35322446787184, 57.355391274689964, 57.39163604681575, 57.38814170279423, 57.520870575916916, 57.00913381509493, 57.4428334620915, 57.255169607741735, 57.25480635336879, 57.355134441511154, 58.01037903091878, 57.472888628521495, 57.13471204934648, 57.2235539584635, 57.26192250843391, 57.05479399135498, 57.23846596751852, 57.344405902040734, 57.462895836986014, 57.04815831912882, 57.35011338661699, 57.400080274687916, 57.12420832920033, 57.51218340522795, 57.180482015798546, 57.140615880854625, 56.92130236159677, 57.289120382132865, 57.55084611240073, 57.37593850274328, 57.3348676867921, 57.16867996270162, 57.08929359052888, 57.4479516255374, 57.20371849018294, 57.32395523730413, 57.28163278783603, 57.17533185306517, 57.41839461701283, 57.38960870772592, 57.2604563191187, 57.23154951066961, 57.33306714218417, 57.55315473345511, 57.23212587507106, 57.344885504368804, 57.244429809058275, 57.12433932366661, 57.30508268866626, 57.54185162693855, 57.24515913402924, 57.34295601695658, 57.137579612429505, 57.396637771712385, 57.21653022238141, 57.275835979331525, 57.19687329202451, 57.27093465163178, 57.3401089474622, 57.365620016103975, 57.44996066914388, 57.1438660751098, 57.63513908141955, 57.44642129689602, 57.216017943147676, 57.47546260082328, 57.493380556766105, 57.26439513052243, 57.426213847981344, 57.37163591566257, 57.33793456339264, 57.30120301869696, 57.05460634402923, 57.434462788921955, 57.41020676361708, 57.28503610336266, 57.22022166041086, 57.17974479672765, 57.25557226423444, 57.33266270647635, 57.120374612191384, 57.43497257944038, 57.19532226368981, 57.162323052552146, 57.43773001071034, 57.52535493936627, 57.23694739697941, 57.27818269860983, 57.17266832085501, 57.16096731345338, 57.63893154533904, 57.389444993894124, 57.09505207043156, 57.67302564499476, 57.16097386297161, 57.483320712579, 57.29326639555066, 56.90666695420238, 57.17829156765791, 57.157789590764516, 57.50256092114835, 57.45200344295901, 57.523173657033695, 57.30985254299327, 57.385986057471364, 57.39962262576959, 57.74754479176531, 57.27401535935251, 57.4874056662473, 57.25074322695498, 57.06716883094007, 57.3786451073521, 57.2435567652036, 57.24943781119172, 57.3614649556483, 57.35133891273847, 57.255317609381976, 57.12795363088716, 57.693153902159054, 57.238045009337036, 57.35213149276385, 57.36736288537127, 57.10886044339294, 57.5205334080316, 57.22787412137757, 57.492397928493574, 57.295530596483644, 57.370281147110646, 57.38449933477634, 57.36893491981843, 57.3901595338255, 57.383622833145346, 57.361789802292314, 57.360575045733235, 57.35486225339756, 57.44909088657118, 57.390761963463845, 57.509932747710764, 57.33696485699183, 57.56040169677972, 57.55581625874267, 57.278038600551795, 57.265210689798145, 57.516137811546585, 57.20617894407183, 57.31874366867743, 57.31511001623137, 57.470296211339374]
jerk list [0.1350717527405054, 0.36160268907329124, 0.4020254851330235, 0.4221349058523902, 0.4525157093863148, 0.4377459713590713, 0.40735467158789673, 0.4060086887097696, 0.4034518415090028, 0.40170555768470984, 0.40511056613408664, 0.4034796275079728, 0.4061525845860985, 0.3882612762539339, 0.39768943388783035, 0.3946369546915852, 0.41899083531731235, 0.38803391378045404, 0.38206762184324683, 0.40412972578135575, 0.38882995995471414, 0.38931539789974556, 0.38608552628334103, 0.3708296718814483, 0.3886579233406215, 0.37507569330467, 0.35526358390432333, 0.373194117618185, 0.37152201098058313, 0.3937365618422948, 0.3868906606036632, 0.3886870533986676, 0.3610816029145917, 0.39215646690342393, 0.37169245983772226, 0.37908600172621126, 0.38379358454124385, 0.3770128531114922, 0.3805055236398126, 0.3739578374865998, 0.381669926626449, 0.37519934342416583, 0.3740815847808828, 0.39645523913095565, 0.3880808693901, 0.3701719880681536, 0.37461244941839134, 0.3801742735745236, 0.3861500258947914, 0.39936088862858127, 0.38941024931993745, 0.35945810295020325, 0.37879989476299825, 0.3928703605354274, 0.3839508673197808, 0.4011144517737977, 0.3958055101009145, 0.37144868223231536, 0.3838102450030225, 0.40008224418038196, 0.4059712722670511, 0.403784726623256, 0.40038188301965294, 0.38449735937473195, 0.3824971018893352, 0.3879732541094007, 0.38827117176504544, 0.3868756997376859, 0.36959351171401955, 0.40319219290617964, 0.3913389118645576, 0.39161495756017556, 0.39810937158071447, 0.3943579663608389, 0.3890860835208129, 0.3875719743590474, 0.381783235430268, 0.3823126328545967, 0.3676159650058066, 0.393308722094225, 0.39935966976485304, 0.38576826486246224, 0.3865779723797074, 0.3840889990675917, 0.3916985274262419, 0.3851265720446347, 0.38930021434019013, 0.38176433339196875, 0.39349557552230674, 0.3691259722898261, 0.3951771261627291, 0.39225813333908605, 0.40561271393155063, 0.3893268653269133, 0.39869922752821413, 0.40031578560558195, 0.4020104668281322, 0.39608984146883364, 0.3851432617700723, 0.3974915992967901, 0.3939679538264116, 0.38347853633974366, 0.3991081686170682, 0.40598883208820996, 0.3930719627286139, 0.4066507955519899, 0.38556652658886764, 0.41401712190693174, 0.39029413717267064, 0.39184874079138304, 0.39942541671616544, 0.39630755071120605, 0.39432855339958195, 0.402477060187219, 0.4139318570473325, 0.40464800945836205, 0.4048223137032169, 0.39988734413056404, 0.41091845827899015, 0.41258077560056017, 0.4188601074911741, 0.4155435071644514, 0.40214836905558854, 0.4009701862865289, 0.39802362041255296, 0.4107288833823958, 0.40013288814618536, 0.41540811355495966, 0.38537747201990397, 0.37613267683999196, 0.4113471010279806, 0.40291120977742545, 0.3888366425657141, 0.4022575324115225, 0.3983816330088278, 0.3911855200384126, 0.3981513018176652, 0.4090285695073789, 0.40513966733894197, 0.3823307882560174, 0.40189507359332494, 0.40365913493210265, 0.41455370031436084, 0.407794516776017, 0.3840926147800431, 0.40606941888210335, 0.38276839028268367, 0.40759775870422366, 0.3974527831454294, 0.40142786799723645, 0.3890619231262188, 0.40442425663339393, 0.40025148228517404, 0.40652545958858366, 0.40675320056643094, 0.4059250065377944, 0.4047207474023774, 0.40460987589280384, 0.41581824024680913, 0.39335723715380466, 0.4004280609422666, 0.3891631037366451, 0.4139381550780094, 0.4034176843855188, 0.41524684383404303, 0.3996238660046228, 0.4102344628544837, 0.37905666218423745, 0.3934180332488651, 0.3796783044070916, 0.4126760265283196, 0.397124269191285, 0.40601656092311783, 0.39679436611482366, 0.4089369029352983, 0.3911109324576692, 0.3926048259827706, 0.4132393866520137, 0.4108207131329134, 0.39377191168486597, 0.40520936956810366, 0.40539019081333827, 0.4077364028136364, 0.4119737661607722, 0.4091983809624965, 0.4206074551664139, 0.395458446065905, 0.40503510688202826, 0.40918057354436643, 0.4228294449280741, 0.40774881972634097, 0.41453154583311647, 0.39635979219830986, 0.3958331207403999, 0.4048595930692596, 0.4251800410804715, 0.408344247278552, 0.4019832111930284, 0.40744339263270385, 0.41630180137284745]