
Env:SUMO, Algorithm:MADDPG, Device:cuda:0
-----------------------------------------
{'algo': 'MADDPG', 'env': 'SUMO', 'seedVal': 20150427, 'gamma': 0.9, 'epsilon': 0.001, 'critic_lr': 0.005, 'actor_lr': 0.0001, 'memory_capacity': 1000000, 'batch_size': 512, 'train_eps': 200, 'eval_eps': 10, 'epsilon_start': 3, 'max_speed': 28, 'target_update': 4, 'hidden_dim': 256, 'soft_tau': 0.001, 'max_action': 2, 'device': device(type='cuda', index=0), 'simulation_steps': 3600, 'pathToSumoFiles': 'rou_net2_single', 'model_dest_path': 'models/', 'model_dest_path_leader': 'ep200_', 'model_dest_path_follow': '', 'logName': 'ep200_gamma0.900000_tua0.001000.txt', 'procID': 10}
seed 20150427
当前的gamma是0.9, 当前的soft tau是0.001
-----------------------------------------
model saved successfully!
Complete training!
final reward list:[-0.26976061156496606, 0.37023664514308474, 0.4823300382703264, 0.47946892635336363, 0.5084755117468782, 0.5217302926141952, 0.43983402563713764, 0.5256580225509007, 0.5134197835981084, 0.524654475271885, 0.5482732147613245, 0.5347651579363544, 0.5431135496042588, 0.5447583657397247, 0.5295644282462814, 0.5621781331989459, 0.5280085276047466, 0.5354199013003031, 0.5089359678467809, 0.5368015189274661, 0.5505401450518352, 0.5497219415465016, 0.5481846272201927, 0.5662486905705033, 0.5430792339427828, 0.5436175142757025, 0.537007156307904, 0.541559674362274, 0.5592553090985634, 0.5263561922193465, 0.5126522816255172, 0.5320048732224267, 0.5764654411791155, 0.4959056320724726, 0.5416922630963139, 0.5173504943570224, 0.5738248602448613, 0.5633554546219588, 0.5346216905267556, 0.5492889064226202, 0.5518071840678124, 0.5403579119344236, 0.5616866261796624, 0.5197773882291917, 0.5526241376156928, 0.5385292204833042, 0.5311702778471621, 0.546483757289115, 0.5582298708880801, 0.5183773580241307, 0.5373305316583822, 0.5495271213072361, 0.5688871324431573, 0.499762923891081, 0.5707460977075917, 0.5234724827307996, 0.5500936149967934, 0.5805000373996289, 0.5235830080860736, 0.571119820817034, 0.5264600610107968, 0.5646150672439679, 0.45713632190687625, 0.5635155646727679, 0.5340022505845442, 0.5078400988735393, 0.529141411250538, 0.5284243941217783, 0.6027839939939019, 0.5515462104915966, 0.5512691813667092, 0.5429983106996684, 0.5608705282451412, 0.521573337147894, 0.5496444856329109, 0.5657454977626573, 0.5511330853186244, 0.527224315316302, 0.5698326796422334, 0.5306446773935696, 0.5209303476971643, 0.5067992031842568, 0.5401731444454935, 0.5650590596818361, 0.5451368111999615, 0.5607699212291762, 0.5307241863883259, 0.5622077276421675, 0.535436731630689, 0.5539293470108556, 0.5320032912648619, 0.5245560975257156, 0.5292083038560038, 0.5185335401639483, 0.5166490016336062, 0.5453574401587692, 0.5351397368647548, 0.5371385128922487, 0.5385938408467043, 0.5177280156608763, 0.5307555588553149, 0.5283778778008742, 0.5306737202717846, 0.5279459025396958, 0.5196769897457413, 0.4980527415407981, 0.5255336695864375, 0.5225227888305619, 0.5654726975697221, 0.5451509656319615, 0.5378099868813169, 0.573180296061726, 0.5550560349505207, 0.5747459284731311, 0.5234463282899139, 0.5752253585000375, 0.5397582281250676, 0.5084197758892056, 0.5679500101802251, 0.5518611999134657, 0.5572057865567663, 0.522405354751913, 0.5665508834532069, 0.5356734231091757, 0.5346752097541838, 0.5202629153218384, 0.566837017130647, 0.5247012021167571, 0.5258948242194239, 0.5409368830064493, 0.533181686749393, 0.5827113954806556, 0.5387040475542262, 0.557071451335954, 0.5558098473239018, 0.5694877777792148, 0.5597806146443383, 0.5720773732744074, 0.5401293905285206, 0.5556966859301674, 0.516900902986579, 0.5250900497737976, 0.5616697189100367, 0.534575346831453, 0.587407919946127, 0.5713930723071612, 0.524641417231679, 0.535567989669791, 0.5486977829139447, 0.49470767655896813, 0.5629866537860417, 0.5820167544056918, 0.5565889870631904, 0.5488114454236522, 0.5406721120715978, 0.5452958136485583, 0.5641417695044529, 0.5457183793566723, 0.4909104101129704, 0.5419729508238903, 0.5432594086079229, 0.49379018216307824, 0.547890791369892, 0.5462193616186007, 0.5445094062809828, 0.5338099434669479, 0.5630464875530354, 0.5780055243909278, 0.5509374422752106, 0.5385029212600034, 0.5488829722519215, 0.5786667550982662, 0.5592882873464117, 0.5765682938353842, 0.5406092522884777, 0.5705637450472828, 0.5445737157137253, 0.5576647959376679, 0.5555585263904503, 0.5504012854571776, 0.5210517796267844, 0.557469351197761, 0.5520577978295571, 0.5581855873074563, 0.5273252909385691, 0.53961873550416, 0.5430054868344673, 0.5535176342733501, 0.5337841558701382, 0.5176190704605022, 0.538758251692999, 0.56216504122957, 0.5488343725497323, 0.5512048346782346, 0.5450513299136289, 0.5250208323711005, 0.5606723110489661, 0.5593768334374282, 0.5500939877425012, 0.5314641371956537]
final halt list:[1.839941797017097, 0.17256637168141592, 0.03896103896103896, 0.0, 0.03324991061851984, 0.17391304347826086, 1.1257505003335557, 0.030693069306930693, 0.09558579488881513, 0.2636363636363636, 0.0, 0.02712418300653595, 0.020323802962452637, 0.0, 0.017583848909150115, 0.018066242890598862, 0.04261189454322502, 0.015445402298850575, 0.021995537137392412, 0.010133912414042706, 0.012203166226912929, 0.027205882352941177, 0.0003495281370150297, 0.0, 0.0, 0.0, 0.0, 0.0, 0.005551700208188758, 0.016656191074795726, 0.024956672443674176, 0.007504078303425775, 0.01431901431901432, 0.0, 0.0016611295681063123, 0.01871306631648063, 0.008736803785948308, 0.001343183344526528, 0.013338013338013339, 0.00804289544235925, 0.011066027296200664, 0.027501656726308814, 0.0, 0.0028827674567584883, 0.0, 0.00532748354747728, 0.0, 0.012318840579710146, 0.0, 0.024832214765100672, 0.0030560271646859084, 0.006148867313915857, 0.0, 0.03791153974060525, 0.0013236267372600927, 0.021211084502223743, 0.005398110661268556, 0.0, 0.0023728813559322033, 0.0, 0.018505825908156272, 0.017010495837857402, 0.11636873466526464, 0.04454267256035362, 0.0, 0.014146494812951903, 0.00561973150171714, 0.0, 0.0, 0.0, 0.0026307135810588623, 0.0, 0.0, 0.02022058823529412, 0.001652892561983471, 0.0009823182711198428, 0.008617594254937163, 0.00032102728731942215, 0.0, 0.0, 0.001260239445494644, 0.006054811982154238, 0.015608740894901144, 0.0, 0.0, 0.007099064214262665, 0.0, 0.017112299465240642, 0.00132890365448505, 0.0009852216748768472, 0.0, 0.028183716075156576, 0.0003447087211306446, 0.0, 0.01674326986211425, 0.0, 0.0, 0.0, 0.01678082191780822, 0.0, 0.021224773834377174, 0.008353960396039604, 0.0, 0.01575078753937697, 0.009437141894169195, 0.0, 0.0006325110689437065, 0.0, 0.0, 0.0, 0.0019274012206874397, 0.0, 0.0, 0.004198740377886634, 0.013333333333333334, 0.0, 0.016695652173913042, 0.0009088155104513784, 0.001125703564727955, 0.0, 0.015037593984962405, 0.0, 0.0, 0.0, 0.0, 0.015244891339604282, 0.016644021739130436, 0.0, 0.002251527822450949, 0.0035335689045936395, 0.0022624434389140274, 0.0, 0.015068932350112215, 0.0, 0.002340354396522902, 0.0, 0.003837543971858011, 0.026776151374509102, 0.0, 0.021431040442447286, 0.017374517374517374, 0.021240150736553613, 0.001088139281828074, 0.0, 0.0, 0.00350385423966363, 0.017665615141955835, 0.02004008016032064, 0.013392857142857142, 0.0032258064516129032, 0.0, 0.0, 0.0, 0.0, 0.03421142661648991, 0.0, 0.02404671934043284, 0.034672715489306546, 0.039647577092511016, 0.049909584086799276, 0.0009199632014719411, 0.026831036983321246, 0.0, 0.021237641889417794, 0.009751176866173503, 0.010620075368276806, 0.00993271387375841, 0.015636363636363636, 0.03299042213550905, 0.007285974499089253, 0.0, 0.0, 0.027109454422229753, 0.0, 0.0013166556945358788, 0.0, 0.006624825662482566, 0.0031120331950207467, 0.0, 0.0020380434782608695, 0.00034129692832764505, 0.0, 0.0003803727653100038, 0.0, 0.0, 0.0096403411197627, 0.0003832886163280951, 0.006598482349059716, 0.0, 0.03294777427269541, 0.0, 0.0003624501631025734, 0.023769668563776363, 0.006641034603285564, 0.02641775272983445, 0.00823327615780446, 0.0, 0.0, 0.0, 0.0118148999015425]
speed reward list:[0.0, 0.0, 0.0, 0.0, 0.0, 0.0, 0.0, 0.0, 0.0, 0.0, 0.0, 0.0, 0.0, 0.0, 0.0, 0.0, 0.0, 0.0, 0.0, 0.0, 0.0, 0.0, 0.0, 0.0, 0.0, 0.0, 0.0, 0.0, 0.0, 0.0, 0.0, 0.0, 0.0, 0.0, 0.0, 0.0, 0.0, 0.0, 0.0, 0.0, 0.0, 0.0, 0.0, 0.0, 0.0, 0.0, 0.0, 0.0, 0.0, 0.0, 0.0, 0.0, 0.0, 0.0, 0.0, 0.0, 0.0, 0.0, 0.0, 0.0, 0.0, 0.0, 0.0, 0.0, 0.0, 0.0, 0.0, 0.0, 0.0, 0.0, 0.0, 0.0, 0.0, 0.0, 0.0, 0.0, 0.0, 0.0, 0.0, 0.0, 0.0, 0.0, 0.0, 0.0, 0.0, 0.0, 0.0, 0.0, 0.0, 0.0, 0.0, 0.0, 0.0, 0.0, 0.0, 0.0, 0.0, 0.0, 0.0, 0.0, 0.0, 0.0, 0.0, 0.0, 0.0, 0.0, 0.0, 0.0, 0.0, 0.0, 0.0, 0.0, 0.0, 0.0, 0.0, 0.0, 0.0, 0.0, 0.0, 0.0, 0.0, 0.0, 0.0, 0.0, 0.0, 0.0, 0.0, 0.0, 0.0, 0.0, 0.0, 0.0, 0.0, 0.0, 0.0, 0.0, 0.0, 0.0, 0.0, 0.0, 0.0, 0.0, 0.0, 0.0, 0.0, 0.0, 0.0, 0.0, 0.0, 0.0, 0.0, 0.0, 0.0, 0.0, 0.0, 0.0, 0.0, 0.0, 0.0, 0.0, 0.0, 0.0, 0.0, 0.0, 0.0, 0.0, 0.0, 0.0, 0.0, 0.0, 0.0, 0.0, 0.0, 0.0, 0.0, 0.0, 0.0, 0.0, 0.0, 0.0, 0.0, 0.0, 0.0, 0.0, 0.0, 0.0, 0.0, 0.0, 0.0, 0.0, 0.0, 0.0, 0.0, 0.0, 0.0, 0.0, 0.0, 0.0, 0.0, 0.0]
tls reward list:[-0.007760396114922256, -0.007483155062683182, -0.006710546596798822, -0.005787924375504229, -0.006057535761306694, -0.006197877109286265, -0.006138976474640117, -0.005769055046558963, -0.005683105823152789, -0.005453655793218451, -0.00545041908394327, -0.0056549723039385465, -0.0059549497403967215, -0.005359239438921479, -0.005768804222429852, -0.00575122204799962, -0.005277147818716228, -0.005505112841609064, -0.0052017310461751195, -0.005903948943087038, -0.005694188093689394, -0.0057810865806248194, -0.005485452963594284, -0.005106769718914544, -0.0053620916146945845, -0.005588988933181182, -0.0052263459891827065, -0.0054618282252522615, -0.005595073326356264, -0.005391200297615492, -0.00546119833969919, -0.005541817005806558, -0.005310827154809634, -0.005255353608453728, -0.005384448028118739, -0.00538472127213185, -0.005507341710126848, -0.0052448308443413996, -0.005487486241226291, -0.00534185478725967, -0.005653383996901151, -0.005346335638145033, -0.005107248646032382, -0.005338400035010905, -0.00530399675872531, -0.005389185291573512, -0.005264147331223779, -0.0057045357913055325, -0.00522130834770763, -0.005878474391552056, -0.005584643505281399, -0.005290816339006548, -0.005371419669598927, -0.005541155769533018, -0.005474917257733096, -0.0057976914501783215, -0.005357439720426612, -0.0054153084640786355, -0.0057814151472725716, -0.005690322604003426, -0.005565431027285931, -0.005637770732090929, -0.005294273611273403, -0.005926118683534556, -0.0052258193727734254, -0.005274874865055673, -0.005362516667947848, -0.005409334169814393, -0.005196311375607419, -0.005642523354784131, -0.0053502105466403235, -0.0056040895965560125, -0.005218538636814884, -0.00568210377216438, -0.005297050549197332, -0.005523054249743719, -0.005698147008999394, -0.0052610104453689995, -0.005304671176054981, -0.005109734276739271, -0.005493145149937817, -0.005454826933411484, -0.005647996036097969, -0.005349383797842045, -0.005413011131425712, -0.005269711072960446, -0.005450362165501831, -0.005510546129039428, -0.0053559822854753435, -0.005341441744117875, -0.005771943270937232, -0.0057357459762143945, -0.005535915690435629, -0.0050670997278149015, -0.00546558875517222, -0.005572720668099002, -0.005575805655057297, -0.005800753608400554, -0.005255883603873315, -0.005662880668725481, -0.005795559835637109, -0.005225691553582142, -0.005613655052710909, -0.005401821775358016, -0.005319719085534815, -0.005156206345541675, -0.005232507734904767, -0.005586625183946445, -0.005394152036233731, -0.005669752658585272, -0.005413003619635458, -0.005186267568303525, -0.005286461774027978, -0.005506897781629009, -0.005204414359097442, -0.005409646167308658, -0.005544220666718158, -0.005038454210248601, -0.005879273738904221, -0.005377581293450902, -0.0055986125544639255, -0.005521531557462154, -0.005590275420207945, -0.005287579542281677, -0.005063498568055537, -0.005413771216209029, -0.00526607456062662, -0.005354376084078991, -0.005368983552385396, -0.005480327463883894, -0.005372230299160092, -0.0054731982572898165, -0.005266618778305848, -0.005655323581454827, -0.005430515283597426, -0.005634169443149139, -0.0052354575535326475, -0.005625305713693525, -0.005526336705072514, -0.005512796909040195, -0.005183325235822235, -0.005560744109592611, -0.0057446315045778015, -0.005324241981342394, -0.005615619248175319, -0.005366094756789451, -0.004946825902611964, -0.005642678917663439, -0.005090552957716897, -0.004907028954134364, -0.005208004391691437, -0.005368382461792411, -0.005410840505295831, -0.005328690940143513, -0.005625988438131413, -0.005368632988138795, -0.005436419990490688, -0.0053754161637760405, -0.005455553845444915, -0.00559922081169414, -0.005207859502289413, -0.005294126468117271, -0.005485753016256253, -0.0057210259658302814, -0.005506777134906242, -0.005313477794496134, -0.0052669779366693445, -0.005406225805996427, -0.005600090473018458, -0.005295783552899044, -0.005382945268463111, -0.005425642664632653, -0.005552050132310479, -0.005408813662247383, -0.0052639930293042, -0.0053492252657770896, -0.0055247514123391225, -0.005510773194886663, -0.0053135978966532245, -0.00549285258699175, -0.005758099922806272, -0.005531132566487339, -0.0053162326547873465, -0.005680468965244458, -0.005569180703422016, -0.005928834263073187, -0.005654351295562794, -0.005333131866780714, -0.005354411309620413, -0.005420158789105158, -0.005271780646893609, -0.0057112209259948315, -0.0057022330777785285, -0.005410735589432754, -0.005254969621187593, -0.005342449589705126, -0.005478471604103303, -0.005722378492707197, -0.005286170819459329, -0.0056619711655359695]
target reward list:[-0.2620002154500438, 0.377719800205768, 0.48904058486712526, 0.4852568507288679, 0.514533047508185, 0.5279281697234814, 0.4459730021117777, 0.5314270775974597, 0.5191028894212613, 0.5301081310651035, 0.5537236338452679, 0.5404201302402929, 0.5490684993446555, 0.5501176051786463, 0.5353332324687112, 0.5679293552469455, 0.5332856754234628, 0.5409250141419121, 0.5141376988929559, 0.5427054678705532, 0.5562343331455246, 0.5555030281271264, 0.553670080183787, 0.5713554602894179, 0.5484413255574774, 0.5492065032088838, 0.5422335022970867, 0.5470215025875264, 0.5648503824249195, 0.531747392516962, 0.5181134799652164, 0.5375466902282333, 0.581776268333925, 0.5011609856809264, 0.5470767111244327, 0.5227352156291543, 0.5793322019549882, 0.5686002854663003, 0.5401091767679819, 0.5546307612098799, 0.5574605680647136, 0.5457042475725685, 0.5667938748256947, 0.5251157882642027, 0.5579281343744181, 0.5439184057748778, 0.5364344251783858, 0.5521882930804206, 0.5634511792357876, 0.5242558324156827, 0.5429151751636636, 0.5548179376462428, 0.5742585521127561, 0.5053040796606141, 0.5762210149653247, 0.529270174180978, 0.55545105471722, 0.5859153458637075, 0.5293644232333462, 0.5768101434210376, 0.5320254920380827, 0.5702528379760589, 0.46243059551814975, 0.5694416833563024, 0.5392280699573176, 0.513114973738595, 0.534503927918486, 0.5338337282915927, 0.6079803053695094, 0.5571887338463807, 0.5566193919133495, 0.5486024002962245, 0.566089066881956, 0.5272554409200583, 0.5549415361821082, 0.571268552012401, 0.5568312323276237, 0.532485325761671, 0.5751373508182884, 0.5357544116703089, 0.5264234928471021, 0.5122540301176682, 0.5458211404815915, 0.5704084434796781, 0.5505498223313873, 0.5660396323021367, 0.5361745485538276, 0.567718273771207, 0.5407927139161642, 0.5592707887549734, 0.5377752345357991, 0.53029184350193, 0.5347442195464394, 0.5236006398917631, 0.5221145903887784, 0.5509301608268682, 0.540715542519812, 0.5429392665006492, 0.5438497244505776, 0.5233908963296018, 0.536551118690952, 0.5336035693544563, 0.5362873753244957, 0.5333477243150538, 0.5249967088312761, 0.5032089478863397, 0.5307661773213423, 0.5281094140145083, 0.5708668496059558, 0.5508207182905468, 0.5432229905009524, 0.5783665636300297, 0.5603424967245486, 0.58025282625476, 0.5286507426490112, 0.5806350046673462, 0.5453024487917858, 0.5134582300994543, 0.5738292839191291, 0.5572387812069165, 0.5628043991112303, 0.5279268863093751, 0.5721411588734148, 0.5409610026514574, 0.5397387083222394, 0.5256766865380474, 0.5721030916912737, 0.530055578200836, 0.5312638077718093, 0.546417210470333, 0.5385539170485532, 0.5881845937379455, 0.543970666332532, 0.5627267749174089, 0.5612403626074992, 0.5751219472223639, 0.5650160721978709, 0.5777026789881009, 0.5456557272335931, 0.5612094828392075, 0.5220842282224012, 0.5306507938833901, 0.5674143504146145, 0.5398995888127954, 0.5930235391943024, 0.5767591670639506, 0.529588243134291, 0.5412106685874543, 0.5537883358716617, 0.4996147055131025, 0.5681946581777331, 0.5873851368674842, 0.5619998275684862, 0.5541401363637958, 0.5462981005097293, 0.5506644466366971, 0.5695781894949437, 0.5510937955204483, 0.49636596395841526, 0.5475721716355845, 0.5484672681102123, 0.4990843086311955, 0.5533765443861483, 0.5519403875844311, 0.5500161834158891, 0.539123421261444, 0.5683134654897048, 0.583411750196924, 0.556537532748229, 0.5437987048129025, 0.5542659175203846, 0.5840923977628989, 0.5648403374787222, 0.5819771074976314, 0.5458732453177818, 0.5759129703130599, 0.5500984671260645, 0.5631755691325546, 0.5608721242871035, 0.5558941380441693, 0.5268098795495907, 0.5630004837642483, 0.5573740304843445, 0.5638660562727007, 0.5328944716419911, 0.5455475697672331, 0.54865983813003, 0.5588507661401307, 0.5391385671797585, 0.5230392292496072, 0.5440300323398926, 0.5678762621555649, 0.5545366056275108, 0.5566155702676673, 0.5503062995348165, 0.5303632819608057, 0.5661507826530695, 0.5650992119301353, 0.5553801585619605, 0.5371261083611897]
safe reward list [0.0, 0.0, 0.0, 0.0, 0.0, 0.0, 0.0, 0.0, 0.0, 0.0, 0.0, 0.0, 0.0, 0.0, 0.0, 0.0, 0.0, 0.0, 0.0, 0.0, 0.0, 0.0, 0.0, 0.0, 0.0, 0.0, 0.0, 0.0, 0.0, 0.0, 0.0, 0.0, 0.0, 0.0, 0.0, 0.0, 0.0, 0.0, 0.0, 0.0, 0.0, 0.0, 0.0, 0.0, 0.0, 0.0, 0.0, 0.0, 0.0, 0.0, 0.0, 0.0, 0.0, 0.0, 0.0, 0.0, 0.0, 0.0, 0.0, 0.0, 0.0, 0.0, 0.0, 0.0, 0.0, 0.0, 0.0, 0.0, 0.0, 0.0, 0.0, 0.0, 0.0, 0.0, 0.0, 0.0, 0.0, 0.0, 0.0, 0.0, 0.0, 0.0, 0.0, 0.0, 0.0, 0.0, 0.0, 0.0, 0.0, 0.0, 0.0, 0.0, 0.0, 0.0, 0.0, 0.0, 0.0, 0.0, 0.0, 0.0, 0.0, 0.0, 0.0, 0.0, 0.0, 0.0, 0.0, 0.0, 0.0, 0.0, 0.0, 0.0, 0.0, 0.0, 0.0, 0.0, 0.0, 0.0, 0.0, 0.0, 0.0, 0.0, 0.0, 0.0, 0.0, 0.0, 0.0, 0.0, 0.0, 0.0, 0.0, 0.0, 0.0, 0.0, 0.0, 0.0, 0.0, 0.0, 0.0, 0.0, 0.0, 0.0, 0.0, 0.0, 0.0, 0.0, 0.0, 0.0, 0.0, 0.0, 0.0, 0.0, 0.0, 0.0, 0.0, 0.0, 0.0, 0.0, 0.0, 0.0, 0.0, 0.0, 0.0, 0.0, 0.0, 0.0, 0.0, 0.0, 0.0, 0.0, 0.0, 0.0, 0.0, 0.0, 0.0, 0.0, 0.0, 0.0, 0.0, 0.0, 0.0, 0.0, 0.0, 0.0, 0.0, 0.0, 0.0, 0.0, 0.0, 0.0, 0.0, 0.0, 0.0, 0.0, 0.0, 0.0, 0.0, 0.0, 0.0, 0.0]
speed list [15.342314268868622, 15.015808864196655, 14.783394989788379, 14.939538536279533, 14.572119555606593, 14.609209648463347, 13.680694153055374, 15.029359032265338, 14.942000535463087, 14.64870869693493, 15.138378397279878, 15.014257635266853, 14.949181345254347, 15.21760749136146, 15.15579785127435, 15.394928657312217, 14.69927741094237, 14.836087870559055, 14.851129578799142, 14.843124026508697, 15.084529609962507, 15.170547960417206, 15.19012715670699, 15.36442677335257, 15.045241204282986, 15.136942605987315, 15.277651368622989, 15.15076947970972, 15.353792960470164, 14.988834678449226, 14.849667716964616, 15.046862288677046, 15.43721313061745, 14.926493268356868, 15.219017375179495, 15.057023901864893, 15.11875082410319, 15.044713461730788, 14.929986140959556, 15.17252682060022, 15.199265202519118, 15.115420549366466, 15.321560451760115, 14.904215791819611, 15.14346283695594, 15.184219894066974, 14.923288869509339, 15.032473846796645, 15.245638951478373, 15.133437969210627, 15.208918509774646, 15.20895610697194, 15.31006328862041, 14.70240734208816, 15.259252324099677, 14.931591706608415, 14.969244959757683, 15.187762834853118, 15.207506240476956, 15.139536142734427, 14.873981851160885, 14.895732390724369, 14.072221464105581, 15.227174466982891, 15.091075017169224, 15.06635116836848, 15.02649844377905, 15.007347478269281, 15.31801487062648, 14.96970180241184, 15.16219415866413, 14.966006139987202, 15.243936056380571, 15.15721753008121, 15.219628181572249, 15.178083338237204, 15.131474266079685, 15.113322339603595, 15.358284948223409, 15.198771212656606, 15.08457291759, 15.099039250042642, 15.01092983017535, 15.179426435311404, 15.326718954469097, 15.146509471624523, 15.09260894791151, 15.22062120399396, 15.087787193232122, 15.278866069336186, 15.208328508014517, 15.092089035141177, 14.92172070845323, 15.098688907596204, 15.034963248382692, 15.141912543658282, 15.110480871155936, 15.236714150052777, 15.259878332042156, 15.075693251175016, 15.014193434229897, 15.302204701721942, 15.082954249537964, 14.912345569722401, 14.895302817267087, 15.01308395664418, 15.171711521382194, 14.765544431489946, 15.140100827039308, 15.2598284011013, 15.129064224582887, 15.258643761003311, 15.324023709846978, 15.100419308919596, 14.591647557568571, 15.141560488684396, 15.02120510352471, 15.008005585130753, 15.086378243201834, 14.974562754910373, 14.943541888351929, 14.921928987470741, 15.206043965109375, 15.154324004290345, 14.804336910795916, 15.016526905250084, 15.080484597166475, 14.932959234570154, 15.110845699483404, 15.252560083841882, 14.988846922882322, 15.239562503508033, 15.100838856181166, 15.054692361147405, 14.989807296735302, 15.224248522024208, 15.037408921915166, 14.980896447446824, 15.079395664885912, 15.096437101674455, 15.126799040774692, 14.935323484239209, 15.12022773707825, 14.822392819492206, 15.336394412076842, 15.017304429175516, 15.251907641870542, 15.190797594830467, 15.270555457675528, 14.723260957119104, 15.162443801123032, 15.10300975130548, 15.426764014549251, 15.171504701294282, 15.153899066558175, 14.964573819605981, 15.103061969685532, 14.980764902216734, 14.65392465915217, 14.789607959760724, 15.171434710647118, 14.940287147850215, 15.002174237429157, 14.989682728653076, 14.951572536286506, 15.132675674518936, 15.100788014179422, 15.270142526512373, 15.124916446430234, 15.003543620175872, 15.316816674665075, 15.365657301677698, 15.093374151249954, 15.203752306614923, 14.991527779463267, 15.236334092930923, 15.151579294159237, 14.99262921392824, 14.964549333333682, 15.280505909372414, 15.0954315360119, 15.129860844863602, 14.813601410015435, 15.011318611087376, 15.036374889239093, 15.00045813998768, 15.075686956115208, 15.179964487022826, 14.94740191776192, 14.359755135922171, 15.007154250839413, 15.137788722070697, 15.185131808865401, 15.197265468136472, 15.045603519928754, 14.86923122756469, 15.024222491740044, 15.255063236718488, 15.142621205998454, 15.003994274692152]
ec list [59.613577170348734, 58.489004669680234, 58.233431039542566, 57.846191237664826, 58.18617518075501, 58.53046544608219, 59.27484127183981, 57.925095078871315, 57.69958186690276, 57.49766557061576, 57.24290977172167, 57.53401269138806, 57.33446919825337, 57.344008814141695, 57.38288622866957, 57.38822494570665, 57.16814041501032, 56.95311406321275, 57.056568976748146, 57.57857514886279, 57.424083403248154, 57.355180707787, 57.226957770665706, 57.08158349778466, 57.32515152803108, 57.33979080507534, 57.165546637919796, 57.195082128235825, 57.181756505498406, 57.45033639846768, 57.40781652909983, 57.28623658350138, 57.32380570495168, 57.130248530988155, 57.31331631583924, 57.184911778854044, 57.24221243367479, 57.25452927009117, 57.28352263620384, 57.20584523294115, 57.13618316784498, 57.45797428841552, 57.25282799493358, 57.37415435456027, 57.18704760220725, 57.19927459934037, 56.92994103659174, 57.36454666611615, 57.2749358794421, 57.510694973905586, 57.52019551420913, 57.38935633212975, 57.37278075590084, 57.504725549026205, 57.374495426099706, 57.41177708657357, 57.40068116155208, 56.921292629084384, 57.31064528007451, 57.2836384044481, 57.26721348559389, 57.38983120005619, 58.064353367251755, 57.610871066563135, 57.111558641408685, 57.21173259037472, 57.382521878463166, 57.15491619025741, 57.15821403422174, 57.16403102491189, 57.46277667193158, 57.159329092711566, 57.20157717454575, 57.28447557044863, 57.116712282802396, 57.54406841111595, 57.20517343912019, 57.21875106282419, 57.00170967259282, 57.245761687195085, 57.54960581905981, 57.2743536147909, 57.35794665073103, 57.26519878988961, 57.14752009151722, 57.401057884778396, 57.217545095801306, 57.25530460731412, 57.265988225043714, 57.06441906826197, 57.28805311704913, 57.29654864739814, 57.25683691089054, 57.25364179790833, 57.26589855062621, 57.3628337350964, 57.20067633765622, 57.20786423527128, 57.15281869233329, 57.01917480059824, 57.40741796385979, 57.318927128656185, 57.02200416693606, 57.13008862833947, 56.96445895763034, 57.187825858542396, 57.23191086519886, 57.151035499774736, 57.213850052510274, 57.22876941298399, 57.17898150035843, 57.13387390302875, 57.330187786379376, 57.05660933511704, 57.52328629102182, 57.35711774354107, 57.150410685954526, 57.38330152169205, 57.48208194593331, 57.13402138674149, 57.347327284141855, 57.314385244847635, 57.163527624751524, 57.11590073818776, 56.91256763896067, 57.29372177464782, 57.10616300770218, 57.175673429014694, 57.239414463306005, 57.18232889151606, 57.08134039340817, 57.13825922446676, 56.99832040190195, 57.263884122216716, 56.99313416972908, 57.04130446480354, 57.32153030115066, 57.542548383917214, 57.576422999856256, 57.32582884290555, 57.05238589939775, 57.14178858827261, 57.521548413468956, 57.0727978329829, 57.00344297723385, 57.36435675118735, 56.99253887201183, 57.39799760157294, 57.11111685323972, 56.84588803228583, 57.03299404260187, 57.048673640852726, 57.26259050243464, 57.18026463129618, 57.379727271886715, 57.15120153249688, 57.28533511957395, 57.24284894684131, 57.6007314458317, 57.29269857925172, 57.43358907449438, 57.25281422590762, 56.983756332297574, 57.36539729419923, 57.03486087980688, 57.11839763644355, 57.18343623933637, 57.210029399513225, 57.191442569516816, 57.29677450434132, 57.46372244235976, 57.05386142546908, 57.30946025759129, 57.248754400563826, 56.99968992928488, 57.4526865428878, 57.07799394104904, 57.44674374853667, 57.122369402069765, 57.17402808919365, 57.334167243658044, 57.29280002979216, 57.10896841881386, 57.3950383908367, 57.20630785111455, 57.2721106741335, 57.18405084445627, 57.315053398225245, 57.24406233957458, 57.38152899184065, 57.27688552265965, 57.40832208414827, 57.44872988419914, 57.14066666096045, 57.15108548265669, 57.33382900365017, 57.219662787929536, 57.29166125939326, 57.140262181516164, 57.38853965958066]
jerk list [0.1450335952448999, 0.3519043258643984, 0.39347172537409947, 0.41992450453136293, 0.39087982066117943, 0.4046915355866548, 0.4168753212925533, 0.39840552708293, 0.3906528781920637, 0.3916619358855407, 0.3827942010510502, 0.38595421895414184, 0.3846848930304254, 0.36049168584628943, 0.37290865815958957, 0.36116946170517106, 0.38097883068108596, 0.37021721541171476, 0.37324004047267273, 0.3896882876700498, 0.37038025018502463, 0.36627251703077707, 0.3565092502888635, 0.35158756959871906, 0.38634898196504425, 0.37093159959537125, 0.34878241758314543, 0.36584127656679094, 0.35690514676854157, 0.3777352666172905, 0.3686833070655005, 0.36815640670201016, 0.35139098519849515, 0.37738762495203415, 0.3613358526334353, 0.35877691493855735, 0.37352477258949535, 0.3756154668379651, 0.3656909011917447, 0.362615502164318, 0.3668861901431418, 0.3689623474541085, 0.3551614486314665, 0.3694376307040203, 0.36717608949063857, 0.3577438118007443, 0.3689571845330577, 0.377325224286848, 0.36894756210656054, 0.3892265002139085, 0.3803346111200554, 0.3624702504025432, 0.3759368078660704, 0.39495440453483316, 0.3822204798157081, 0.4012914786575345, 0.3906241114497443, 0.3571557107089003, 0.3739565433901343, 0.3984360064710077, 0.40062319334640384, 0.4021247587686379, 0.3859758658212848, 0.38375461226313035, 0.37679524263448505, 0.3772267684540065, 0.38082615632137823, 0.3705684968972975, 0.3572089358541293, 0.39150007339695236, 0.38195404332713473, 0.39278829162795403, 0.37713481705600543, 0.37367102671663927, 0.37356177370126986, 0.3840586790321517, 0.3751174613235382, 0.38062167019206966, 0.3621443140593708, 0.3723828461245093, 0.38910130493499506, 0.3716356962177761, 0.38507972392399326, 0.3786144415673403, 0.3877095366238001, 0.38147379138085813, 0.37562861274358983, 0.3748810064578344, 0.38625014300949456, 0.3627821571366679, 0.3797408090097409, 0.3769047650844328, 0.37981780480218336, 0.37709672913062825, 0.3856093210868101, 0.3762143978452674, 0.3803334736290333, 0.371235255714595, 0.3606555362606283, 0.380343106491873, 0.39468550751014314, 0.3584535193350673, 0.3631028474495424, 0.3716372823720644, 0.36284971122240944, 0.3745023957992385, 0.37628166700296556, 0.390123798725953, 0.3785709963805816, 0.36942965201796, 0.36979510497739604, 0.363129561243351, 0.37181515576526675, 0.37917563218737316, 0.38453747796052595, 0.3869748507025581, 0.3813543176538969, 0.38082168705509273, 0.39716414742796957, 0.3899726919418804, 0.3967786661468691, 0.3969797397692083, 0.3795745810370033, 0.3610574066460634, 0.3779149412877292, 0.3795198040184958, 0.36680818266580595, 0.38926443636990976, 0.3604404153670316, 0.3618503033265199, 0.3866620241694055, 0.3763151383717127, 0.3641804920537458, 0.3826123388875053, 0.3695089678952713, 0.37484584369093304, 0.37916308373362106, 0.40672782641825184, 0.447424432326171, 0.386603076220332, 0.3709733139523967, 0.387967492410358, 0.3950537061199263, 0.38265587162848336, 0.3622818175374752, 0.374002359290796, 0.3607724317179019, 0.3856679508674176, 0.3683782783067517, 0.38749884245649935, 0.36521063682167154, 0.3774019222845626, 0.3743068341265515, 0.37470539659669827, 0.3904965782855901, 0.3838511379758657, 0.38497626209640273, 0.3736164315751773, 0.3880329131293697, 0.3847235921771357, 0.3840258756981697, 0.38424920138867197, 0.39413047484647307, 0.3930081922513447, 0.38168632032801963, 0.36910871634565534, 0.3874151206140079, 0.3651835992853046, 0.3775729972794015, 0.36763479549129213, 0.38607156736606196, 0.36786887602131924, 0.39121741596298565, 0.37302135697182043, 0.3843248938028748, 0.3657116026113448, 0.3728877753950798, 0.387719681045529, 0.38499320989786145, 0.3715865390009604, 0.38980106352099836, 0.38886558352450945, 0.3867863330253353, 0.41273943805043883, 0.4008368723961314, 0.4090612241339317, 0.37722372436474605, 0.3775941632929127, 0.39292247810264014, 0.4061086224190337, 0.3932325812676974, 0.3938119289404752, 0.3922729576430211, 0.384601847872604, 0.38365310066800634, 0.3985538632006849, 0.39492167738471873, 0.39153899522543234, 0.3913537306233375, 0.40024108365023364]