
Env:SUMO, Algorithm:MADDPG, Device:cuda:1
-----------------------------------------
{'algo': 'MADDPG', 'env': 'SUMO', 'seedVal': 20150427, 'gamma': 0.99, 'epsilon': 0.001, 'critic_lr': 0.005, 'actor_lr': 0.0001, 'memory_capacity': 1000000, 'batch_size': 512, 'train_eps': 200, 'eval_eps': 10, 'epsilon_start': 3, 'max_speed': 28, 'target_update': 4, 'hidden_dim': 256, 'soft_tau': 0.01, 'max_action': 2, 'device': device(type='cuda', index=1), 'simulation_steps': 3600, 'pathToSumoFiles': 'rou_net2_single', 'model_dest_path': 'models/', 'model_dest_path_leader': 'ep200_', 'model_dest_path_follow': '', 'logName': 'ep200_gamma0.990000_tua0.010000.txt', 'procID': 17}
seed 20150427
当前的gamma是0.99, 当前的soft tau是0.01
-----------------------------------------
model saved successfully!
Complete training!
final reward list:[-0.37869942952905655, 0.07866147556858363, 0.12801970192995735, 0.11986126647561268, 0.208067593991066, 0.30808350410025964, 0.28513166917453925, 0.3601668016097861, 0.422588337049101, 0.4521365412672905, 0.48641446561870366, 0.4729715865819021, 0.48569364792133696, 0.5109522382202785, 0.4971666893585616, 0.51112537043518, 0.5077647914483692, 0.5441234179022497, 0.5430105333927543, 0.5285062205617734, 0.5739223677194764, 0.5571321258502435, 0.5392755427512235, 0.5427644358045247, 0.5304332152779011, 0.5169919765533021, 0.5257585182241193, 0.5416513159640454, 0.5492744037876517, 0.5495262660031027, 0.528742999668787, 0.4771820068130318, 0.5925771788415818, 0.4214631617265423, 0.5311002149254237, 0.5313231853909488, 0.6036355467410676, 0.5665687735075214, 0.5346878093749846, 0.5569224514594542, 0.5567774903173123, 0.5642541052320815, 0.5402694778628078, 0.5336295776961758, 0.577499433173649, 0.5571461626795984, 0.5595233992223763, 0.5895765094893781, 0.5932668692711579, 0.5520295744345571, 0.5509334325356218, 0.5111582355550583, 0.4603275848309054, 0.5055005517286257, 0.5539620853046989, 0.54064365350321, 0.5383745752269938, 0.5462244071501491, 0.5313205196497994, 0.5228678368681635, 0.5034365614119526, 0.5342585627280534, 0.4396543660265278, 0.5425493718606341, 0.5494201555095398, 0.5161385617543364, 0.5217771458975642, 0.5518163599820927, 0.5792958634042445, 0.5467332296098335, 0.5546558267182858, 0.5510022587068688, 0.573264688644942, 0.5518940726434499, 0.5503398815554924, 0.5638499800242829, 0.549077259179318, 0.5285893022699437, 0.5996754680002964, 0.5632425258905106, 0.5443776274770747, 0.5577908057038954, 0.5581226613570242, 0.5700665452669114, 0.558163448897402, 0.5577340124080443, 0.5499675724255784, 0.5844002376733325, 0.5882441236758589, 0.612116964292717, 0.5666454092513252, 0.5497897864974528, 0.5703344486945078, 0.5700399716606774, 0.5555085783485744, 0.5692703387479424, 0.5621214535155818, 0.553628314880552, 0.5679866856422585, 0.5486826248736493, 0.5851378954723606, 0.5338263123465926, 0.5566025662942745, 0.5563568344176949, 0.5601389383576582, 0.5506444220497598, 0.558327913344253, 0.5324613621808866, 0.5745386682456113, 0.5686991852959216, 0.5612500988503701, 0.5869453667275333, 0.5727368777974297, 0.5918462194084579, 0.5239018163803009, 0.5910245550064475, 0.5652924809071375, 0.5544103679845381, 0.5831691018901635, 0.5854923019701681, 0.5767841617424272, 0.5764475417802208, 0.606947818110388, 0.5749101007073809, 0.569629029278381, 0.5229481621718057, 0.5908016593510275, 0.5834769794604836, 0.5463928443351176, 0.5751880015622175, 0.5492601680849346, 0.5859146500550304, 0.5758378321172124, 0.5955927419350405, 0.5943745794919078, 0.5750164646302507, 0.5514604844960805, 0.5636137939011359, 0.564551027519377, 0.5493685281737305, 0.5716622946937444, 0.5451215833497872, 0.5725804168365021, 0.5312104020401197, 0.6047020958225567, 0.5682073264304663, 0.5143912291385145, 0.5567523062991312, 0.5425863899749888, 0.4996291292329085, 0.5665260839262158, 0.5435208944671812, 0.5594286641330014, 0.5780186661024413, 0.569228122417359, 0.5619203579167076, 0.592816677298186, 0.551011619332709, 0.4987280241240547, 0.5404020060977449, 0.551459425845878, 0.550992784576452, 0.5901824138095509, 0.5621735204887819, 0.5823273103396062, 0.5920964339521386, 0.5749936739286233, 0.611742133685629, 0.5964069870878362, 0.5532231282545341, 0.5949616268080157, 0.5966478869334634, 0.5461235741407745, 0.5768200571031118, 0.5587205446452254, 0.5718016231236263, 0.5829803473646175, 0.5689137996012041, 0.558617305184912, 0.5685267396499785, 0.5511367819326889, 0.5595327180632851, 0.5466705607272475, 0.5661600664655274, 0.5656021581389395, 0.5720613146652004, 0.584598147536638, 0.5797842287314857, 0.5675301936435002, 0.5030016003295894, 0.5914243695284913, 0.5751882955750061, 0.5869573174203572, 0.5690315725282394, 0.590940592834627, 0.5520411775319105, 0.5895589069890027, 0.5998996866955729, 0.5869060880692106, 0.5761522163148928]
final halt list:[2.0155966630395357, 0.8868180277871908, 1.0162790697674418, 0.6557428214731585, 0.6498040612753829, 0.21767994409503844, 0.20938748335552596, 0.1741999340151765, 0.1102257636122178, 0.2583682008368201, 0.04199310560952679, 0.03509912252193695, 0.030668504479669192, 0.015630087919244546, 0.0, 0.04550016728002677, 0.04254667891031527, 0.0, 0.025779758115849778, 0.04229934924078091, 0.014841688654353561, 0.031985294117647056, 0.006624825662482566, 0.009762447120078099, 0.0, 0.0, 0.09926958831341301, 0.006611570247933884, 0.005898681471200555, 0.03048397234443746, 0.02521588946459413, 0.26818923327895594, 0.0013302294645826404, 0.004976671850699844, 0.0560530679933665, 0.01541489012791079, 0.024754277393520204, 0.007385028533064787, 0.009828009828009828, 0.0003348961821835231, 0.009218289085545723, 0.019887305270135897, 0.0, 0.005765534913516977, 0.0, 0.0, 0.01651705565529623, 0.0, 0.0, 0.027833668678739102, 0.0023688663282571912, 0.03491755577109602, 0.18097074895531984, 0.08979048885932824, 0.01090909090909091, 0.016095890410958904, 0.0023616734143049934, 0.0, 0.00983050847457627, 0.0, 0.017465753424657535, 0.04017372421281216, 0.21731510690501227, 0.03978238694321659, 0.0, 0.0, 0.014673743365594755, 0.0, 0.0003456619426201175, 0.0, 0.015460526315789473, 0.0, 0.010299003322259137, 0.002573529411764706, 0.00760079312623926, 0.0, 0.03985637342908438, 0.0032102728731942215, 0.0, 0.0, 0.02047244094488189, 0.03949044585987261, 0.0065903572667360385, 0.0, 0.0, 0.0006453694740238787, 0.0021986075485525836, 0.006419400855920114, 0.0009963467286615742, 0.015101772816808929, 0.0, 0.031315240083507306, 0.001379310344827586, 0.0, 0.011818778726198293, 0.0, 0.0, 0.0, 0.020191649555099247, 0.0, 0.0006958942240779402, 0.014842300556586271, 0.0, 0.06580329016450823, 0.01752021563342318, 0.0, 0.0009487666034155598, 0.0, 0.0, 0.0, 0.0016066838046272494, 0.0, 0.0, 0.004548635409377187, 0.012682926829268294, 0.0, 0.043478260869565216, 0.0, 0.0, 0.00033852403520649965, 0.0, 0.0003405994550408719, 0.0, 0.0, 0.0, 0.015244891339604282, 0.0, 0.0, 0.009327758121582503, 0.017314487632508833, 0.0003232062055591467, 0.0, 0.0, 0.0, 0.0016722408026755853, 0.0, 0.0009593859929645027, 0.030010718113612004, 0.00031496062992125983, 0.05355908776779544, 0.003215434083601286, 0.0, 0.0, 0.042841842199214566, 0.0003502626970227671, 0.01296426068675543, 0.030914826498422712, 0.00968927497494153, 0.0, 0.0012903225806451613, 0.0, 0.0, 0.0, 0.0, 0.028747433264887063, 0.0010252904989747095, 0.02403846153846154, 0.016196954972465177, 0.06578501186842997, 0.018083182640144666, 0.0018404907975460123, 0.028664731494920173, 0.0017158544955387784, 0.011708744968898645, 0.017484868863483525, 0.012675573826652964, 0.012495994873438, 0.006911604219716261, 0.02092940759134445, 0.04225865209471767, 0.0, 0.01591695501730104, 0.007455099966113182, 0.0, 0.0019743336623889436, 0.04353605849119309, 0.003136981526664343, 0.005878284923928077, 0.0, 0.00033944331296673454, 0.0, 0.0, 0.07873716241917078, 0.0, 0.0, 0.0014831294030404152, 0.0015319800842589046, 0.0029693170570768723, 0.0006600660066006601, 0.05504908835904628, 0.0, 0.0, 0.020763563295378432, 0.0, 0.0031701303275801338, 0.003083247687564234, 0.0, 0.0, 0.0, 0.015430072225869994]
speed reward list:[0.0, 0.0, 0.0, 0.0, 0.0, 0.0, 0.0, 0.0, 0.0, 0.0, 0.0, 0.0, 0.0, 0.0, 0.0, 0.0, 0.0, 0.0, 0.0, 0.0, 0.0, 0.0, 0.0, 0.0, 0.0, 0.0, 0.0, 0.0, 0.0, 0.0, 0.0, 0.0, 0.0, 0.0, 0.0, 0.0, 0.0, 0.0, 0.0, 0.0, 0.0, 0.0, 0.0, 0.0, 0.0, 0.0, 0.0, 0.0, 0.0, 0.0, 0.0, 0.0, 0.0, 0.0, 0.0, 0.0, 0.0, 0.0, 0.0, 0.0, 0.0, 0.0, 0.0, 0.0, 0.0, 0.0, 0.0, 0.0, 0.0, 0.0, 0.0, 0.0, 0.0, 0.0, 0.0, 0.0, 0.0, 0.0, 0.0, 0.0, 0.0, 0.0, 0.0, 0.0, 0.0, 0.0, 0.0, 0.0, 0.0, 0.0, 0.0, 0.0, 0.0, 0.0, 0.0, 0.0, 0.0, 0.0, 0.0, 0.0, 0.0, 0.0, 0.0, 0.0, 0.0, 0.0, 0.0, 0.0, 0.0, 0.0, 0.0, 0.0, 0.0, 0.0, 0.0, 0.0, 0.0, 0.0, 0.0, 0.0, 0.0, 0.0, 0.0, 0.0, 0.0, 0.0, 0.0, 0.0, 0.0, 0.0, 0.0, 0.0, 0.0, 0.0, 0.0, 0.0, 0.0, 0.0, 0.0, 0.0, 0.0, 0.0, 0.0, 0.0, 0.0, 0.0, 0.0, 0.0, 0.0, 0.0, 0.0, 0.0, 0.0, 0.0, 0.0, 0.0, 0.0, 0.0, 0.0, 0.0, 0.0, 0.0, 0.0, 0.0, 0.0, 0.0, 0.0, 0.0, 0.0, 0.0, 0.0, 0.0, 0.0, 0.0, 0.0, 0.0, 0.0, 0.0, 0.0, 0.0, 0.0, 0.0, 0.0, 0.0, 0.0, 0.0, 0.0, 0.0, 0.0, 0.0, 0.0, 0.0, 0.0, 0.0, 0.0, 0.0, 0.0, 0.0, 0.0, 0.0]
tls reward list:[-0.0075440854377030585, -0.006379372524443642, -0.007528553960807308, -0.00865088859558997, -0.009563560179324608, -0.009459280320899287, -0.008701548315876452, -0.007620036151077718, -0.0077698128668804945, -0.007053853620169415, -0.007203213900095483, -0.00831989947358985, -0.008944896211785826, -0.007710399516200525, -0.007067885603876555, -0.007323771506557671, -0.007303324114833786, -0.007058691244540737, -0.00693727929249495, -0.007777760198801469, -0.0070360754296145515, -0.006585243681859016, -0.0063285285892619005, -0.006423311343496665, -0.0062771529537158435, -0.007030857519621128, -0.007507970749309065, -0.006411556870731705, -0.005843091325185166, -0.00556058088715806, -0.005269302438126415, -0.0049253474226888146, -0.005499133055184196, -0.005653432441535546, -0.005218891610100021, -0.005198117115421633, -0.005508358138275402, -0.0052279132811237855, -0.005440052676897706, -0.005184705531094033, -0.0052846806844601395, -0.005372969268135412, -0.005162624874656924, -0.0051779740364360834, -0.0052861682641548715, -0.005063191525718715, -0.005096185515515941, -0.005536687262997619, -0.005103067237403452, -0.005602869826565796, -0.005500021017986223, -0.005668575371282607, -0.005442469307825398, -0.00590879582881671, -0.005292135864203011, -0.0054738673176615744, -0.005164433986749503, -0.005381463813230658, -0.005514179812674055, -0.0055247653331503, -0.00541781531687363, -0.0054864750018113456, -0.005120676685377215, -0.005618210446211432, -0.0051280615580447, -0.005386626460803593, -0.0051911782665195775, -0.005349643622160801, -0.005369976886918409, -0.005485564088868824, -0.00540126967804158, -0.005375394594851266, -0.005452981985833247, -0.005746671390851021, -0.0053066462446437505, -0.00557839836149279, -0.005554111996838338, -0.00517189937581848, -0.005223669134527708, -0.005167773915937781, -0.005454982096452614, -0.005476356003392115, -0.005587610472678879, -0.005374174290898936, -0.005468882490409804, -0.005289569557552286, -0.005525035036885817, -0.0057331774606455485, -0.005399263617400156, -0.005363871630778463, -0.005676135175148579, -0.005682921955982776, -0.00553757493605042, -0.004885058565523439, -0.005306731248989012, -0.0055308870277417784, -0.005612521751847037, -0.0057845398209317046, -0.00531835895837928, -0.005457357319449234, -0.0055812235514175025, -0.005162170239779178, -0.005602914506132913, -0.005492748173748564, -0.005174844963847343, -0.005110506213039019, -0.005408642663799214, -0.005540207656161313, -0.00537412874366561, -0.005553408821841292, -0.005334628445981095, -0.005057169077649141, -0.005080992583713872, -0.005510491089905389, -0.005295495076037867, -0.005304765657367762, -0.005573705064410779, -0.004972306862310973, -0.005832660450027368, -0.00546990225414306, -0.005698159164487123, -0.005652964810673732, -0.005637302498633943, -0.005343775977059344, -0.005457847787745033, -0.005551068553547868, -0.005523412820833549, -0.005625698570484675, -0.005546847778983467, -0.0056141993461925645, -0.005522719410919642, -0.0056176494427359405, -0.005341954100058234, -0.00560525710349341, -0.005294059444236939, -0.0055177845635934475, -0.005035508929902713, -0.005328891643742867, -0.004948109562904547, -0.005043874371635342, -0.0051196991172194764, -0.005201197894907099, -0.005485027894075446, -0.00523686936565446, -0.0054286678989296, -0.005366247740178563, -0.00488685089644647, -0.005627471828075242, -0.00489476891901616, -0.004805600418884285, -0.005067645125126638, -0.005445031398096373, -0.005116701366010633, -0.005202183393016309, -0.005408018067955025, -0.005171165076518109, -0.005189249719633583, -0.0053558227806883435, -0.005489274923583178, -0.00554921002324586, -0.005208453479951395, -0.005278318011999776, -0.0053591529782253434, -0.005759341805105903, -0.005501970110110936, -0.0053232137584830995, -0.005215557545896551, -0.005418964737666701, -0.005432002669478192, -0.005230636261369095, -0.0053823799932360954, -0.0054862558122925655, -0.005490123993218755, -0.005384921357418834, -0.005272500502780834, -0.0053249843881672376, -0.005494096567954338, -0.005362830305643744, -0.005226580413982454, -0.005349638129692396, -0.005555403773364174, -0.00531792423489256, -0.005349765804039201, -0.005354927626687133, -0.0053276485241206305, -0.0054653331776748845, -0.005380491325910885, -0.005221455452775231, -0.005378914155384046, -0.005414081736058715, -0.005060896350454648, -0.00546686676115378, -0.005470555987140812, -0.00527769675492542, -0.00524206068557183, -0.005252192168116243, -0.005427222227592021, -0.005356097919200368, -0.005372644011631642, -0.005592929149468002]
target reward list:[-0.3711553440913536, 0.08504084809302728, 0.13554825589076466, 0.12851215507120267, 0.21763115417039058, 0.31754278442115896, 0.29383321749041574, 0.3677868377608638, 0.4303581499159814, 0.45919039488746, 0.49361767951879915, 0.481291486055492, 0.4946385441331228, 0.518662637736479, 0.5042345749624382, 0.5184491419417377, 0.515068115563203, 0.5511821091467904, 0.5499478126852493, 0.5362839807605748, 0.5809584431490908, 0.5637173695321026, 0.5456040713404853, 0.5491877471480214, 0.536710368231617, 0.5240228340729233, 0.5332664889734285, 0.5480628728347771, 0.5551174951128369, 0.5550868468902608, 0.5340123021069135, 0.48210735423572065, 0.5980763118967661, 0.42711659416807785, 0.5363191065355237, 0.5365213025063704, 0.6091439048793431, 0.5717966867886453, 0.5401278620518823, 0.5621071569905483, 0.5620621710017724, 0.569627074500217, 0.5454321027374648, 0.538807551732612, 0.582785601437804, 0.562209354205317, 0.5646195847378923, 0.5951131967523757, 0.5983699365085614, 0.5576324442611229, 0.556433453553608, 0.516826810926341, 0.4657700541387308, 0.5114093475574424, 0.559254221168902, 0.5461175208208716, 0.5435390092137433, 0.5516058709633799, 0.5368346994624734, 0.5283926022013139, 0.5088543767288263, 0.5397450377298647, 0.4447750427119051, 0.5481675823068456, 0.5545482170675845, 0.5215251882151399, 0.5269683241640838, 0.5571660036042535, 0.584665840291163, 0.5522187936987023, 0.5600570963963274, 0.5563776533017201, 0.5787176706307753, 0.557640744034301, 0.5556465278001361, 0.5694283783857758, 0.5546313711761564, 0.5337612016457622, 0.604899137134824, 0.5684102998064483, 0.5498326095735274, 0.5632671617072875, 0.5637102718297031, 0.5754407195578104, 0.5636323313878119, 0.5630235819655967, 0.5554926074624641, 0.5901334151339781, 0.593643387293259, 0.6174808359234953, 0.5723215444264738, 0.5554727084534355, 0.5758720236305583, 0.5749250302262009, 0.5608153095975633, 0.5748012257756842, 0.5677339752674289, 0.5594128547014836, 0.5733050446006378, 0.5541399821930985, 0.590719119023778, 0.5389884825863718, 0.5622054808004074, 0.5618495825914436, 0.5653137833215055, 0.5557549282627988, 0.5637365560080523, 0.5380015698370478, 0.5799127969892769, 0.5742525941177629, 0.5665847272963512, 0.5920025358051825, 0.5778178703811435, 0.5973567104983634, 0.5291973114563387, 0.5963293206638153, 0.5708661859715483, 0.5593826748468491, 0.5890017623401907, 0.5909622042243111, 0.5824823209069143, 0.5821005065908946, 0.612585120609022, 0.5802538766844402, 0.575086877066126, 0.5284992307253537, 0.5963250721718609, 0.5891026780309683, 0.551939692114101, 0.58080220090841, 0.5547828874958542, 0.5915322994977664, 0.5811797862172707, 0.601197999038534, 0.5996686389361446, 0.5805342491938441, 0.5564959934259833, 0.5689426855448788, 0.5694991370822816, 0.5544124025453657, 0.5767819938109638, 0.5503227812446944, 0.5780654447305775, 0.5364472714057743, 0.6101307637214864, 0.573573574170645, 0.519278080034961, 0.5623797781272064, 0.547481158894005, 0.5044347296517928, 0.5715937290513424, 0.5489659258652776, 0.5645453654990121, 0.5832208494954577, 0.5746361404853141, 0.5670915229932256, 0.5980059270178195, 0.5563674421133974, 0.5042172990476379, 0.5459512161209908, 0.5566678793258294, 0.5562711025884517, 0.5955415667877763, 0.5679328622938878, 0.587829280449717, 0.5974196477106217, 0.58020923147452, 0.6171610984232958, 0.6018389897573145, 0.5584537645159031, 0.6003440068012517, 0.6021341427457558, 0.5516136981339932, 0.5822049784605307, 0.5639930451480062, 0.5771266075117933, 0.5884744439325716, 0.5742766299068478, 0.5638438855988945, 0.5738763777796708, 0.556692185706053, 0.5648506422981776, 0.5520203265312866, 0.5715149940922145, 0.5709298066630601, 0.5775266478428751, 0.5899786388625489, 0.5850056841842609, 0.5729091077988844, 0.508415682065648, 0.596485265878946, 0.5806551623361598, 0.592427873407498, 0.5743092692831648, 0.5961826535201987, 0.5572933697000267, 0.5949861292165947, 0.6052557846147733, 0.5922787320808423, 0.5817451454643607]
safe reward list [0.0, 0.0, 0.0, 0.0, 0.0, 0.0, 0.0, 0.0, 0.0, 0.0, 0.0, 0.0, 0.0, 0.0, 0.0, 0.0, 0.0, 0.0, 0.0, 0.0, 0.0, 0.0, 0.0, 0.0, 0.0, 0.0, 0.0, 0.0, 0.0, 0.0, 0.0, 0.0, 0.0, 0.0, 0.0, 0.0, 0.0, 0.0, 0.0, 0.0, 0.0, 0.0, 0.0, 0.0, 0.0, 0.0, 0.0, 0.0, 0.0, 0.0, 0.0, 0.0, 0.0, 0.0, 0.0, 0.0, 0.0, 0.0, 0.0, 0.0, 0.0, 0.0, 0.0, 0.0, 0.0, 0.0, 0.0, 0.0, 0.0, 0.0, 0.0, 0.0, 0.0, 0.0, 0.0, 0.0, 0.0, 0.0, 0.0, 0.0, 0.0, 0.0, 0.0, 0.0, 0.0, 0.0, 0.0, 0.0, 0.0, 0.0, 0.0, 0.0, 0.0, 0.0, 0.0, 0.0, 0.0, 0.0, 0.0, 0.0, 0.0, 0.0, 0.0, 0.0, 0.0, 0.0, 0.0, 0.0, 0.0, 0.0, 0.0, 0.0, 0.0, 0.0, 0.0, 0.0, 0.0, 0.0, 0.0, 0.0, 0.0, 0.0, 0.0, 0.0, 0.0, 0.0, 0.0, 0.0, 0.0, 0.0, 0.0, 0.0, 0.0, 0.0, 0.0, 0.0, 0.0, 0.0, 0.0, 0.0, 0.0, 0.0, 0.0, 0.0, 0.0, 0.0, 0.0, 0.0, 0.0, 0.0, 0.0, 0.0, 0.0, 0.0, 0.0, 0.0, 0.0, 0.0, 0.0, 0.0, 0.0, 0.0, 0.0, 0.0, 0.0, 0.0, 0.0, 0.0, 0.0, 0.0, 0.0, 0.0, 0.0, 0.0, 0.0, 0.0, 0.0, 0.0, 0.0, 0.0, 0.0, 0.0, 0.0, 0.0, 0.0, 0.0, 0.0, 0.0, 0.0, 0.0, 0.0, 0.0, 0.0, 0.0, 0.0, 0.0, 0.0, 0.0, 0.0, 0.0]
speed list [15.260833854494862, 15.620433374511917, 15.43039013399875, 14.36618182681062, 15.00617372808191, 15.056840924877093, 14.650036957557974, 15.257668149472241, 15.159492764090531, 14.75454201847533, 15.056631190078278, 14.960424351311351, 14.879565921284309, 15.19693310352683, 15.087921134341899, 15.186860057874085, 14.74761853448784, 14.851737469910764, 14.844500540739118, 14.759912075530861, 14.955769475321771, 15.160079932587879, 14.957851238826413, 14.955067962264893, 15.045261207416155, 14.95995086285979, 14.503315771527435, 15.061505301194671, 15.351678503702821, 14.983051377364513, 14.881775223945882, 13.931833687373146, 15.268841426591212, 14.893326106181103, 15.035040349909563, 15.029684762876974, 15.09440824040738, 15.046138852784873, 14.949614329055288, 15.136802066898902, 14.87688217645499, 15.127633903291734, 15.311902788081474, 14.86579053608269, 15.123156087032681, 15.175211994863748, 14.877632282844218, 15.017808399117824, 15.209219783909454, 15.139138892266825, 15.122482329012952, 14.883995645980049, 13.973632386056666, 14.666713717504479, 15.229112445889683, 14.94607235417382, 14.986037216967924, 15.182716358040986, 15.187620452722628, 15.129166290037317, 14.863445688846474, 14.863198603647179, 13.974947165869635, 15.226961564386832, 15.127328196430174, 15.06876339574276, 14.990569266024917, 15.010975689112117, 15.274790461855355, 14.943685690606289, 15.153074834289486, 14.904022080956638, 15.174319781130786, 15.175150048460061, 15.187383465104428, 15.164773328734167, 15.111623120226325, 15.12922757552687, 15.352173068194476, 15.204136278782729, 15.07720630656273, 15.039668560726273, 15.012582517524855, 15.185744523198082, 15.329382035249147, 15.185176361097277, 15.077442883533324, 15.218571404143635, 15.077506116800429, 15.280652452278968, 15.224308294142757, 15.085619078713675, 14.932730883001692, 15.111681124040972, 15.035565694019867, 15.13784485119864, 15.117404453319832, 15.232503777215904, 15.236482873890393, 15.045794296823114, 15.04765972850692, 15.266899713550265, 15.042651784306058, 14.87464439421378, 14.878505937639765, 15.007097683181085, 15.159087152201085, 14.781354038266642, 15.125363680142904, 15.276650779809406, 15.128612472864813, 15.255290828466853, 15.340055357447502, 15.107364714121756, 14.556450825454919, 15.134004272575336, 15.023868844003392, 15.03648749899908, 15.107362162480928, 14.964398218234301, 14.94755792635653, 14.906357268930508, 15.195314996067566, 15.127887364882241, 14.790228664780052, 15.006699761686528, 15.053920581267745, 14.897207357711796, 15.108422720431363, 15.213349778339655, 14.993610224484133, 15.223370560671713, 15.002584257918334, 15.061141642886978, 14.970865444032995, 15.188886810225934, 15.026470439974691, 14.95413023723806, 15.13888964030007, 15.111123825163588, 15.1507538878051, 14.941934773760568, 15.146839443136935, 14.66875818602437, 15.328712511745735, 14.979557982074693, 15.223255031288081, 15.189754534835759, 15.29617700101606, 14.707179542524818, 15.176671938965907, 15.078599047239276, 15.446658029475373, 15.168454407364285, 15.152963210521623, 14.951228188639961, 15.135423432458749, 14.997366219571113, 14.556501343953302, 14.859447394945082, 15.167425552220301, 14.97670787976412, 14.979896963919584, 14.999502264480107, 14.959488210549825, 15.122299129575424, 15.100450809738547, 15.308510219302782, 15.158332321907267, 14.973059308546423, 15.324357889780266, 15.344804804660914, 15.084828336005033, 15.206509896161279, 14.99517671801949, 15.216937547222203, 15.1863532014403, 15.015102897820398, 14.965355736500518, 15.276882980390434, 15.120260696119164, 15.153175528444335, 14.639404779514546, 15.048790266421523, 15.062872334780028, 14.973307943983873, 15.055824293759997, 15.195594822945623, 14.934252983266681, 14.303972886390653, 15.000873124995785, 15.154498277463615, 15.208973260746479, 15.206421852180313, 15.080719165397916, 14.879334883451335, 15.015324435545809, 15.264475179243048, 15.146246411236486, 15.032363256080068]
ec list [59.75074805910217, 57.09611099167005, 57.943420723619525, 59.40979479864485, 58.71929093333379, 58.899314478602335, 58.54941528072879, 58.509557345973775, 58.17907106038016, 58.36005285673284, 58.39655245222917, 58.59924784531584, 58.656495874120814, 58.31754485190848, 58.234448872486944, 58.480244903670865, 57.95660361364838, 57.671402180833866, 58.00587558705369, 58.69921356301225, 58.24700553029684, 57.87606752720899, 58.170405100344766, 58.083192714561065, 57.798887230645406, 58.402068788845774, 59.05157594382262, 57.95177831223037, 57.36878850497688, 57.53193559202388, 57.45201429845039, 58.6175527731112, 57.481486744938, 57.36577869080338, 57.7998151574038, 57.317242859840555, 57.229917091944436, 57.353789772252156, 57.24343595527682, 57.17887609070663, 57.60080617798127, 57.43585807076302, 57.292907399393805, 57.2371164609364, 57.25875754046779, 57.23471611453364, 56.80116115715899, 57.372401252273725, 57.265868111465466, 57.414268640440746, 57.656155043754374, 57.997636417049286, 58.88662456828027, 57.95866318679761, 57.34114553345968, 57.27472284073983, 57.38808309744784, 57.05536520097312, 57.256121025114794, 57.163671673977404, 57.263653292229584, 57.32486132477617, 58.04675312927759, 57.45756542363544, 57.11503468894373, 57.22117192638944, 57.21535699078632, 57.059339248667015, 57.37575195098338, 57.11625345428088, 57.42285448047283, 57.057515411786454, 57.469807477116746, 57.489900498865644, 57.274816355718784, 57.59467552844981, 57.20101962059589, 57.28157592627546, 57.020214311697536, 57.18244434843214, 57.54141031984631, 57.54177766079169, 57.408065496876645, 57.270868091109186, 57.18335484636429, 57.496118197182966, 57.34023837839746, 57.37553968593747, 57.26332393570578, 57.23262622757717, 57.2925314474236, 57.32524164445124, 57.24884131574015, 57.127453705598555, 57.26933418803068, 57.459169740622364, 57.17894136772559, 57.23168014887973, 57.243355220838765, 57.1349454372858, 57.36552840942471, 57.31681115780372, 57.089121489672756, 57.21500409361311, 57.13901686150914, 57.37786130930538, 57.26936854168396, 57.178336260684354, 57.15582392240327, 57.1596277096271, 57.218582378553144, 57.16663494130187, 57.212662865754844, 57.02489158036515, 57.45045635768335, 57.26255411234963, 57.09451851967293, 57.20157510539363, 57.48918146366222, 57.15808020589082, 57.26487535105545, 57.49534888289813, 57.29437279817388, 57.16088062049147, 57.11606056860335, 57.3340706187418, 57.28383926163756, 57.26401232294843, 57.406328860571705, 57.24347944265594, 57.12015393911512, 57.29580181306247, 57.12939148302581, 57.230207593624826, 56.96151510835926, 56.914119784691835, 57.21484416211848, 57.261818988735335, 56.99705539900323, 57.09008448853745, 56.93791444529697, 57.05108784651939, 57.518369944083844, 57.1536032576174, 56.951205928657366, 57.37027095915016, 57.037916397231584, 57.29412078061585, 57.06267877366063, 56.80908051988421, 56.91764739554385, 57.012368719948796, 57.139617382953546, 57.08787062494314, 57.31933441295976, 57.07333407268339, 57.22857915471388, 57.28819085531983, 57.52503859296522, 57.16938286027908, 57.421963538210996, 57.298757591160125, 57.15686712257632, 57.3224242669475, 57.23771814078814, 57.02913632858195, 57.189557481698934, 57.2821604116865, 57.10573564003859, 57.20846358050088, 57.462281430100774, 57.17414502884523, 57.23913440586496, 57.27246944704728, 57.10597248095537, 57.32718602563085, 57.0552245174227, 57.28479095624819, 57.08934156503291, 57.14627947409902, 57.268836435181186, 57.2213244116055, 57.214104443379455, 57.19676388297367, 57.08214659425692, 57.018737122873624, 57.11016385818087, 57.09281188959759, 57.15130198126498, 57.316444306476484, 57.04423506667569, 57.21427878540847, 57.337488704453214, 57.18707158871287, 57.03154715422965, 57.25457462139472, 57.16688273247028, 57.067808718786594, 57.096800066982944, 57.21572802875482]
jerk list [0.15692733176668835, 0.24005618169114845, 0.28124612331103727, 0.5041194895180041, 0.44729217269525595, 0.5122815063293812, 0.5135161928109064, 0.49071131550511987, 0.4637780897638034, 0.4888475338589145, 0.529790051755012, 0.49197304545642245, 0.5984546751037647, 0.49057487599579475, 0.5380421202985773, 0.5567244770745347, 0.5061312193294905, 0.49673551911137764, 0.549687399235074, 0.5906287319894267, 0.5189056715695632, 0.4640073709227032, 0.5145053822857955, 0.5184896953329091, 0.4668724614479811, 0.5381383223274463, 0.5750803623472363, 0.48823867481814565, 0.3960009562967761, 0.4185277416239643, 0.3945375151194668, 0.4106696338869844, 0.3968306323369138, 0.4251502140343896, 0.4431315173345403, 0.39428186543592897, 0.39654004307897994, 0.3830366889504692, 0.37382717678831023, 0.3686730781786009, 0.4179806547720882, 0.3897323361779945, 0.37088793477418014, 0.38772913146297516, 0.3876688285820001, 0.37308262655429414, 0.36897615238799714, 0.42072568455394704, 0.37871377635102543, 0.3879115978604911, 0.4007262408721255, 0.43355416353570925, 0.41915739341990654, 0.454247391258745, 0.38384732212357486, 0.3946050857418321, 0.38688672282067216, 0.368888137170939, 0.3734678788774461, 0.38313324209110233, 0.3886091570980736, 0.38374830257239895, 0.3798532919451867, 0.37038151053360135, 0.3686646352240182, 0.3781551848751702, 0.37738935199605467, 0.3847575917562823, 0.3688703620942393, 0.3840948518138168, 0.3785347697196833, 0.38303627403726814, 0.4094359364099013, 0.39886323856706646, 0.3860480325868782, 0.3916281703331195, 0.38150807400481185, 0.3898554655757074, 0.36695669994383867, 0.3801810958891412, 0.40893312604331433, 0.40820196105061624, 0.4016988846872985, 0.3836430269879909, 0.39333978404324055, 0.3861420881777513, 0.392631701270292, 0.4018576781629687, 0.39254759588267435, 0.38050112100428185, 0.39925168010897255, 0.38483271368559174, 0.3943647984151838, 0.3749865850508213, 0.3843705662411668, 0.3879594819710905, 0.3870593084618238, 0.3835809220304527, 0.3741951802773706, 0.39585553887796116, 0.39659257285806065, 0.36801455558576496, 0.3848713528792502, 0.38843174001299097, 0.38264060660420135, 0.38832814276615996, 0.3889728059530335, 0.39165007559293336, 0.38238923677263453, 0.3783369631539952, 0.374812836173045, 0.3678812403587475, 0.35947160203003864, 0.3775380991898939, 0.3956635405473361, 0.38235012049694733, 0.38107545108801605, 0.3788819371871263, 0.4104436310219395, 0.40383997559385887, 0.4088221882623352, 0.41693748648213885, 0.39709356616939107, 0.38129834770618987, 0.41101654329793874, 0.4015901677338947, 0.39996291957743824, 0.4055535431691642, 0.3887643153752449, 0.37608245912929933, 0.40470433548561413, 0.3921879756525262, 0.4054930736433433, 0.3941961607327954, 0.3929456169065195, 0.37928695269798235, 0.36415833258915814, 0.3805964103982348, 0.37123499785156855, 0.3531198293901646, 0.3715327551080903, 0.38716016178619356, 0.40007751273284775, 0.38489840329708236, 0.36107141189060193, 0.3787523482169479, 0.3692788764091735, 0.3862751048638613, 0.3647682137638522, 0.3734165172152306, 0.3705333232820083, 0.3835523013679796, 0.36247518555909536, 0.3800898841805879, 0.3796830485545779, 0.38666152789443764, 0.39532020335906476, 0.3918882818075714, 0.40700953161118425, 0.39587097423632867, 0.4061083137035908, 0.4070314766042569, 0.42169765626097394, 0.41518623761777407, 0.4195928931848951, 0.4003889526792624, 0.40439372921301964, 0.38292991754752487, 0.38791713123411475, 0.3837885656582345, 0.3943467344802231, 0.3841977430746915, 0.4061730605762228, 0.3888860342758514, 0.4078147507339695, 0.3865484920657238, 0.37628992213481627, 0.39933778170537354, 0.3903735583749874, 0.3795172945185652, 0.3913596438813672, 0.38570351918460605, 0.3879059679570643, 0.3981545207178932, 0.3902679547940197, 0.38990108025297554, 0.374236441006711, 0.3783585488329892, 0.3944999029884275, 0.39367712663290766, 0.3935792652462696, 0.38015220022320106, 0.3807968889578986, 0.39465335146723796, 0.39113025567316495, 0.4073067380335433, 0.40252623676335153, 0.38806401553368813, 0.40601301992484146, 0.4061443353047118]