
Env:SUMO, Algorithm:MADDPG, Device:cuda:1
-----------------------------------------
{'algo': 'MADDPG', 'env': 'SUMO', 'seedVal': 20150427, 'gamma': 0.7, 'epsilon': 0.001, 'critic_lr': 0.005, 'actor_lr': 0.0001, 'memory_capacity': 1000000, 'batch_size': 512, 'train_eps': 200, 'eval_eps': 10, 'epsilon_start': 3, 'max_speed': 28, 'target_update': 4, 'hidden_dim': 256, 'soft_tau': 0.05, 'max_action': 2, 'device': device(type='cuda', index=1), 'simulation_steps': 3600, 'pathToSumoFiles': 'rou_net2_single', 'model_dest_path': 'models/', 'model_dest_path_leader': 'ep200_', 'model_dest_path_follow': '', 'logName': 'ep200_gamma0.700000_tua0.050000.txt', 'procID': 3}
seed 20150427
当前的gamma是0.7, 当前的soft tau是0.05
-----------------------------------------
model saved successfully!
Complete training!
final reward list:[-0.2172491011449582, 0.49262471203199465, 0.5456471017636221, 0.5169182002321314, 0.5594347722386143, 0.5665704809450814, 0.519431482754914, 0.5423507316006799, 0.5222468428966487, 0.5333881467068748, 0.5560624057624934, 0.5269937975353226, 0.5475543925610672, 0.5499942590115173, 0.5273789781823129, 0.5607136586667026, 0.5221046801715384, 0.5537471840609506, 0.5226388652927265, 0.52953831358923, 0.5594686910926273, 0.5785827910504692, 0.5630268601026298, 0.5727613289798335, 0.5581266097976341, 0.5440787871949339, 0.5552391326509003, 0.5463141426179302, 0.5827413641968465, 0.5295264821651877, 0.5462248919435903, 0.5428135063821505, 0.5851904557231176, 0.5136067418534885, 0.5450873246473252, 0.5224421375640659, 0.5600928726200115, 0.5796304295130343, 0.5330674051750022, 0.5606018969423823, 0.5479690589736951, 0.5481709894566958, 0.5447706897280733, 0.5332503220382304, 0.5529410894370793, 0.5585097810843777, 0.5297035101871703, 0.5588684280993907, 0.5484814537417371, 0.49600926401393136, 0.5343482139555437, 0.5665721645684884, 0.5575510453980003, 0.5335464793579137, 0.5296579764306876, 0.5081872955434878, 0.5299507564888893, 0.560980288223111, 0.5310256281205474, 0.5704980659458951, 0.5201659084131393, 0.5602686075327333, 0.47684718154732175, 0.5248299791112138, 0.5325067042974098, 0.5297720599009551, 0.5131339412999913, 0.5209426714337678, 0.5629639482401619, 0.5589395091767554, 0.5447727722158756, 0.5540719202874922, 0.5608955063339655, 0.5290296532396856, 0.5587694173075404, 0.5628266862431552, 0.5532401372155535, 0.5253931730572801, 0.568716508161871, 0.5357444592539496, 0.49884508540159705, 0.5101418463444122, 0.5336052345974063, 0.5605069764254812, 0.504494675615326, 0.5696056752428152, 0.528958401160319, 0.536342966999732, 0.5519741122609443, 0.5424144485677009, 0.544530297960157, 0.5536678104651083, 0.5320443300101851, 0.5363221855131117, 0.533352348394782, 0.5432020303810067, 0.5253375494298996, 0.531450227683134, 0.5461885442381549, 0.5129332460411623, 0.5508722799308082, 0.5073881470115708, 0.5281185976690237, 0.5295060959871181, 0.5320650392772959, 0.5199035755777887, 0.5124504702550752, 0.4992066742136804, 0.5278345236210528, 0.5587699189838274, 0.5082041902457874, 0.5578277543677616, 0.518090685317425, 0.5548774414339136, 0.5079890284923521, 0.5594014715759181, 0.5379393083206171, 0.5253415890351301, 0.557972721950911, 0.5150852368906857, 0.5320152092299969, 0.5140345841932021, 0.5300912167854587, 0.540863869927565, 0.5391779344807394, 0.5163832469823879, 0.5659669164549889, 0.527205250913283, 0.5090677453474801, 0.524014466748599, 0.5117534636725468, 0.5547610810576369, 0.5144443498288512, 0.5502220146071742, 0.5554768303046568, 0.5462784898711796, 0.5343473453036026, 0.5381869893071913, 0.5202511555422669, 0.5305391614162961, 0.5234749754858687, 0.5222307717959394, 0.546940139427404, 0.5059905065564823, 0.5704406084146134, 0.5673380766600905, 0.5063941307847631, 0.5049279857436325, 0.5233882428917074, 0.4881636149613482, 0.5266214437653495, 0.5426774322174206, 0.5481849133544177, 0.5526422892857921, 0.5313766427484454, 0.517138728489688, 0.5428826365766037, 0.5253020473321861, 0.4727919344514943, 0.5169039111338956, 0.5471610265140783, 0.5107284582813088, 0.5517380833543559, 0.5076465898067447, 0.5102995564725915, 0.5268561357635826, 0.5164510357578729, 0.5667107392590147, 0.5319034783334651, 0.5196480412721025, 0.5007626504407104, 0.5591490125718926, 0.5303857266398707, 0.5567791035379445, 0.5310515540305775, 0.5638073854325735, 0.534979823025089, 0.5181681167668448, 0.4945665215976497, 0.5353696128127096, 0.48298364095225244, 0.5185118571316727, 0.5154477500530967, 0.5223348244161182, 0.5250193171769625, 0.5493072913215411, 0.5420933465994928, 0.510617427982852, 0.5159788468949388, 0.4935857375622698, 0.5440567566750015, 0.5493607780594915, 0.5555726940969349, 0.5302112175412784, 0.5241679768247416, 0.5250087569027659, 0.5320579256193266, 0.5357841903786099, 0.527788716067641, 0.5337203756059667]
final halt list:[1.8821389596216807, 0.009880749574105622, 0.00033288948069241014, 0.0006259780907668231, 0.002503576537911302, 0.0, 0.05101700566855619, 0.0, 0.035844673083305675, 0.015034965034965035, 0.0, 0.007840574975498203, 0.007233895969686531, 0.0, 0.015625, 0.007694881231180997, 0.02389705882352941, 0.015086206896551725, 0.014992025518341308, 0.015562794064422729, 0.0, 0.021691176470588235, 0.006289308176100629, 0.0, 0.0, 0.0006720430107526882, 0.0, 0.0, 0.004510756419153366, 0.0043997485857950975, 0.029472954230235784, 0.015013054830287207, 0.006993006993006993, 0.0, 0.01030242605516783, 0.03641732283464567, 0.019293775027302514, 0.005372733378106112, 0.018609550561797753, 0.0, 0.016605166051660517, 0.015573227302849569, 0.0, 0.0003204101249599487, 0.0, 0.0, 0.012221423436376708, 0.0, 0.007751937984496124, 0.04528681650452868, 0.003054989816700611, 0.01650485436893204, 0.000966183574879227, 0.019953441968739608, 0.003973509933774834, 0.021925316889345667, 0.0043859649122807015, 0.0, 0.004744154523890207, 0.0, 0.003424657534246575, 0.022439377488237423, 0.11286365229582895, 0.03231292517006803, 0.0, 0.0, 0.02966895690193629, 0.0, 0.0, 0.0, 0.006576783952647156, 0.0, 0.0, 0.0007352941176470588, 0.0003307972213033411, 0.0, 0.004307250538406317, 0.0019261637239165329, 0.0, 0.0, 0.005040957781978576, 0.028671551449506213, 0.0, 0.0, 0.0, 0.022587931590835754, 0.023451813851227556, 0.0046362339514978606, 0.0, 0.013464696223316914, 0.0006779661016949153, 0.017043478260869566, 0.0003448275862068965, 0.010648293141246476, 0.004267892317793828, 0.0017397355601948504, 0.0, 0.0, 0.0270362765229295, 0.0, 0.0003479471120389701, 0.01670792079207921, 0.0, 0.0224011200560028, 0.018524755810037048, 0.0, 0.001265022137887413, 0.0, 0.0, 0.0, 0.0, 0.0, 0.0, 0.00979706088173548, 0.05981794538361508, 0.0, 0.04, 0.0051468362095065095, 0.0, 0.0006770480704129993, 0.0, 0.00034048348655090226, 0.0, 0.0, 0.0, 0.01135626216742375, 0.021045485403937542, 0.0, 0.016725635252492762, 0.0010596962204168139, 0.0006466214031684449, 0.0, 0.0, 0.0, 0.0020060180541624875, 0.0, 0.0019187719859290054, 0.01607142857142857, 0.00031496062992125983, 0.00829588662288282, 0.005146349308459312, 0.025684931506849314, 0.0003627130939426913, 0.018201284796573874, 0.0007005253940455342, 0.001401541695865452, 0.016408961817608078, 0.006682258603407952, 0.0, 0.00032268473701193933, 0.0, 0.0, 0.0, 0.0, 0.03352719808416011, 0.0023939808481532147, 0.00996221229817932, 0.01814646791963707, 0.03761436801084378, 0.0, 0.0009202453987730061, 0.02358490566037736, 0.003089598352214212, 0.013543191800878478, 0.0026899798251513113, 0.003083247687564234, 0.01505927587311759, 0.012368133866860677, 0.021284143313231644, 0.03788706739526412, 0.0003243593902043464, 0.003115264797507788, 0.005758807588075881, 0.0, 0.0009871668311944718, 0.0, 0.004531195538515162, 0.007607192254495159, 0.0, 0.0, 0.0, 0.0, 0.0011411182959300114, 0.0, 0.0, 0.0011123470522803114, 0.0003831417624521073, 0.0023102310231023103, 0.0, 0.028391167192429023, 0.0, 0.0, 0.023100100435219283, 0.0, 0.01655512504402959, 0.0010291595197255575, 0.0, 0.0, 0.0, 0.0]
speed reward list:[0.0, 0.0, 0.0, 0.0, 0.0, 0.0, 0.0, 0.0, 0.0, 0.0, 0.0, 0.0, 0.0, 0.0, 0.0, 0.0, 0.0, 0.0, 0.0, 0.0, 0.0, 0.0, 0.0, 0.0, 0.0, 0.0, 0.0, 0.0, 0.0, 0.0, 0.0, 0.0, 0.0, 0.0, 0.0, 0.0, 0.0, 0.0, 0.0, 0.0, 0.0, 0.0, 0.0, 0.0, 0.0, 0.0, 0.0, 0.0, 0.0, 0.0, 0.0, 0.0, 0.0, 0.0, 0.0, 0.0, 0.0, 0.0, 0.0, 0.0, 0.0, 0.0, 0.0, 0.0, 0.0, 0.0, 0.0, 0.0, 0.0, 0.0, 0.0, 0.0, 0.0, 0.0, 0.0, 0.0, 0.0, 0.0, 0.0, 0.0, 0.0, 0.0, 0.0, 0.0, 0.0, 0.0, 0.0, 0.0, 0.0, 0.0, 0.0, 0.0, 0.0, 0.0, 0.0, 0.0, 0.0, 0.0, 0.0, 0.0, 0.0, 0.0, 0.0, 0.0, 0.0, 0.0, 0.0, 0.0, 0.0, 0.0, 0.0, 0.0, 0.0, 0.0, 0.0, 0.0, 0.0, 0.0, 0.0, 0.0, 0.0, 0.0, 0.0, 0.0, 0.0, 0.0, 0.0, 0.0, 0.0, 0.0, 0.0, 0.0, 0.0, 0.0, 0.0, 0.0, 0.0, 0.0, 0.0, 0.0, 0.0, 0.0, 0.0, 0.0, 0.0, 0.0, 0.0, 0.0, 0.0, 0.0, 0.0, 0.0, 0.0, 0.0, 0.0, 0.0, 0.0, 0.0, 0.0, 0.0, 0.0, 0.0, 0.0, 0.0, 0.0, 0.0, 0.0, 0.0, 0.0, 0.0, 0.0, 0.0, 0.0, 0.0, 0.0, 0.0, 0.0, 0.0, 0.0, 0.0, 0.0, 0.0, 0.0, 0.0, 0.0, 0.0, 0.0, 0.0, 0.0, 0.0, 0.0, 0.0, 0.0, 0.0, 0.0, 0.0, 0.0, 0.0, 0.0, 0.0]
tls reward list:[-0.007563890744434957, -0.00708944356310217, -0.006420806823584271, -0.0060572445462577324, -0.005864536707397523, -0.005590770083388101, -0.005887306930443516, -0.005507975700564439, -0.005817349915161826, -0.0056358209453556815, -0.0054431552416818185, -0.0055951642948143514, -0.005933279860293131, -0.005311951702272777, -0.005658141482125067, -0.0056168221374210976, -0.005382040258225239, -0.005526122793340692, -0.005285156478450671, -0.0058805920492567745, -0.005977270883806582, -0.005689968851479515, -0.005751951526427546, -0.005611277875151494, -0.005490557563445556, -0.005745190127000256, -0.005337557183355016, -0.0055812777519662635, -0.005629626824794142, -0.0054705671393189366, -0.005903987712731327, -0.005681521433784111, -0.005438085087871647, -0.005389788995655772, -0.005653341707235988, -0.005582155951271746, -0.005720482508893183, -0.00550688165077486, -0.005673731617649431, -0.005415899288820157, -0.0057253378709234675, -0.0054375260685493535, -0.005329171207738393, -0.005440274160354783, -0.005460638833064536, -0.005256856321930414, -0.005239353400103699, -0.0058898685650632145, -0.005328121381123695, -0.005699295680613549, -0.005519449289259586, -0.005277605467784002, -0.0053772671677145625, -0.005629506083996925, -0.005559874690941669, -0.005807050567551921, -0.005506635320286315, -0.005575186007308188, -0.0058794601241829916, -0.005776449331190386, -0.005796973921211616, -0.0057027260973799496, -0.005414188159297246, -0.005840826317925903, -0.0053626762347438696, -0.005402666443495457, -0.005387644768835963, -0.005605333739232129, -0.005606428385743927, -0.005753767058751919, -0.005437148402132819, -0.005595870370826559, -0.00544468153691581, -0.005769250613252445, -0.005262322711104718, -0.005581134435056844, -0.005617044635246521, -0.0054044003058930975, -0.005270757122941367, -0.005183900128428591, -0.005650673401429028, -0.005404554666344768, -0.0058070453537287054, -0.005357510552640087, -0.005329741008873315, -0.005269365364234603, -0.0056345853641739845, -0.005747024081713053, -0.005526279528226162, -0.0052811735713185065, -0.005583678208198227, -0.005837951958272442, -0.005513223107275882, -0.005291179335188686, -0.005584872385822059, -0.005759818167834636, -0.00595645744819632, -0.005930305898969866, -0.005467624524663781, -0.005625488955958683, -0.0057191388621683084, -0.005481577471941738, -0.005670611705066321, -0.005598731805876891, -0.005369917110691518, -0.005280853519421119, -0.005508464193260735, -0.005790170518955214, -0.005468128101318796, -0.005916793021803763, -0.005511055095319616, -0.005236283934966558, -0.005404564297941338, -0.005503469856063478, -0.00543426511182808, -0.0055320854436298654, -0.005634513948236524, -0.0050768539158500495, -0.005872317770352635, -0.005521281633361947, -0.005850047144663138, -0.005671914543027885, -0.005654626188932742, -0.005443462920261398, -0.0055686919061360834, -0.005589293674620889, -0.005352344522851451, -0.005607907188162231, -0.005469365811091612, -0.005711926763369627, -0.005553370918022954, -0.0056975972198356675, -0.00528930244279242, -0.0059057571236296675, -0.005791381878275307, -0.005705395072137719, -0.005280606346563126, -0.005614096013430567, -0.005376850617779866, -0.005338931842308055, -0.005443137460113777, -0.00550318210650473, -0.0057261915643692695, -0.005725133603207895, -0.00564180367735249, -0.005527586995714035, -0.004973811906253625, -0.005748953528455644, -0.005253132375830024, -0.005028324884733867, -0.005477658477088089, -0.005803120064187872, -0.005665913459097679, -0.005644830633907709, -0.005839214868217753, -0.0054170309217098115, -0.005562167872492509, -0.005513579853689703, -0.005664279872935658, -0.005758156781685633, -0.005356053785861053, -0.005412755642828376, -0.005680242846294015, -0.0058517673400064986, -0.005844264670969219, -0.00555260280483889, -0.0054205586716861475, -0.005491168291767654, -0.005712823811517562, -0.005531896386867177, -0.005578443758787683, -0.005569128147813127, -0.005595545112391714, -0.0055638062589354375, -0.005422024172228829, -0.005526527162088189, -0.0057497523621121505, -0.005693776134667343, -0.005476351859960715, -0.0055601864169378375, -0.005857949545392092, -0.005692026898822088, -0.005682655659230571, -0.005706881169570255, -0.005641970735568778, -0.006018323987914631, -0.0056909141682346745, -0.0056757967478373245, -0.005531495420825472, -0.005671203357232976, -0.005458156934384944, -0.0060001520867888165, -0.005678780110725588, -0.005573575981536713, -0.005317199662964193, -0.005578951737980932, -0.005600315144706857, -0.005912467283629915, -0.005699983306214458, -0.0057361010343953455]
target reward list:[-0.20968521040052318, 0.4997141555950968, 0.5520679085872064, 0.5229754447783891, 0.5652993089460118, 0.5721612510284696, 0.5253187896853575, 0.5478587073012444, 0.5280641928118105, 0.5390239676522306, 0.5615055610041753, 0.5325889618301369, 0.5534876724213603, 0.5553062107137902, 0.533037119664438, 0.5663304808041238, 0.5274867204297636, 0.5592733068542913, 0.5279240217711773, 0.5354189056384868, 0.5654459619764339, 0.5842727599019487, 0.5687788116290574, 0.5783726068549849, 0.5636171673610797, 0.5498239773219341, 0.5605766898342553, 0.5518954203698966, 0.5883709910216406, 0.5349970493045065, 0.5521288796563215, 0.5484950278159347, 0.5906285408109893, 0.5189965308491443, 0.5507406663545612, 0.5280242935153376, 0.5658133551289047, 0.5851373111638093, 0.5387411367926517, 0.5660177962312025, 0.5536943968446186, 0.5536085155252451, 0.5500998609358118, 0.5386905961985852, 0.5584017282701439, 0.5637666374063082, 0.5349428635872739, 0.5647582966644539, 0.5538095751228608, 0.5017085596945449, 0.5398676632448032, 0.5718497700362724, 0.5629283125657149, 0.5391759854419105, 0.5352178511216292, 0.5139943461110397, 0.5354573918091757, 0.5665554742304191, 0.5369050882447304, 0.5762745152770855, 0.5259628823343508, 0.5659713336301133, 0.482261369706619, 0.5306708054291397, 0.5378693805321536, 0.5351747263444506, 0.5185215860688274, 0.526548005173, 0.5685703766259059, 0.5646932762355074, 0.5502099206180083, 0.5596677906583186, 0.5663401878708814, 0.5347989038529382, 0.5640317400186451, 0.568407820678212, 0.5588571818508001, 0.5307975733631731, 0.5739872652848124, 0.5409283593823782, 0.5044957588030261, 0.515546401010757, 0.5394122799511349, 0.5658644869781212, 0.5098244166241993, 0.5748750406070499, 0.5345929865244929, 0.5420899910814451, 0.5575003917891704, 0.5476956221390193, 0.5501139761683551, 0.5595057624233808, 0.537557553117461, 0.5416133648483005, 0.5389372207806039, 0.5489618485488413, 0.5312940068780959, 0.5373805335821038, 0.5516561687628186, 0.5185587349971209, 0.5565914187929766, 0.5128697244835124, 0.5337892093740899, 0.535104827792995, 0.5374349563879874, 0.5251844290972096, 0.5179589344483359, 0.5049968447326357, 0.5333026517223716, 0.5646867120056313, 0.513715245341107, 0.563064038302728, 0.5234952496153663, 0.560380911289977, 0.51342329360418, 0.564933557019548, 0.5435738222688536, 0.5304184429509801, 0.5638450397212635, 0.5206065185240478, 0.5378652563746601, 0.5197064987362301, 0.5357458429743914, 0.5463073328478264, 0.5447466263868754, 0.5219725406570088, 0.5713192609778404, 0.5328131581014451, 0.5145371111585718, 0.5297263935119686, 0.5173068345905698, 0.5604586782774725, 0.5197336522716437, 0.5561277717308039, 0.5612682121829321, 0.5519838849433173, 0.5396279516501657, 0.543801085320622, 0.5256280061600467, 0.535878093258604, 0.5289181129459825, 0.5277339539024442, 0.5526663309917733, 0.5117156401596903, 0.5760824120919659, 0.5728656636558046, 0.5113679426910167, 0.5106769392720882, 0.5286413752675374, 0.49319193984608206, 0.5320991022424375, 0.5484805522816085, 0.5538508268135154, 0.5582871199196997, 0.5372158576166632, 0.522555759411398, 0.5484448044490962, 0.5308156271858757, 0.4784562143244299, 0.5226620679155812, 0.5525170802999393, 0.5161412139241371, 0.5574183262006499, 0.5134983571467512, 0.5161438211435607, 0.5324087385684215, 0.521871594429559, 0.5722019075507824, 0.5376163021449827, 0.5251799376589696, 0.5063410941994981, 0.5647181407197057, 0.5359812717522625, 0.5623429097968798, 0.5364735782028063, 0.5693339125946617, 0.5407295753872011, 0.5238618929015121, 0.5000428734576104, 0.5409297992296473, 0.48884159049764453, 0.5242038840304948, 0.5211304057123273, 0.5280417055856885, 0.5306612879125312, 0.5553256153094558, 0.5477842607677275, 0.5162932247306893, 0.5215103423157642, 0.49925694091950273, 0.5495149136093865, 0.5553609301462803, 0.5612514742076604, 0.535784793522815, 0.5294851764877058, 0.5305877086407468, 0.5376582407640336, 0.5416966576622398, 0.5334886993738555, 0.5394564766403621]
safe reward list [0.0, 0.0, 0.0, 0.0, 0.0, 0.0, 0.0, 0.0, 0.0, 0.0, 0.0, 0.0, 0.0, 0.0, 0.0, 0.0, 0.0, 0.0, 0.0, 0.0, 0.0, 0.0, 0.0, 0.0, 0.0, 0.0, 0.0, 0.0, 0.0, 0.0, 0.0, 0.0, 0.0, 0.0, 0.0, 0.0, 0.0, 0.0, 0.0, 0.0, 0.0, 0.0, 0.0, 0.0, 0.0, 0.0, 0.0, 0.0, 0.0, 0.0, 0.0, 0.0, 0.0, 0.0, 0.0, 0.0, 0.0, 0.0, 0.0, 0.0, 0.0, 0.0, 0.0, 0.0, 0.0, 0.0, 0.0, 0.0, 0.0, 0.0, 0.0, 0.0, 0.0, 0.0, 0.0, 0.0, 0.0, 0.0, 0.0, 0.0, 0.0, 0.0, 0.0, 0.0, 0.0, 0.0, 0.0, 0.0, 0.0, 0.0, 0.0, 0.0, 0.0, 0.0, 0.0, 0.0, 0.0, 0.0, 0.0, 0.0, 0.0, 0.0, 0.0, 0.0, 0.0, 0.0, 0.0, 0.0, 0.0, 0.0, 0.0, 0.0, 0.0, 0.0, 0.0, 0.0, 0.0, 0.0, 0.0, 0.0, 0.0, 0.0, 0.0, 0.0, 0.0, 0.0, 0.0, 0.0, 0.0, 0.0, 0.0, 0.0, 0.0, 0.0, 0.0, 0.0, 0.0, 0.0, 0.0, 0.0, 0.0, 0.0, 0.0, 0.0, 0.0, 0.0, 0.0, 0.0, 0.0, 0.0, 0.0, 0.0, 0.0, 0.0, 0.0, 0.0, 0.0, 0.0, 0.0, 0.0, 0.0, 0.0, 0.0, 0.0, 0.0, 0.0, 0.0, 0.0, 0.0, 0.0, 0.0, 0.0, 0.0, 0.0, 0.0, 0.0, 0.0, 0.0, 0.0, 0.0, 0.0, 0.0, 0.0, 0.0, 0.0, 0.0, 0.0, 0.0, 0.0, 0.0, 0.0, 0.0, 0.0, 0.0, 0.0, 0.0, 0.0, 0.0, 0.0, 0.0]
speed list [15.27359559373534, 15.129040774437001, 15.074609775761601, 15.067479333306304, 14.956797438514853, 15.170395689380436, 14.708565093744031, 15.206750169767917, 15.01525294600091, 14.779076174573762, 15.134191575906398, 15.005834611306728, 14.942698172843565, 15.214927172093473, 15.134304253822926, 15.398488918189466, 14.692099866268, 14.826891732175167, 14.85911465798395, 14.809670711540063, 15.101728856866073, 15.156799279789338, 15.206956041077975, 15.410801370475687, 15.06809886977466, 15.147823848082316, 15.248616572257015, 15.1359689712418, 15.33895608573277, 14.988900503231061, 14.871994087886725, 15.040911101462482, 15.412971418336816, 14.903342889137924, 15.181016766181104, 15.065659953871636, 15.09804459147992, 15.04267925215326, 14.921527067773876, 15.188615388427243, 15.17786575647931, 15.143903030529222, 15.3292174333846, 14.897984946811242, 15.13259874154776, 15.168855770414352, 14.89551196298114, 15.022260528437831, 15.211777458333497, 15.125000606417501, 15.231052751706757, 15.179301634702476, 15.279741531846339, 14.708877706277871, 15.232862386747263, 14.957892309378312, 14.974693318702679, 15.167885569772789, 15.196660674115702, 15.123625747968841, 14.873001051557663, 14.86840124763367, 13.95925643428384, 15.231326591340324, 15.076324293422136, 15.074153549298547, 15.026582440205917, 15.002691097089594, 15.297404273559847, 14.953021210881719, 15.17504331406373, 14.947984723217655, 15.223699026821222, 15.161193794887131, 15.20058897220225, 15.165496885113606, 15.100531568827328, 15.116914247949328, 15.343544581619692, 15.189953562820465, 15.068452144968441, 15.048082225360213, 14.991132378231715, 15.188761215534338, 15.313154376463372, 15.17712665129744, 15.067936254253985, 15.236990255195645, 15.068500755514572, 15.260666019474131, 15.194772095955528, 15.10475778992867, 14.908968324291063, 15.080893627775252, 15.061865538681268, 15.111470258028106, 15.114788783583093, 15.244855572439747, 15.212733424950377, 15.032212024436737, 15.036457916370466, 15.248476628861209, 15.068141678918773, 14.877142487470055, 14.834638425511333, 15.031844135561093, 15.144947194919325, 14.771058155253765, 15.11520736957256, 15.243470758312045, 15.119447687571762, 15.240809881301796, 15.305768305297846, 15.094810589861073, 14.49481780261688, 15.124359181945522, 14.987466839995868, 15.0160137173849, 15.074353383498064, 14.953687409874462, 14.955955600192356, 14.918664982858488, 15.186167664279255, 15.145539322614516, 14.79370518612482, 14.991894576183356, 15.066530706246779, 14.898245456052148, 15.112454682010066, 15.231543006238983, 14.990440376779079, 15.231152491804847, 15.163093561592747, 15.053414445261618, 14.972204804661454, 15.18418524800764, 15.018630421663293, 14.96190788957303, 15.097871121888717, 15.123028144208005, 15.161398865755542, 14.921341564466765, 15.083442127452196, 14.72183061905915, 15.32449835019798, 14.925086699693644, 15.229072064682446, 15.17992472476637, 15.287639941075165, 14.70336282136428, 15.167116083613774, 15.077689317232805, 15.424654382847784, 15.15345688208589, 15.136860734347302, 14.904287823524955, 15.110081899817915, 14.962168987394277, 14.56155400865456, 14.843561115214246, 15.156071615777691, 14.933948257578463, 14.972954705890613, 14.959138745416858, 14.955440534163875, 15.117579590237032, 15.095994160868782, 15.284858849588922, 15.106542649296753, 15.02279194030833, 15.288943006776362, 15.332850066388128, 15.100903159806386, 15.19355586705827, 14.97866744957467, 15.219163825497509, 15.125168946825303, 14.996965435137287, 14.93474734390162, 15.261158842999818, 15.091506230062235, 15.131233097479562, 14.737446930096203, 15.043118033438768, 14.989939773855394, 15.002547237784784, 15.069547322537565, 15.176634981556866, 14.942961911442683, 14.411809843786978, 14.987401245251913, 15.153022867373735, 15.182793857469042, 15.200945597369303, 15.046789655146245, 14.878085118265286, 15.00202024972151, 15.240852581535721, 15.13400998469088, 15.035872272966781]
ec list [59.54910221859834, 58.006833082588585, 57.67884742998899, 57.63231819166105, 57.491289683143286, 57.51877456863081, 57.58386930029251, 57.354449929113905, 57.55072749306126, 57.32601937492813, 57.389833015339754, 57.5233496899789, 57.41082868454342, 57.36144406332976, 57.32466284149965, 57.374095938812815, 57.36989483183566, 57.09892332659398, 57.0539742409453, 57.70884407823693, 57.62658076486129, 57.36080217390985, 57.36841453728902, 57.25215650453321, 57.398358817186846, 57.393129818625894, 57.13529959523225, 57.35456029071934, 57.2210219317667, 57.460235651105485, 57.67432812922807, 57.40049709043713, 57.28543114755109, 57.217112478038814, 57.388631661085896, 57.18051168303015, 57.08310130957025, 57.3656114431455, 57.4615515863843, 57.22763631969504, 57.208042912280206, 57.3807974747936, 57.442517000915316, 57.3617803618801, 57.27288887568858, 57.24001648830786, 56.930024272054574, 57.30315213755062, 57.46465198141047, 57.383091821691394, 57.40598329979187, 57.433440253025324, 57.43246316548186, 57.51210461672729, 57.49993959144489, 57.39271049423452, 57.5051190502923, 57.06322303876068, 57.444661636554216, 57.312623033383424, 57.381379005868986, 57.34952452820781, 58.21648546749167, 57.54549557145194, 57.260315369487444, 57.20315265380414, 57.365535305855886, 57.13805462538452, 57.28341089782774, 57.274494932574434, 57.40928625111303, 57.09637186142119, 57.381222567276716, 57.31242307196691, 57.20270526005037, 57.60724528817744, 57.299551954587244, 57.292950840356404, 57.00254983249556, 57.28765268312716, 57.60373443934245, 57.3863766648666, 57.49298102456859, 57.29268276561403, 57.05495738216365, 57.38319805951002, 57.37128021287431, 57.383335084085175, 57.32930771076877, 57.117498137993586, 57.351930227219604, 57.431044024735755, 57.304789376781166, 57.457981451129314, 57.33865589468012, 57.55795084046559, 57.25155404274341, 57.40402052259707, 57.33466814034645, 57.29302788613214, 57.39744524302934, 57.41914953968305, 57.14963841071172, 57.30787774413676, 57.23299079434037, 57.37263797276834, 57.28108642632789, 57.333842118750624, 57.31743256621891, 57.39268859075972, 57.29075375191026, 57.26234032702189, 57.428292103253376, 57.111585334270494, 57.66546567033802, 57.44660701373729, 57.30892304110668, 57.365343190514466, 57.556040248440176, 57.29083578290411, 57.47801212870211, 57.34177864218414, 57.28954095730102, 57.27786608097964, 57.18442247544303, 57.34092846047462, 57.24423404271969, 57.359597686060525, 57.312204881999904, 57.363603955525605, 57.18249005297997, 57.36155162539381, 57.15635732976321, 57.43084672787675, 57.26458899566027, 57.08500468837098, 57.373396530874054, 57.466871948562044, 57.29642310069541, 57.245887998829225, 57.158861257634946, 57.23435449713364, 57.57495289434086, 57.34517034446565, 57.1188362503332, 57.54138345238827, 57.11596770336952, 57.51973728755545, 57.36568028170967, 56.97256554350693, 57.19300106005232, 57.20461543720057, 57.439803272142925, 57.42330149410941, 57.62487785714012, 57.32300750379516, 57.41270782758272, 57.41177634296155, 57.73510508503892, 57.22316006510015, 57.51007127189047, 57.36846529685504, 57.15126501697652, 57.36881785445774, 57.24924164527095, 57.29161330728563, 57.28275847324723, 57.33314913660338, 57.25053341888952, 57.357687420057246, 57.591204139391714, 57.217295133396526, 57.328331275364384, 57.42744743286004, 57.12161163015924, 57.52863478877581, 57.26799575037542, 57.51845170105868, 57.2518495168444, 57.286994129940325, 57.438375204215426, 57.52087423322984, 57.37072750297721, 57.355686874309896, 57.297807345690494, 57.30547190524327, 57.22246092795148, 57.4081148856664, 57.3013451466777, 57.470377937945685, 57.39119313104447, 57.5460875548317, 57.51257294786959, 57.37813395968015, 57.19947634924439, 57.53205032035507, 57.29593561754461, 57.28162172825022, 57.42830326872334, 57.41633428816065]
jerk list [0.15433905135741222, 0.39799695180214445, 0.3853977930198477, 0.4012944942137919, 0.39153251220092, 0.376243900666466, 0.3902178861715873, 0.3746036820404091, 0.382573443199168, 0.38294027373578726, 0.3688287699109861, 0.37742417800276684, 0.386175086258335, 0.35562131158424864, 0.36503453390644486, 0.35545755531571593, 0.3826570858371276, 0.36999844394129333, 0.37523564115845925, 0.40267763432983306, 0.3799653105776391, 0.3721952748890356, 0.37020090933627825, 0.36529880241618035, 0.3927085739400324, 0.36840763728664816, 0.35546602702309876, 0.37245755303458955, 0.36465407491360013, 0.38784034985743415, 0.38872324826077537, 0.37873259677283877, 0.36187377961693207, 0.37711921292156314, 0.3652308130823371, 0.36908454876748176, 0.3769852448951472, 0.3889651514650377, 0.3815874472257365, 0.36123973305408613, 0.37434280109860407, 0.3700818453352108, 0.36298841273699245, 0.3921225155037329, 0.37833738741585504, 0.37361120185834856, 0.3686100563568731, 0.3926625806441745, 0.38833815450489056, 0.38008249999598287, 0.37923579324022605, 0.37507208476032794, 0.37451198733793317, 0.3921811664215683, 0.40146013161851957, 0.397823919676691, 0.39799525657522394, 0.38288656733040727, 0.3904883116067941, 0.40318002462996, 0.41406986843478477, 0.4031472041005178, 0.4053133237524547, 0.3848917768822427, 0.3959259363489634, 0.3929090904124527, 0.4008177972947251, 0.39445761547685937, 0.3809343338972324, 0.41396281564464743, 0.3944079256234511, 0.3957657204261536, 0.3981548317752681, 0.38950957142377796, 0.38734412228902715, 0.41047480839826, 0.3921809557722593, 0.40265675742425494, 0.3681646877739653, 0.3909845047884506, 0.402908501172265, 0.3890296610675714, 0.4085023414353794, 0.3888555836589873, 0.3853515393781898, 0.40089592508299676, 0.39401507359440796, 0.3939695209214403, 0.40589512015431684, 0.3740196332179493, 0.3953033264966346, 0.40080909094234424, 0.4123943972189679, 0.40165905867686214, 0.41160035846183085, 0.41258563576985086, 0.403020968999957, 0.40347276666777826, 0.38972070091257716, 0.4118208552113666, 0.40975633015772933, 0.3847835012526897, 0.39558827868269114, 0.41194540337960206, 0.3988442941571242, 0.40624030028970487, 0.4025037089479503, 0.4161557900884606, 0.3979941084148385, 0.4010411823630036, 0.3970190093989311, 0.39119917581411556, 0.39680360368985207, 0.3974262827388789, 0.42316500697164655, 0.4092315397791393, 0.39837791363605146, 0.39376853097047027, 0.41048962217246127, 0.4107968601011763, 0.42419728351533065, 0.417148173675064, 0.4076254337942577, 0.3882992488849406, 0.4170078445127201, 0.40548300186007113, 0.39124617813516455, 0.4212553588981131, 0.3874234682444936, 0.390699986413899, 0.4091117959175112, 0.40076300139133253, 0.3818803959083634, 0.4083304477038062, 0.41083711161216124, 0.3949471233293061, 0.393423557464598, 0.4102114782678109, 0.4130488686950709, 0.3819970747626119, 0.38996825008588387, 0.3992153129134789, 0.41039087660090384, 0.41343954502051633, 0.37863023515450017, 0.3990609079273603, 0.38974378113197, 0.4026180573315838, 0.3955274141628952, 0.4113198544025114, 0.39462562844591864, 0.4099915243003199, 0.3971050842260753, 0.4072562360475072, 0.4136514494681224, 0.404628861632575, 0.402461011190357, 0.4013047924144233, 0.4173164343354737, 0.3981215414281343, 0.39573397385904213, 0.386808949965177, 0.41282620082964283, 0.39754183231110746, 0.4167926178190684, 0.4017831658080645, 0.40378046587027994, 0.37953920998131196, 0.40177751818274415, 0.39551249610046946, 0.3959954652422331, 0.3826532910591305, 0.4050295388983604, 0.4047101949501469, 0.4157864247357883, 0.39453554254388284, 0.3954440961366476, 0.4157595181786452, 0.4037740134639611, 0.39274043927023294, 0.4097672944899246, 0.4116789322320741, 0.411876552928103, 0.41060513917512537, 0.41367229986843085, 0.41907582290468826, 0.3766667113013301, 0.39776210608420814, 0.40410250699200356, 0.43035246527281457, 0.40931974747471805, 0.4104564591215576, 0.39944438309151226, 0.39960278458928367, 0.40202485466596805, 0.4222740963037511, 0.40220215594461595, 0.40431538533877653, 0.4120683425780455, 0.4139246185399103]