
Env:SUMO, Algorithm:MADDPG, Device:cuda:1
-----------------------------------------
{'algo': 'MADDPG', 'env': 'SUMO', 'seedVal': 20150427, 'gamma': 0.9, 'epsilon': 0.001, 'critic_lr': 0.005, 'actor_lr': 0.0001, 'memory_capacity': 1000000, 'batch_size': 512, 'train_eps': 200, 'eval_eps': 10, 'epsilon_start': 3, 'max_speed': 28, 'target_update': 4, 'hidden_dim': 256, 'soft_tau': 0.05, 'max_action': 2, 'device': device(type='cuda', index=1), 'simulation_steps': 3600, 'pathToSumoFiles': 'rou_net2_single', 'model_dest_path': 'models/', 'model_dest_path_leader': 'ep200_', 'model_dest_path_follow': '', 'logName': 'ep200_gamma0.900000_tua0.050000.txt', 'procID': 13}
seed 20150427
当前的gamma是0.9, 当前的soft tau是0.05
-----------------------------------------
model saved successfully!
Complete training!
final reward list:[-0.3543041869355549, 0.3507862224680584, 0.502256786457446, 0.5087461270187998, 0.547512235833605, 0.5540238121773466, 0.5262925380865738, 0.5455585795904452, 0.5195295458141841, 0.5301350570328887, 0.5584533647043766, 0.5362128007456315, 0.5578235934945669, 0.5577298446596398, 0.5280030039136064, 0.569632813390176, 0.5443788578407708, 0.48531730086766184, 0.5189598559005874, 0.5209690715671712, 0.5494321585425851, 0.5667942921135477, 0.5388007114240643, 0.5616803403964324, 0.5384359042444641, 0.5498389738163402, 0.5268141895963482, 0.5259801278094051, 0.5505317419061664, 0.5251092413144539, 0.5289917000257961, 0.5475594222198665, 0.559208378500365, 0.5144653314010763, 0.5302460747603323, 0.5416864184764415, 0.5784422392827684, 0.5776126362411175, 0.5088564609796354, 0.5519581086041836, 0.5584659966525687, 0.45932831195980883, 0.5641380510126339, 0.5276351725978918, 0.5526637274967775, 0.5406321772679189, 0.5381888284977853, 0.5505456169616232, 0.5765519780439058, 0.5293362218605655, 0.5558673233952881, 0.5407590356002189, 0.5717027978703783, 0.5043602174728814, 0.5471188782633672, 0.5462886238565416, 0.5320772794930526, 0.5671897247345041, 0.5492565545549201, 0.5583284237413689, 0.523801735783447, 0.510645032262085, 0.4904019596450545, 0.5311103513860248, 0.5124720622655734, 0.520431535085305, 0.5239356901185793, 0.5437846442638061, 0.5694382315518559, 0.5830830338083806, 0.5554036540858031, 0.5782200518507655, 0.5657857698172605, 0.5166378404555991, 0.5631897444085423, 0.580062078572478, 0.5479620904683524, 0.532506362121566, 0.5739225726034801, 0.5530840888830811, 0.5438338324240493, 0.5246977960148603, 0.5522537687164085, 0.5565906309772138, 0.538137915533079, 0.5609947027421297, 0.53511114168269, 0.5608950204775773, 0.5438102580929725, 0.5721065877000668, 0.5363263182180179, 0.5457980298896937, 0.5336553440414847, 0.5220188385369777, 0.5454902534842971, 0.5537188447029501, 0.535660246725275, 0.5215587926047371, 0.5473306748023402, 0.5347693756642392, 0.5626697657838913, 0.5193308307643127, 0.5481942132862007, 0.5122734844991865, 0.5514852192915848, 0.539234237502606, 0.5338306207321278, 0.5388748142381515, 0.5276093873859082, 0.5665789627240029, 0.5077533672981972, 0.5640887375094172, 0.5283982477093353, 0.5519344466645664, 0.49700239965593296, 0.5572143143974124, 0.5154751370695453, 0.49757838801260296, 0.5354783139811913, 0.5332517859696583, 0.5468987525573134, 0.5269003038567448, 0.5625535990302294, 0.5617525429224964, 0.5334500183754181, 0.5071189231656026, 0.5639364087463106, 0.5409344140663166, 0.5224208228533374, 0.5468682160976724, 0.5430928298203399, 0.531122614682869, 0.5364172227816748, 0.566537737625904, 0.5675523465431086, 0.538703847008832, 0.5476863245598822, 0.5448651683508957, 0.5319005852811348, 0.5467454346384761, 0.5236604873203582, 0.5200135590045284, 0.5573967400689978, 0.4909537090179157, 0.5607650134333944, 0.55992594288688, 0.4933937388481925, 0.5292999597496455, 0.540106834172247, 0.490218750178576, 0.5476950293226898, 0.5692480396692661, 0.5313585160394952, 0.558006297583831, 0.5302166073583136, 0.5347513252340389, 0.5388831423034032, 0.5232274648228448, 0.4982872977558103, 0.5340675429089677, 0.5405951702250377, 0.5175215843685631, 0.5466585701648277, 0.5063779523845983, 0.5383653725998093, 0.5408675517470051, 0.539109498076563, 0.5673743141807852, 0.5533141284350108, 0.49341963192503313, 0.5199472410552048, 0.5687466311521053, 0.5241154938857135, 0.5550204861474393, 0.53060293769627, 0.5607527241863389, 0.5516953095893081, 0.5232302271692011, 0.5292886668118428, 0.5352116974258447, 0.5022071950355865, 0.5273008775922858, 0.5300992014149097, 0.5276612656283528, 0.5466872844589163, 0.5320873379235572, 0.532894856570029, 0.5498138511554442, 0.5298763570182066, 0.4821008124909099, 0.5355653821682984, 0.569794628725763, 0.5404626726541806, 0.5476828902343931, 0.5540829423338111, 0.5043126352361049, 0.5315084422855922, 0.5523532299542485, 0.5385115803754355, 0.5253008948822442]
final halt list:[1.8342420937840784, 0.16280653950953677, 0.006993006993006993, 0.01189358372456964, 0.005718370264474625, 0.030833917309039945, 0.14304768256085362, 0.015511551155115511, 0.048140770252324036, 0.11429570080391471, 0.014724310776942355, 0.023202614379084968, 0.007578367206338271, 0.0, 0.011064106736088514, 0.006691201070592171, 0.011631466176920723, 0.1400359066427289, 0.008601465434851864, 0.017010495837857402, 0.015171503957783642, 0.01617052554208012, 0.005239259517988124, 0.0, 0.0, 0.0, 0.0, 0.0, 0.0006939625260235947, 0.02042740414833438, 0.037768537768537766, 0.0, 0.0013302294645826404, 0.0, 0.021919628030554632, 0.04330708661417323, 0.0072806698216235895, 0.0036937541974479517, 0.10319410319410319, 0.00804289544235925, 0.008483954260420508, 0.25853496851176666, 0.0012861736334405145, 0.017616912235746317, 0.0017488632388947185, 0.0, 0.016163793103448277, 0.0, 0.0, 0.03825503355704698, 0.004076086956521739, 0.01715210355987055, 0.016097875080489377, 0.07618097139055223, 0.0006618133686300463, 0.018499486125385406, 0.00708502024291498, 0.0, 0.0016943409013893595, 0.0, 0.013360739979445015, 0.023154848046309694, 0.07503506311360449, 0.0550833049982999, 0.0, 0.0009428032683846638, 0.00967842647517952, 0.0, 0.0, 0.004089219330855019, 0.012167050312397237, 0.0, 0.0, 0.006612784717119765, 0.0, 0.0, 0.00969479353680431, 0.0006418485237483953, 0.0, 0.0, 0.000630119722747322, 0.014012738853503185, 0.020457697642163663, 0.0, 0.0, 0.001936108422071636, 0.00402930402930403, 0.0003566333808844508, 0.003986710963455149, 0.0, 0.0, 0.04453723034098817, 0.0003444712366517396, 0.014719699342311305, 0.010167267956707117, 0.0, 0.0, 0.0, 0.01403148528405202, 0.02124128775307003, 0.0013917884481558804, 0.012372409526755336, 0.0, 0.040952047602380116, 0.0006738544474393531, 0.0, 0.001264622194119507, 0.0, 0.0, 0.0, 0.0009624639076034649, 0.0, 0.0, 0.0003498950314905528, 0.006178861788617886, 0.0, 0.03164116828929068, 0.0, 0.0, 0.0, 0.00580997949419002, 0.0, 0.0, 0.0, 0.0, 0.015235008103727715, 0.0, 0.0, 0.001607717041800643, 0.0028268551236749115, 0.0, 0.0, 0.0, 0.0, 0.00802407221664995, 0.0, 0.00031969309462915604, 0.0075, 0.004725897920604915, 0.04286208088489457, 0.0019305019305019305, 0.025008564576909902, 0.0, 0.020684736091298145, 0.0028021015761821367, 0.001751927119831815, 0.000315357931251971, 0.01937854994988306, 0.0, 0.0016134236850596966, 0.0, 0.0, 0.0, 0.0, 0.0383167978104687, 0.00683526999316473, 0.02265705458290422, 0.009718172983479106, 0.01626567265333785, 0.06943942133815552, 0.003986507206378411, 0.017422867513611617, 0.0, 0.027462467960454047, 0.00773369199731002, 0.004453579993148339, 0.008968609865470852, 0.0036350418029807343, 0.004966300106420717, 0.00619533527696793, 0.0, 0.014527845036319613, 0.009488309047780414, 0.0, 0.0003289473684210526, 0.05217680292455965, 0.003487966515521451, 0.00034578146611341634, 0.0, 0.0010186757215619694, 0.0, 0.016404419149648478, 0.0007601672367920942, 0.0, 0.041304347826086954, 0.005932517612161661, 0.0, 0.003961703532518983, 0.0, 0.07851384507535927, 0.0, 0.0, 0.023100100435219283, 0.00034916201117318437, 0.03873239436619718, 0.00823045267489712, 0.0, 0.0, 0.0, 0.015430072225869994]
speed reward list:[0.0, 0.0, 0.0, 0.0, 0.0, 0.0, 0.0, 0.0, 0.0, 0.0, 0.0, 0.0, 0.0, 0.0, 0.0, 0.0, 0.0, 0.0, 0.0, 0.0, 0.0, 0.0, 0.0, 0.0, 0.0, 0.0, 0.0, 0.0, 0.0, 0.0, 0.0, 0.0, 0.0, 0.0, 0.0, 0.0, 0.0, 0.0, 0.0, 0.0, 0.0, 0.0, 0.0, 0.0, 0.0, 0.0, 0.0, 0.0, 0.0, 0.0, 0.0, 0.0, 0.0, 0.0, 0.0, 0.0, 0.0, 0.0, 0.0, 0.0, 0.0, 0.0, 0.0, 0.0, 0.0, 0.0, 0.0, 0.0, 0.0, 0.0, 0.0, 0.0, 0.0, 0.0, 0.0, 0.0, 0.0, 0.0, 0.0, 0.0, 0.0, 0.0, 0.0, 0.0, 0.0, 0.0, 0.0, 0.0, 0.0, 0.0, 0.0, 0.0, 0.0, 0.0, 0.0, 0.0, 0.0, 0.0, 0.0, 0.0, 0.0, 0.0, 0.0, 0.0, 0.0, 0.0, 0.0, 0.0, 0.0, 0.0, 0.0, 0.0, 0.0, 0.0, 0.0, 0.0, 0.0, 0.0, 0.0, 0.0, 0.0, 0.0, 0.0, 0.0, 0.0, 0.0, 0.0, 0.0, 0.0, 0.0, 0.0, 0.0, 0.0, 0.0, 0.0, 0.0, 0.0, 0.0, 0.0, 0.0, 0.0, 0.0, 0.0, 0.0, 0.0, 0.0, 0.0, 0.0, 0.0, 0.0, 0.0, 0.0, 0.0, 0.0, 0.0, 0.0, 0.0, 0.0, 0.0, 0.0, 0.0, 0.0, 0.0, 0.0, 0.0, 0.0, 0.0, 0.0, 0.0, 0.0, 0.0, 0.0, 0.0, 0.0, 0.0, 0.0, 0.0, 0.0, 0.0, 0.0, 0.0, 0.0, 0.0, 0.0, 0.0, 0.0, 0.0, 0.0, 0.0, 0.0, 0.0, 0.0, 0.0, 0.0, 0.0, 0.0, 0.0, 0.0, 0.0, 0.0]
tls reward list:[-0.007177071461960935, -0.007868790044774117, -0.007147778465126431, -0.0063893561828004064, -0.00628468940857169, -0.006096669328343508, -0.006118237880642443, -0.005970478822092377, -0.006049524600094708, -0.005677073315368002, -0.005436750506346549, -0.0054170712893323305, -0.0059518712941530084, -0.005218375985070189, -0.005530732709454945, -0.005487188842545784, -0.00497990568576996, -0.0057070340643653045, -0.00496331136120798, -0.005375913497523217, -0.0057099702786687235, -0.005738095666364176, -0.005640985322293869, -0.00545578587558166, -0.0055325907571114425, -0.005167854546443255, -0.0053294003776182845, -0.005302909522032406, -0.005504294710292938, -0.005565350672912199, -0.005624194098883812, -0.005614976075165973, -0.005392301967118926, -0.005483548541647815, -0.005477510724336954, -0.005468407200114124, -0.0055703277431906235, -0.0053531245842907225, -0.00563583533351088, -0.005427954346615498, -0.005735387393478434, -0.005882301648573749, -0.0051586087316027865, -0.005581582173529266, -0.005328945172053929, -0.005274611988718327, -0.005360531130049339, -0.00579845866226842, -0.00539273643080685, -0.005739916782815418, -0.005505874167145812, -0.00528880830605023, -0.005276466888635679, -0.005534873401499399, -0.005388707529331633, -0.00577949887468148, -0.005307725004649215, -0.005347444868148378, -0.005815115852838138, -0.005677632488001507, -0.005672847064272318, -0.005780175806452989, -0.005211088792555261, -0.005807444962668242, -0.00533421494493321, -0.005536328332446267, -0.005348058185469228, -0.005470716885388716, -0.005383013547594144, -0.005720580266827082, -0.005392254605932259, -0.005439167960097985, -0.005376405515330665, -0.005940265013856298, -0.00557326725121196, -0.005544804527772351, -0.005636845191739478, -0.005168551393932607, -0.005538921306469486, -0.00536132774963967, -0.005618481538882503, -0.005572798340101537, -0.005750750418218256, -0.005497262871674103, -0.005577548680739526, -0.005288860084927408, -0.005665283457393474, -0.0055300093028399205, -0.005498907464730948, -0.005384438640384315, -0.005635500932939961, -0.0059444338648842795, -0.005651081062421777, -0.0052687677979393645, -0.005626643090184215, -0.005705260038697794, -0.005872864370715692, -0.005894072459311359, -0.005320162974578898, -0.005737280642068185, -0.005669480528269365, -0.005236361245138514, -0.005697303311237408, -0.005490894346178908, -0.005247169273839986, -0.005219942151747896, -0.005487334958942086, -0.00565987939008953, -0.005544941052959872, -0.005746336406993943, -0.005536268119101285, -0.005249254648827368, -0.005249912180230579, -0.005525531386066219, -0.005329236376586773, -0.005455250188956394, -0.005747647898899264, -0.005301127185874551, -0.005876967977238035, -0.005586798135228605, -0.005791907626651185, -0.005793226503410904, -0.005737114606425399, -0.005436884667622135, -0.00536785261203336, -0.0055510012389751425, -0.00536020750110454, -0.005595004163947324, -0.00550852536563281, -0.005665169557941279, -0.005524624453356061, -0.0056625854109501805, -0.005387096248517494, -0.005784832237035028, -0.0055815037229959286, -0.0057094040956974035, -0.005159285517032752, -0.005531447660723383, -0.005246008774755519, -0.005365860624913425, -0.0053796692686836995, -0.005613163741277777, -0.005765406700932554, -0.005468254697320583, -0.005547804775763265, -0.005526562580518753, -0.005001265204334305, -0.005860179161396849, -0.005125664707820518, -0.005090064775533286, -0.005421842707981839, -0.0055553269833552394, -0.0055592215762834945, -0.00549754370969985, -0.005795186864940914, -0.005417481773365484, -0.005460961142327268, -0.005521170027020469, -0.005496993900651176, -0.00554566536046833, -0.00529381801855221, -0.005564828310820262, -0.00557864645823901, -0.005733432944124511, -0.0057143582148052215, -0.005491958240214349, -0.005267213397175116, -0.005529395211489308, -0.00575842328632071, -0.005460452051598671, -0.005496330580082336, -0.005486955738980278, -0.005564438225635358, -0.005555866421524612, -0.00555938375339878, -0.0055427085650514695, -0.005627633201095106, -0.005598534766071906, -0.005343170857196944, -0.005631648044831184, -0.005710755791740907, -0.005560295718532206, -0.0056314547944305675, -0.005583635075729578, -0.0057804163750778586, -0.005980850462907452, -0.0056826086711728304, -0.005418849057718011, -0.005525251147702705, -0.0055981163775208655, -0.005399943745052144, -0.00577403932372594, -0.005683577500288639, -0.005474135554842651, -0.005467073718514948, -0.005440849888210102, -0.005531652171978498, -0.00579605260921908, -0.005513642148108017, -0.005856598577232986]
target reward list:[-0.34712711547359393, 0.3586550125128325, 0.5094045649225724, 0.5151354832016002, 0.5537969252421767, 0.5601204815056902, 0.5324107759672163, 0.5515290584125376, 0.5255790704142788, 0.5358121303482567, 0.5638901152107231, 0.5416298720349638, 0.5637754647887199, 0.5629482206447101, 0.5335337366230615, 0.5751200022327219, 0.5493587635265408, 0.4910243349320271, 0.5239231672617953, 0.5263449850646944, 0.5551421288212539, 0.5725323877799119, 0.5444416967463582, 0.5671361262720142, 0.5439684950015755, 0.5550068283627834, 0.5321435899739665, 0.5312830373314374, 0.5560360366164593, 0.5306745919873662, 0.5346158941246798, 0.5531743982950325, 0.5646006804674839, 0.5199488799427241, 0.5357235854846691, 0.5471548256765557, 0.5840125670259592, 0.5829657608254082, 0.5144922963131463, 0.557386062950799, 0.5642013840460471, 0.4652106136083826, 0.5692966597442366, 0.533216754771421, 0.5579926726688315, 0.5459067892566372, 0.5435493596278347, 0.5563440756238918, 0.5819447144747126, 0.535076138643381, 0.5613731975624338, 0.546047843906269, 0.5769792647590138, 0.5098950908743808, 0.5525075857926989, 0.5520681227312231, 0.5373850044977018, 0.5725371696026526, 0.5550716704077583, 0.5640060562293704, 0.5294745828477194, 0.516425208068538, 0.4956130484376097, 0.536917796348693, 0.5178062772105068, 0.5259678634177513, 0.5292837483040486, 0.5492553611491948, 0.57482124509945, 0.5888036140752076, 0.5607959086917352, 0.5836592198108634, 0.5711621753325911, 0.5225781054694554, 0.5687630116597543, 0.5856068831002504, 0.5535989356600919, 0.5376749135154987, 0.5794614939099497, 0.558445416632721, 0.5494523139629317, 0.5302705943549618, 0.5580045191346268, 0.5620878938488878, 0.5437154642138186, 0.5662835628270572, 0.5407764251400834, 0.5664250297804172, 0.5493091655577036, 0.5774910263404511, 0.5419618191509578, 0.5517424637545779, 0.5393064251039065, 0.5272876063349171, 0.5511168965744814, 0.5594241047416478, 0.5415331110959908, 0.5274528650640484, 0.5526508377769189, 0.5405066563063073, 0.5683392463121606, 0.5245671920094513, 0.5538915165974382, 0.5177643788453654, 0.5567323885654247, 0.5444541796543538, 0.5393179556910701, 0.544534693628241, 0.5331543284388681, 0.5723252991309968, 0.5132896354172986, 0.5693379921582447, 0.5336481598895658, 0.5574599780506325, 0.5023316360325197, 0.562669564586369, 0.5212227849684445, 0.5028795151984775, 0.5413552819584292, 0.5388385841048868, 0.5526906601839645, 0.5326935303601557, 0.5682907136366547, 0.5671894275901186, 0.5388178709874515, 0.5126699244045777, 0.5692966162474151, 0.5465294182302639, 0.5279293482189701, 0.5525333856556136, 0.5486174542736961, 0.5367852000938191, 0.5418043190301924, 0.572322569862939, 0.5731338502661045, 0.5444132511045294, 0.5528456100769149, 0.5503966160116192, 0.5371465940558904, 0.5521112952633895, 0.5290401565890419, 0.5256267227458061, 0.5631621467699304, 0.4964219637152362, 0.5663128182091577, 0.5654525054673988, 0.49839500405252674, 0.5351601389110423, 0.5452324988800675, 0.4953088149541092, 0.5531168720306716, 0.5748033666526213, 0.5369177376157788, 0.5635038412935309, 0.5360117942232546, 0.5401688070074043, 0.5443441034457305, 0.5287486348498652, 0.5037842916564615, 0.539613208269436, 0.54588898824359, 0.5230864126793833, 0.5522372166230666, 0.5121113853287229, 0.5440797308146145, 0.5463595099872194, 0.5443767114737381, 0.5729037093922744, 0.5590725517213316, 0.4988800839766318, 0.5254435716352872, 0.5742335868910855, 0.529679932111349, 0.5605763525689639, 0.5361623214496688, 0.5662954327513904, 0.5573229427904033, 0.5288287619352731, 0.5346318376690397, 0.5408433454706759, 0.5079179508273274, 0.5328611733108181, 0.5357306562093404, 0.5332449007040824, 0.5524677008339941, 0.5380681883864648, 0.5385774652412018, 0.5552327002131622, 0.5354016081659093, 0.4876989288684308, 0.5409653259133507, 0.575568668049489, 0.5461462501544692, 0.5531570257892359, 0.5595500160523259, 0.5097534851243151, 0.5370400944575706, 0.5581492825634676, 0.5440252225235436, 0.5311574934594773]
safe reward list [0.0, 0.0, 0.0, 0.0, 0.0, 0.0, 0.0, 0.0, 0.0, 0.0, 0.0, 0.0, 0.0, 0.0, 0.0, 0.0, 0.0, 0.0, 0.0, 0.0, 0.0, 0.0, 0.0, 0.0, 0.0, 0.0, 0.0, 0.0, 0.0, 0.0, 0.0, 0.0, 0.0, 0.0, 0.0, 0.0, 0.0, 0.0, 0.0, 0.0, 0.0, 0.0, 0.0, 0.0, 0.0, 0.0, 0.0, 0.0, 0.0, 0.0, 0.0, 0.0, 0.0, 0.0, 0.0, 0.0, 0.0, 0.0, 0.0, 0.0, 0.0, 0.0, 0.0, 0.0, 0.0, 0.0, 0.0, 0.0, 0.0, 0.0, 0.0, 0.0, 0.0, 0.0, 0.0, 0.0, 0.0, 0.0, 0.0, 0.0, 0.0, 0.0, 0.0, 0.0, 0.0, 0.0, 0.0, 0.0, 0.0, 0.0, 0.0, 0.0, 0.0, 0.0, 0.0, 0.0, 0.0, 0.0, 0.0, 0.0, 0.0, 0.0, 0.0, 0.0, 0.0, 0.0, 0.0, 0.0, 0.0, 0.0, 0.0, 0.0, 0.0, 0.0, 0.0, 0.0, 0.0, 0.0, 0.0, 0.0, 0.0, 0.0, 0.0, 0.0, 0.0, 0.0, 0.0, 0.0, 0.0, 0.0, 0.0, 0.0, 0.0, 0.0, 0.0, 0.0, 0.0, 0.0, 0.0, 0.0, 0.0, 0.0, 0.0, 0.0, 0.0, 0.0, 0.0, 0.0, 0.0, 0.0, 0.0, 0.0, 0.0, 0.0, 0.0, 0.0, 0.0, 0.0, 0.0, 0.0, 0.0, 0.0, 0.0, 0.0, 0.0, 0.0, 0.0, 0.0, 0.0, 0.0, 0.0, 0.0, 0.0, 0.0, 0.0, 0.0, 0.0, 0.0, 0.0, 0.0, 0.0, 0.0, 0.0, 0.0, 0.0, 0.0, 0.0, 0.0, 0.0, 0.0, 0.0, 0.0, 0.0, 0.0, 0.0, 0.0, 0.0, 0.0, 0.0, 0.0]
speed list [15.555859346211806, 15.017290410063275, 15.019466142222367, 15.051152641798296, 14.900912485624316, 14.95809405635645, 14.523088196332957, 15.073571908170106, 14.944557066213575, 14.423663825608623, 14.980275350669192, 14.972918081545721, 14.95703683224208, 15.227801425116308, 15.141636457429204, 15.373103837413819, 14.68203082289206, 14.318546250679983, 14.831189105878842, 14.821948632479355, 15.084657644247024, 15.164786355886141, 15.208372441363181, 15.402437819614649, 15.064928896016562, 15.108022659962765, 15.240225646539278, 15.145813303836963, 15.316950971826742, 14.95788472427725, 14.834963335369485, 15.063085766084575, 15.412194010517846, 14.913373559171442, 15.18749014396446, 15.070475536121503, 15.103472641190836, 15.049767848799917, 14.903130270899085, 15.166305883428493, 15.163131487132999, 13.999780249668596, 15.298496481738505, 14.868950470557575, 15.13474514484594, 15.165250598738579, 14.853382942265084, 15.039406220435952, 15.230062166204485, 15.13489665971813, 15.225284366066695, 15.19732502031593, 15.273057241338869, 14.643456033401812, 15.233994090294855, 14.928944829490916, 14.970734561423772, 15.158570330530962, 15.193030281235083, 15.133591878280468, 14.869856205610665, 14.87686925330638, 14.208138419387415, 15.172836100988485, 15.098110427000448, 15.06712639210324, 15.005839721890254, 15.01109718022209, 15.311186028270601, 14.902086534699183, 15.16601828346588, 14.959386613527458, 15.234951298054515, 15.165611870780745, 15.206330547012003, 15.178070842622922, 15.092964968981887, 15.103688792344299, 15.335542812206544, 15.168318171302847, 15.078490040505118, 15.067151484651822, 14.970067382986153, 15.167554691847101, 15.315827068011943, 15.197795838604822, 15.07535380240423, 15.230322597829357, 15.042845745979475, 15.298710742874443, 15.175832934129891, 15.071064999937953, 14.904922610677488, 15.049478940382063, 15.0519003977787, 15.125279162293845, 15.091251101053716, 15.209178840214934, 15.252166931437133, 15.01142801336094, 14.997632599671658, 15.271888406833174, 15.049533089087635, 14.824698884243274, 14.856881125495425, 14.988304673664276, 15.15631585930283, 14.766999890822486, 15.123472967937014, 15.254838479463139, 15.11678890148409, 15.25201144090385, 15.329804208485072, 15.108109225713887, 14.562404596736382, 15.102844232420527, 14.984221145777543, 15.024581739099725, 15.085871335529273, 14.958642697805377, 14.918016868706236, 14.91490925394873, 15.194621275473674, 15.14238606615338, 14.797110957851952, 14.993921560217096, 15.091268559545806, 14.894319625111553, 15.113155399169212, 15.223616947988479, 14.965730760579381, 15.2232027055601, 15.149606048535649, 15.050848662393427, 14.990408969689012, 15.207164715407268, 14.999222511906655, 14.968038809689203, 15.115071811431811, 15.076312944862378, 15.124066257477399, 14.914557568895326, 15.107848077191914, 14.68395662309875, 15.322439473567114, 14.952786820548377, 15.219813532855497, 15.167854097287709, 15.280208344395644, 14.688654939272528, 15.154982568725039, 15.066428818946195, 15.402684346512455, 15.137910029736092, 15.135297338881058, 14.936199471657874, 15.105407132850326, 14.979630071506104, 14.611572996439918, 14.776870556939143, 15.150144083131314, 14.90202614309875, 15.001684697326628, 14.960544688638995, 14.975455363465498, 15.118874670427477, 15.093774579714646, 15.254722352536007, 15.1022270808898, 14.972038376582802, 15.30413955522797, 15.343847781665227, 15.105448583721012, 15.200476178210915, 14.997815355915193, 15.184816889675412, 15.162020588904088, 14.997032476182152, 14.950838799173203, 15.250533196019017, 15.116415834547995, 15.099733748563695, 14.666194892715188, 15.039292643903218, 14.963857737443119, 14.980856116880746, 15.07098332243858, 15.173664937614898, 14.944626340603739, 14.307686301822287, 14.992239409955285, 15.12334081175762, 15.17321413626994, 15.200047126697195, 15.043681122015595, 14.865392209624652, 15.01154167527569, 15.241656752945424, 15.140598930292663, 15.016470457677837]
ec list [59.413442273956086, 58.508884953283726, 58.050946070818796, 57.774848070852556, 57.73045188656345, 58.0836419686456, 58.02211810746465, 57.895316359565314, 57.86934204109756, 57.9679148930715, 57.79961515157859, 57.579362349659895, 57.430323304194864, 57.31593777749828, 57.21936049405764, 57.3737995460333, 57.17919872326035, 57.55709073687868, 56.96208223217771, 57.550086960546984, 57.46768647998641, 57.441060531835255, 57.14790129310933, 57.0616640845102, 57.44441956804818, 57.41238981408423, 57.23265850588903, 57.23022175351174, 57.174084965564305, 57.411833376565426, 57.5738825097301, 57.31487074307761, 57.31008654698431, 57.262255900832685, 57.37367137087962, 57.14514292514654, 57.22336327126587, 57.347521614277575, 57.43051703503696, 57.258011319712864, 57.344975616959545, 59.20615061418857, 57.26885799926168, 57.40593820367216, 57.15696748354128, 57.277081297383816, 56.91223131911391, 57.1836441714989, 57.48208515851302, 57.42150438887949, 57.372788155865855, 57.40951396491859, 57.48835466554362, 57.59611954809338, 57.457441570509026, 57.39887012123121, 57.49111960338791, 57.043112630461636, 57.366676059561236, 57.28449417014371, 57.34767411823529, 57.381975335645045, 57.93852284518795, 57.61105476261991, 57.1305482790296, 57.317115540773834, 57.323767336581426, 57.11871171748657, 57.146115166720996, 57.287387450575594, 57.43072565671402, 57.13371887395578, 57.267828355413535, 57.447467054542315, 57.31661288578118, 57.57128109088665, 57.32544477545356, 57.317236366173404, 57.196683995676096, 57.41971449407376, 57.67546544578573, 57.45688065157156, 57.49835222864951, 57.32706478828783, 57.10014977518689, 57.41916938690059, 57.31726420309373, 57.45471686707457, 57.37847386211211, 57.154162992412004, 57.359467241402946, 57.54717630780705, 57.45363006041399, 57.34223940490041, 57.54553799929403, 57.578441591661544, 57.3310881436542, 57.3756385875706, 57.35403105378651, 57.19069260131752, 57.4646991395151, 57.4519658671195, 57.227012539764445, 57.345437862565404, 57.26342011497053, 57.35867258243882, 57.36393219159077, 57.249396384011064, 57.25812628766535, 57.29243401230536, 57.24430666398581, 57.20894828408275, 57.438833408528765, 57.07225293831083, 57.577865519889976, 57.39159216513331, 57.29440213593966, 57.44845522336078, 57.47897314569644, 57.21003116994256, 57.306271727937194, 57.436002851299214, 57.40240025993244, 57.248014220278655, 57.139976557241305, 57.46007767229885, 57.29187372228835, 57.30407425467478, 57.31776630725624, 57.35797184746201, 57.12750150059084, 57.25448929981632, 57.16370083270955, 57.37303818623467, 57.1490997142702, 57.05031327122228, 57.3907598954381, 57.419791445404215, 57.25516040989002, 57.28571077092288, 57.143509709922085, 57.201992618465034, 57.59572784743806, 57.30768754091362, 57.08770022015986, 57.58397630147374, 57.13495955072846, 57.44245082215731, 57.232341843792135, 56.96839819473247, 57.15005300753203, 57.14951257456794, 57.415492415916255, 57.31329549036155, 57.48455269435862, 57.28948617814989, 57.346321784213686, 57.42654100764813, 57.74748924382659, 57.44144615399754, 57.45749670678162, 57.456440841435416, 57.064370649748156, 57.299420308900096, 57.2210305127614, 57.258577539450926, 57.21498144062299, 57.39068915277802, 57.27726097896836, 57.322767139923805, 57.54802324984609, 57.187446890151904, 57.171581053010335, 57.35971312059687, 57.261381137293654, 57.48371969395725, 57.12923616136402, 57.48601197205326, 57.126850877748, 57.3516623968307, 57.29909435331516, 57.39331451766645, 57.453248262333254, 57.307830469521015, 57.41353378777915, 57.27646818623636, 57.27509187526056, 57.4244255371176, 57.329784617669105, 57.56797686428386, 57.38122969913075, 57.402084808092894, 57.57142400088483, 57.34696981098187, 57.269047465254076, 57.500497865009315, 57.22521840092582, 57.27104289510011, 57.366586717022656, 57.41065717336724]
jerk list [0.12347501017104673, 0.3965989635158101, 0.4270741860417053, 0.4432375195581802, 0.4357943910037676, 0.4458223382791164, 0.4423703909444349, 0.4292423753734613, 0.4344706329340351, 0.42705374988982175, 0.41384822587823983, 0.3950985862605296, 0.3896636211744308, 0.3581344054249338, 0.3746163516043714, 0.3639746491693746, 0.38646318274355373, 0.40142458099151124, 0.37257272833059174, 0.38928507513803284, 0.3774798292103711, 0.3688292281752601, 0.3582060775208997, 0.35152507810360445, 0.3836741515564721, 0.3776499878186181, 0.36817828294408533, 0.36414345220734406, 0.34966339661195417, 0.3757687717756018, 0.39074240717791864, 0.37983857664065074, 0.35963217792198765, 0.39299658749680344, 0.3654735091862748, 0.371685215313713, 0.37963118696747283, 0.3875379048094221, 0.3753417838535166, 0.3651949089477144, 0.3780570601905193, 0.48670263257642055, 0.3654224714291566, 0.39676843054809646, 0.3734870669556611, 0.37071762783561674, 0.37866741287613404, 0.3903844150685802, 0.39419780833237467, 0.38660052901739345, 0.37894480075640224, 0.3754033248237591, 0.38615942367675854, 0.40345496416520915, 0.39622415216894863, 0.39769621077755773, 0.3901039704783023, 0.37271167653007853, 0.38983897954490115, 0.39146820770458185, 0.4089301820181668, 0.39639823516117206, 0.37964506979876284, 0.38778242471029944, 0.3797914309174181, 0.38829589874938747, 0.3864589450059431, 0.3856572074033538, 0.3643397584009759, 0.40179656657341456, 0.38951165668216187, 0.38891595743805485, 0.38852378342513205, 0.3943090600490223, 0.4000090206874452, 0.39641768265413624, 0.39232074508328113, 0.39697983475254683, 0.38304312066479695, 0.40238089212632117, 0.406433452227803, 0.3895893556561574, 0.4072543800122958, 0.3909348943189126, 0.3912972448750426, 0.38271882507431665, 0.3928794919714957, 0.39267521213880596, 0.3995280649840702, 0.3740764271436873, 0.38958902006218293, 0.4022300441354573, 0.4190816456134354, 0.39889600370364464, 0.42186338858790035, 0.4073318981606003, 0.4029796089451527, 0.3952488008968062, 0.3897442344753183, 0.40934710220732634, 0.40705696926489554, 0.3921251526911462, 0.39379982231928506, 0.3979820979607902, 0.40309583524535053, 0.4092793296638844, 0.403710262611228, 0.41493338591258455, 0.3926430213140491, 0.38847283550862055, 0.39204847012734906, 0.3814220765107816, 0.3843291181562832, 0.38342066796927976, 0.4092360066659397, 0.4002646743768805, 0.3929077261769504, 0.39609807564692984, 0.3934787910342766, 0.4054251126579023, 0.41389680454218325, 0.4211887184588874, 0.41148609791262686, 0.3834572228847056, 0.4025352989985011, 0.4080098915288839, 0.39260348645942783, 0.41151358456487774, 0.38203671206505013, 0.3852719609704809, 0.4030600719292598, 0.3934405940823283, 0.391687891597308, 0.4015195837313959, 0.4009904162500301, 0.3883906297381132, 0.3858043558878219, 0.3965949837130655, 0.400606668330581, 0.3835743546260956, 0.39223261071641985, 0.4024077611737774, 0.4052350139859643, 0.402096083879896, 0.36988491977143867, 0.39221920751466965, 0.38479674127369384, 0.40050102071713956, 0.3835260667273953, 0.40523381514740414, 0.3912874903622609, 0.40363093762631813, 0.3947074861346566, 0.401448180268356, 0.4035011599507814, 0.4051424652104418, 0.40408691734436625, 0.3980536656212962, 0.4135335015856027, 0.4066019061681605, 0.3879788966611326, 0.39390879016978003, 0.41323712839422616, 0.39551636212589136, 0.41043937194910396, 0.3932887145155158, 0.3940397202416199, 0.38168636752982826, 0.3982515588425731, 0.3889808597014471, 0.396878458782513, 0.3758216446946684, 0.39724872395066396, 0.3916043872315064, 0.41168769409907685, 0.3830391952694034, 0.3899391033070308, 0.39201086949007524, 0.39289911624831875, 0.39314250474276785, 0.3888839144253117, 0.3999787133070679, 0.4048031509473382, 0.40274817217036174, 0.4068085249020798, 0.41395993006864995, 0.3814493622559509, 0.3920643578274137, 0.4066659620578858, 0.43252475543856445, 0.40641537127451993, 0.3977161125483043, 0.40031240148338154, 0.400975939969408, 0.40702845317942776, 0.4175481695922167, 0.4045070342105227, 0.3994900516357628, 0.4009937642984012, 0.41645606480000924]