
Env:SUMO, Algorithm:MADDPG, Device:cuda:1
-----------------------------------------
{'algo': 'MADDPG', 'env': 'SUMO', 'seedVal': 20150427, 'gamma': 0.9, 'epsilon': 0.001, 'critic_lr': 0.005, 'actor_lr': 0.0001, 'memory_capacity': 1000000, 'batch_size': 512, 'train_eps': 200, 'eval_eps': 10, 'epsilon_start': 3, 'max_speed': 28, 'target_update': 4, 'hidden_dim': 256, 'soft_tau': 0.005, 'max_action': 2, 'device': device(type='cuda', index=1), 'simulation_steps': 3600, 'pathToSumoFiles': 'rou_net2_single', 'model_dest_path': 'models/', 'model_dest_path_leader': 'ep200_', 'model_dest_path_follow': '', 'logName': 'ep200_gamma0.900000_tua0.005000.txt', 'procID': 11}
seed 20150427
当前的gamma是0.9, 当前的soft tau是0.005
-----------------------------------------
model saved successfully!
Complete training!
final reward list:[-0.36319394811781747, 0.27108809736208245, 0.4686179453306724, 0.20482469592720257, 0.5188218281404103, 0.5616736714744975, 0.49595176531558616, 0.5274493557991129, 0.5283267206185015, 0.4209849562592664, 0.08807799503422481, 0.011456372080879696, 0.17483546707744183, 0.38341753842841364, 0.4791165114093208, 0.357580600950124, 0.37508436387487304, 0.43318374168865165, 0.3719116210220726, 0.501658522998107, 0.5418208165026923, 0.5539400308384078, 0.5504339748288207, 0.5527032898618084, 0.5432256462815627, 0.5325454294186847, 0.560927721545199, 0.5536775443710903, 0.5493068521960636, 0.5344703509304769, 0.54735011553835, 0.5394492316872204, 0.5781590273277396, 0.512586160832111, 0.5471004204521139, 0.5306656822132129, 0.5764528189443741, 0.5666156988795689, 0.5141117204389408, 0.5499188479632637, 0.5447839480232582, 0.54525847728391, 0.5623964621344428, 0.5473777560429858, 0.5675694062727716, 0.5474903158182965, 0.5324279848200645, 0.5642004588014117, 0.5598783368085288, 0.5084335744080645, 0.5399833615845353, 0.5314609085418575, 0.5402614302806378, 0.46030840821092495, 0.5557276051873048, 0.5265267997447791, 0.5272898999895064, 0.553958207079417, 0.5348460339164199, 0.5597741582024348, 0.5222456714383019, 0.5554186743531636, 0.45636553142075403, 0.5638733425392002, 0.5398676201887871, 0.5395421520584355, 0.5570247192930575, 0.543864199894706, 0.5889049973358627, 0.5734718449340972, 0.5607133317604793, 0.5696982116836139, 0.5600216108349747, 0.5335003931079632, 0.5777104848080789, 0.5583170721235304, 0.5725780585543393, 0.5443368613792934, 0.5915494828321418, 0.5567968510396893, 0.5451064700328387, 0.5390156439237505, 0.547329148095348, 0.5749236165007071, 0.5568487376357241, 0.5757165233210757, 0.5565044636706583, 0.5917737338393645, 0.5556212431294432, 0.5611913033013084, 0.549194987061209, 0.5335940193997865, 0.5503885842263184, 0.5482075137635266, 0.5240672726200479, 0.5388129989923837, 0.5352214159777603, 0.5424233602573592, 0.5519984294714448, 0.5285233100869738, 0.5656849169659287, 0.511930117420621, 0.5278277202849294, 0.5476340091784525, 0.5330440795210846, 0.531625906563023, 0.5155072244755783, 0.5198770484799173, 0.5588551369598956, 0.5766131638188855, 0.5230708330686671, 0.5623098061886216, 0.5242113765384288, 0.5649189925604738, 0.48110062226285044, 0.5597507482167104, 0.5295780740568636, 0.508711926523351, 0.5541522312986928, 0.5246489598046966, 0.5328420136571477, 0.5224227486438077, 0.5717399026751455, 0.5494544099053145, 0.538997077966921, 0.5047678675109327, 0.573693730719182, 0.5443193488562971, 0.506891036940209, 0.5698041645109374, 0.528022481084928, 0.5566522986297713, 0.5432647879249771, 0.5495715280366607, 0.5384314147412032, 0.5363708362681378, 0.5401073895825491, 0.5390459939585995, 0.5433364838983983, 0.5381464092358819, 0.5384689993833054, 0.5283372760135688, 0.5531110799661781, 0.5091505814427053, 0.560520271359315, 0.5457273313959837, 0.5017851315572673, 0.5361304887150095, 0.4988410882951368, 0.5127518206295905, 0.5358343779622056, 0.5528454580081854, 0.5364035412474086, 0.5443924120670072, 0.5376721873156699, 0.5332338354278032, 0.5464026804041526, 0.5388680770044405, 0.4936440699652505, 0.5251892655894785, 0.552470311695226, 0.5253302156863899, 0.5248940915582329, 0.5085112784911526, 0.5462917539026102, 0.550875338616454, 0.5357245746424982, 0.5740760776767494, 0.5424770689786759, 0.5355660368160714, 0.5104342589355892, 0.5623486497191927, 0.5151073177611745, 0.5556066126775326, 0.5237959770927891, 0.5541529485961556, 0.5399850318937778, 0.5270972203157227, 0.5167775193857209, 0.5300067032271625, 0.4931840687709834, 0.5289065964669307, 0.5237527579445407, 0.5406669089657199, 0.5499904620855053, 0.554082136755751, 0.5285304686474753, 0.5302801944998022, 0.5400368236005683, 0.5071849025215914, 0.5384355708807338, 0.5544685682795272, 0.5305255985932528, 0.5470399299060483, 0.5466319733351004, 0.5089477412054423, 0.5415548657144564, 0.5425082521122918, 0.5434170420224375, 0.5248796445577241]
final halt list:[1.983339369793553, 0.4025178632187819, 0.04658901830282862, 3.895065584009994, 0.20278969957081544, 0.016479663394109396, 0.16110740493662443, 0.025412541254125412, 0.10192563081009297, 1.6449022346368716, 8.155722326454034, 11.081045751633987, 6.94802065404475, 2.3385467579015966, 0.6772934287573195, 3.014715719063545, 2.5304934109714985, 0.76229802513465, 1.574298469387755, 0.14621787911690193, 0.009234828496042216, 0.03272058823529412, 0.017126878713736457, 0.0, 0.0, 0.0003361344537815126, 0.0, 0.00033057851239669424, 0.009715475364330326, 0.026084223758642364, 0.009355509355509356, 0.0045691906005221935, 0.031291611185086554, 0.0, 0.019262703420790436, 0.04229508196721311, 0.0036403349108117948, 0.001343183344526528, 0.04178370786516854, 0.007707774798927614, 0.02250092216894135, 0.03083554376657825, 0.0074002574002574005, 0.008971483498878564, 0.001049317943336831, 0.00031338138514572234, 0.022270114942528736, 0.0, 0.0, 0.029175050301810865, 0.004415760869565217, 0.016175994823681657, 0.0, 0.06717658796142334, 0.004303210857332009, 0.02878684030157642, 0.007422402159244264, 0.0, 0.014915254237288136, 0.0, 0.002398081534772182, 0.011943539630836048, 0.11640953716690042, 0.02959183673469388, 0.0006508298080052066, 0.0012574662055957245, 0.0015610365282547611, 0.0, 0.0, 0.0, 0.00295955277869122, 0.0, 0.0, 0.0011029411764705882, 0.00033068783068783067, 0.0006550933508024893, 0.004308797127468581, 0.0006420545746388443, 0.0010238907849829352, 0.0, 0.0, 0.015286624203821656, 0.0065903572667360385, 0.0, 0.0, 0.011939335269441756, 0.0, 0.0, 0.0013293452974410102, 0.0022988505747126436, 0.0, 0.03583855254001392, 0.0010344827586206897, 0.014402003757044458, 0.001969149983590417, 0.0, 0.0, 0.0, 0.01266689489900719, 0.0, 0.0003479471120389701, 0.0, 0.0, 0.04478656403079076, 0.02324797843665768, 0.0, 0.0, 0.0, 0.0, 0.0, 0.0, 0.0, 0.0, 0.0, 0.05658536585365854, 0.0, 0.02991304347826087, 0.0, 0.0, 0.00033852403520649965, 0.0, 0.0, 0.0032927230819888046, 0.0010604453870625664, 0.0, 0.015244891339604282, 0.0, 0.0, 0.03732303732303732, 0.01060070671378092, 0.005494505494505495, 0.0, 0.0, 0.0, 0.002340354396522902, 0.0, 0.0003198976327575176, 0.03751339764201501, 0.0006299212598425197, 0.0359364201796821, 0.020913770913770915, 0.023287671232876714, 0.0, 0.011420413990007138, 0.0, 0.003153468815697267, 0.017986746607762703, 0.014366855997327097, 0.0, 0.0, 0.0, 0.0, 0.0, 0.0, 0.02942182689018132, 0.0, 0.0013740982480247338, 0.019766688269604666, 0.011521518129447645, 0.00036153289949385393, 0.00030674846625766873, 0.03701015965166909, 0.0034328870580157913, 0.006588579795021962, 0.004707464694014795, 0.006851661527920521, 0.013136815123357898, 0.004363636363636364, 0.010287335934728628, 0.0, 0.0, 0.015922464520595363, 0.006777363605557438, 0.0, 0.0009871668311944718, 0.015282392026578074, 0.0041841004184100415, 0.0, 0.0, 0.0, 0.0003414134516899966, 0.01706827309236948, 0.0, 0.0, 0.0, 0.015943641082684465, 0.0011489850631941786, 0.0006600660066006601, 0.0, 0.05010511562718991, 0.0, 0.0, 0.020756611985269503, 0.0, 0.023952095808383235, 0.013031550068587106, 0.0, 0.0075368276807125725, 0.0006849315068493151, 0.0]
speed reward list:[0.0, 0.0, 0.0, 0.0, 0.0, 0.0, 0.0, 0.0, 0.0, 0.0, 0.0, 0.0, 0.0, 0.0, 0.0, 0.0, 0.0, 0.0, 0.0, 0.0, 0.0, 0.0, 0.0, 0.0, 0.0, 0.0, 0.0, 0.0, 0.0, 0.0, 0.0, 0.0, 0.0, 0.0, 0.0, 0.0, 0.0, 0.0, 0.0, 0.0, 0.0, 0.0, 0.0, 0.0, 0.0, 0.0, 0.0, 0.0, 0.0, 0.0, 0.0, 0.0, 0.0, 0.0, 0.0, 0.0, 0.0, 0.0, 0.0, 0.0, 0.0, 0.0, 0.0, 0.0, 0.0, 0.0, 0.0, 0.0, 0.0, 0.0, 0.0, 0.0, 0.0, 0.0, 0.0, 0.0, 0.0, 0.0, 0.0, 0.0, 0.0, 0.0, 0.0, 0.0, 0.0, 0.0, 0.0, 0.0, 0.0, 0.0, 0.0, 0.0, 0.0, 0.0, 0.0, 0.0, 0.0, 0.0, 0.0, 0.0, 0.0, 0.0, 0.0, 0.0, 0.0, 0.0, 0.0, 0.0, 0.0, 0.0, 0.0, 0.0, 0.0, 0.0, 0.0, 0.0, 0.0, 0.0, 0.0, 0.0, 0.0, 0.0, 0.0, 0.0, 0.0, 0.0, 0.0, 0.0, 0.0, 0.0, 0.0, 0.0, 0.0, 0.0, 0.0, 0.0, 0.0, 0.0, 0.0, 0.0, 0.0, 0.0, 0.0, 0.0, 0.0, 0.0, 0.0, 0.0, 0.0, 0.0, 0.0, 0.0, 0.0, 0.0, 0.0, 0.0, 0.0, 0.0, 0.0, 0.0, 0.0, 0.0, 0.0, 0.0, 0.0, 0.0, 0.0, 0.0, 0.0, 0.0, 0.0, 0.0, 0.0, 0.0, 0.0, 0.0, 0.0, 0.0, 0.0, 0.0, 0.0, 0.0, 0.0, 0.0, 0.0, 0.0, 0.0, 0.0, 0.0, 0.0, 0.0, 0.0, 0.0, 0.0, 0.0, 0.0, 0.0, 0.0, 0.0, 0.0]
tls reward list:[-0.007485339392804417, -0.007151264750795425, -0.0069518667146114006, -0.006729486235538682, -0.006534968455747418, -0.006050041724144358, -0.006244554774028512, -0.005900357149661681, -0.0060285745283334856, -0.005646909126202925, -0.004769303696433962, -0.004757559903351901, -0.00580879739898709, -0.005795758514558132, -0.006109011456521443, -0.006227231945602673, -0.005165396915218134, -0.005733180868097411, -0.005792621717484616, -0.005694941761105784, -0.0055103781130940496, -0.005568892304541851, -0.00544108121346079, -0.005342632544629546, -0.005404943209531131, -0.005632054831839756, -0.005275036145712399, -0.005367252608369625, -0.005539488491481694, -0.005256879280269911, -0.0056291320915224435, -0.005635352549533928, -0.005346343748130062, -0.005317372657091618, -0.005473197856333755, -0.005459816421361547, -0.005707289557350532, -0.005405638468326441, -0.005623049212673335, -0.005391467779520078, -0.00575287456356104, -0.005446772208343319, -0.005092335843945715, -0.005531312075650339, -0.005358566427292411, -0.005217504530045193, -0.005257378789968786, -0.0057684468502700835, -0.005349429336448787, -0.005562361186779297, -0.005427353467831189, -0.005260305752367491, -0.005171415104517825, -0.005703880476429285, -0.005443460925540764, -0.005834169872452425, -0.00540696687735703, -0.005470730044484261, -0.005675454694665634, -0.005520050703413313, -0.005449037556239345, -0.005587184828388518, -0.00534765529718854, -0.005753808351570183, -0.005200542365041443, -0.005316718963499119, -0.005233694262401205, -0.00549172017016272, -0.005541348925240734, -0.005739482098460665, -0.005374097390226013, -0.005471189552240631, -0.005421777092095796, -0.005738556017369052, -0.005333888945143001, -0.005475673185736221, -0.005600867902003549, -0.005269130639248552, -0.005389886140700765, -0.005264147662247854, -0.005430076614307441, -0.005410363005206056, -0.005710793286415646, -0.0054996506180179676, -0.00524739182133316, -0.005190731124519866, -0.005526080292196437, -0.005489524956925412, -0.005463372947019015, -0.005379338195337695, -0.005674853722107444, -0.005786082488862615, -0.005631301762794213, -0.005021838984575186, -0.005315412621594866, -0.005693001186038371, -0.00575948552921371, -0.005675663754997495, -0.005230922391351255, -0.005514673872530638, -0.005682966327576396, -0.0053038971229208386, -0.005420145615502615, -0.0053841416853022, -0.0051554955631838385, -0.005303228658875068, -0.005301907377446848, -0.00567661144952892, -0.0052719474048932785, -0.005660234663726417, -0.005640773692187546, -0.00532615960149548, -0.005457310227900081, -0.005548251862663273, -0.005246669104940702, -0.005229725281320635, -0.005610705464088073, -0.005038959254046993, -0.005760662479410087, -0.005544522381752032, -0.005660449895617132, -0.005570561762521998, -0.005598016335903003, -0.005377952989353927, -0.005282828157611682, -0.005429215535469945, -0.0053327144598731635, -0.0055033874207542095, -0.005565039092639971, -0.005595838507637216, -0.005401515687549221, -0.005696807002456601, -0.005342047585683132, -0.005740072443943012, -0.005376174587493521, -0.005829025782948143, -0.0051688677849795524, -0.0056365510941295905, -0.005244997199013913, -0.005262020762345099, -0.005378852135074704, -0.005519787311531054, -0.005701073185788629, -0.0054586705619976495, -0.0056674772371321245, -0.0055668296659623214, -0.005018860145992473, -0.005636337772908352, -0.005163929759369394, -0.004982157833383696, -0.005386204704784973, -0.00561116636436956, -0.0055781899794081005, -0.0054878044332182935, -0.005614154156182129, -0.005390929485930924, -0.005358486487664868, -0.0054658125722878825, -0.005575075874482728, -0.005526162427934274, -0.005190673710850825, -0.005262188849738608, -0.005425649157832943, -0.005824494885397552, -0.005601435935413175, -0.0053829700976394685, -0.005299286412485029, -0.00544734586469994, -0.005682767523332768, -0.005326510985546301, -0.005436515375295975, -0.0055294305325011735, -0.005626558542449322, -0.00559495929742196, -0.005382147004069701, -0.0055986351814807725, -0.005693543914453105, -0.005648380179899159, -0.005412423198865747, -0.005580191766517274, -0.005829428043196314, -0.005474147787371206, -0.005432222998578044, -0.005571364457342579, -0.005572895303054132, -0.005883483957208837, -0.005569970230443378, -0.005378874681279457, -0.005608153387583061, -0.0056215348486332445, -0.005282005690076308, -0.0057822967297702175, -0.0057199346083466945, -0.005344509399957577, -0.005304170856792185, -0.0054955308252353716, -0.0055923359659184515, -0.005660890606659579, -0.005653914273643958, -0.005665994848667511]
target reward list:[-0.355708608725013, 0.27823936211287786, 0.4755698120452838, 0.21155418216274124, 0.5253567965961577, 0.567723713198642, 0.5021963200896147, 0.5333497129487745, 0.534355295146835, 0.42663186538546927, 0.09284729873065876, 0.01621393198423157, 0.1806442644764289, 0.3892132969429718, 0.4852255228658423, 0.3638078328957267, 0.3802497607900912, 0.4389169225567491, 0.37770424273955716, 0.5073534647592127, 0.5473311946157863, 0.5595089231429498, 0.5558750560422816, 0.5580459224064379, 0.5486305894910939, 0.5381774842505245, 0.5662027576909112, 0.55904479697946, 0.5548463406875451, 0.5397272302107469, 0.5529792476298724, 0.5450845842367542, 0.5835053710758697, 0.5179035334892025, 0.5525736183084478, 0.5361254986345744, 0.5821601085017246, 0.5720213373478954, 0.5197347696516141, 0.5553103157427839, 0.5505368225868192, 0.5507052494922533, 0.5674887979783885, 0.552909068118636, 0.5729279727000641, 0.5527078203483418, 0.5376853636100332, 0.5699689056516818, 0.5652277661449776, 0.5139959355948437, 0.5454107150523665, 0.5367212142942249, 0.5454328453851557, 0.4660122886873542, 0.5611710661128455, 0.5323609696172316, 0.5326968668668635, 0.5594289371239014, 0.5405214886110856, 0.5652942089058481, 0.5276947089945413, 0.5610058591815521, 0.46171318671794254, 0.5696271508907705, 0.5450681625538285, 0.5448588710219345, 0.5622584135554589, 0.5493559200648687, 0.5944463462611035, 0.579211327032558, 0.5660874291507054, 0.5751694012358546, 0.5654433879270704, 0.5392389491253321, 0.5830443737532218, 0.5637927453092667, 0.5781789264563428, 0.549605992018542, 0.5969393689728425, 0.5620609987019373, 0.5505365466471461, 0.5444260069289565, 0.5530399413817637, 0.580423267118725, 0.5620961294570572, 0.5809072544455955, 0.5620305439628548, 0.5972632587962899, 0.5610846160764622, 0.5665706414966462, 0.5548698407833165, 0.539380101888649, 0.5560198859891126, 0.5532293527481017, 0.5293826852416428, 0.544506000178422, 0.5409809015069741, 0.5480990240123566, 0.5572293518627961, 0.5340379839595044, 0.5713678832935051, 0.5172340145435419, 0.533247865900432, 0.5530181508637546, 0.5381995750842683, 0.536929135221898, 0.5208091318530252, 0.5255536599294462, 0.564127084364789, 0.582273398482612, 0.5287116067608547, 0.5676359657901171, 0.5296686867663287, 0.5704672444231371, 0.48634729136779115, 0.564980473498031, 0.5351887795209517, 0.5137508857773979, 0.5599128937781028, 0.5301934821864487, 0.5385024635527648, 0.5279933104063297, 0.5773379190110485, 0.5548323628946683, 0.5442799061245327, 0.5101970830464027, 0.5790264451790551, 0.5498227362770512, 0.5124560760328489, 0.5754000030185746, 0.5334239967724772, 0.5623491056322278, 0.5486068355106603, 0.5553116004806038, 0.5438075893286968, 0.542199862051086, 0.5452762573675287, 0.5446825450527292, 0.5485814810974122, 0.5434084299982269, 0.54384785151838, 0.5338570633251, 0.5588121531519668, 0.5146092520047029, 0.5661877485964472, 0.551294161061946, 0.5068039917032597, 0.5417668264879179, 0.5040050180545061, 0.5177339784629742, 0.5412205826669905, 0.558456624372555, 0.5419817312268167, 0.5498802165002256, 0.5432863414718521, 0.5386247649137341, 0.5517611668918175, 0.5443338895767283, 0.4992191458397333, 0.5307154280174128, 0.5576609854060768, 0.5305924045361284, 0.5303197407160657, 0.5143357733765501, 0.5518931898380234, 0.5562583087140934, 0.5410238610549832, 0.5795234235414494, 0.5481598365020086, 0.5408925478016177, 0.5158707743108852, 0.567878080251694, 0.5207338763036238, 0.5612015719749546, 0.5291781240968588, 0.5597515837776363, 0.545678575808231, 0.5327456004956219, 0.5221899425845865, 0.5355868949936798, 0.4990134968141797, 0.5343807442543019, 0.5291849809431187, 0.5462382734230625, 0.5555633573885593, 0.5599656207129599, 0.5341004388779187, 0.5356590691810817, 0.5456449769881514, 0.5128064373702247, 0.5437175765708101, 0.5602508650092973, 0.5362455332015995, 0.552384439306006, 0.5519361441918925, 0.5144432720306777, 0.5471472016803749, 0.5481691427189516, 0.5490709562960814, 0.5305456394063915]
safe reward list [0.0, 0.0, 0.0, 0.0, 0.0, 0.0, 0.0, 0.0, 0.0, 0.0, 0.0, 0.0, 0.0, 0.0, 0.0, 0.0, 0.0, 0.0, 0.0, 0.0, 0.0, 0.0, 0.0, 0.0, 0.0, 0.0, 0.0, 0.0, 0.0, 0.0, 0.0, 0.0, 0.0, 0.0, 0.0, 0.0, 0.0, 0.0, 0.0, 0.0, 0.0, 0.0, 0.0, 0.0, 0.0, 0.0, 0.0, 0.0, 0.0, 0.0, 0.0, 0.0, 0.0, 0.0, 0.0, 0.0, 0.0, 0.0, 0.0, 0.0, 0.0, 0.0, 0.0, 0.0, 0.0, 0.0, 0.0, 0.0, 0.0, 0.0, 0.0, 0.0, 0.0, 0.0, 0.0, 0.0, 0.0, 0.0, 0.0, 0.0, 0.0, 0.0, 0.0, 0.0, 0.0, 0.0, 0.0, 0.0, 0.0, 0.0, 0.0, 0.0, 0.0, 0.0, 0.0, 0.0, 0.0, 0.0, 0.0, 0.0, 0.0, 0.0, 0.0, 0.0, 0.0, 0.0, 0.0, 0.0, 0.0, 0.0, 0.0, 0.0, 0.0, 0.0, 0.0, 0.0, 0.0, 0.0, 0.0, 0.0, 0.0, 0.0, 0.0, 0.0, 0.0, 0.0, 0.0, 0.0, 0.0, 0.0, 0.0, 0.0, 0.0, 0.0, 0.0, 0.0, 0.0, 0.0, 0.0, 0.0, 0.0, 0.0, 0.0, 0.0, 0.0, 0.0, 0.0, 0.0, 0.0, 0.0, 0.0, 0.0, 0.0, 0.0, 0.0, 0.0, 0.0, 0.0, 0.0, 0.0, 0.0, 0.0, 0.0, 0.0, 0.0, 0.0, 0.0, 0.0, 0.0, 0.0, 0.0, 0.0, 0.0, 0.0, 0.0, 0.0, 0.0, 0.0, 0.0, 0.0, 0.0, 0.0, 0.0, 0.0, 0.0, 0.0, 0.0, 0.0, 0.0, 0.0, 0.0, 0.0, 0.0, 0.0, 0.0, 0.0, 0.0, 0.0, 0.0, 0.0]
speed list [15.331439624692793, 15.105787272938663, 14.745259047524538, 11.097698879920342, 14.36821920188661, 15.03645606642558, 14.490888393790101, 15.050394433251668, 14.82599479924027, 13.096218743758557, 9.376556532084562, 8.539062985174997, 10.2205071152494, 13.105762467027018, 14.23426532682983, 12.41218312148976, 12.472723308002003, 13.815123823708939, 13.154516908396952, 14.730733341721322, 15.076426692160439, 15.181900573793671, 15.172156818850508, 15.402279534388532, 15.043388329479324, 15.167465925649672, 15.255885051122405, 15.163490101154402, 15.355016381830136, 14.991366563048592, 14.872505885692902, 15.048294485091047, 15.406909755731725, 14.91412514437027, 15.203441174555033, 15.066053350889245, 15.114916545568889, 15.040802540654148, 14.972240627594699, 15.15854018182555, 15.162761650412703, 15.108802118879558, 15.301433042730993, 14.880335939560366, 15.11452114742325, 15.140008047208873, 14.868985237228635, 15.03783032851368, 15.242395775528882, 15.13171931008467, 15.21661225669035, 15.221092711368298, 15.313591701410278, 14.574733817126203, 15.24715626944122, 14.941790964789007, 14.960385012077325, 15.158992242052637, 15.193655917847494, 15.13847218792552, 14.882519266492157, 14.87712965022843, 14.03069949954462, 15.205995172912099, 15.066693037542088, 15.078173066265933, 15.004213931800393, 14.998255356964497, 15.30908482089629, 14.960589070967757, 15.168556360450085, 14.94848749839129, 15.220282861722838, 15.168848704064409, 15.241606819627417, 15.165505790189988, 15.090362995863325, 15.122206672893324, 15.31823383541123, 15.190161801320343, 15.084891568975138, 15.060244483839837, 15.006971693326077, 15.170948006483394, 15.319480809511981, 15.152342533380367, 15.086619572475684, 15.211380840993781, 15.039387279822586, 15.26499681579732, 15.211392923496923, 15.098795286149386, 14.90527547126194, 15.07782883250206, 15.053151085694516, 15.132105831504296, 15.105994936721753, 15.231392359672324, 15.234448536511918, 15.037998750005114, 15.045784757446357, 15.254085598039042, 15.071829627280538, 14.874586419025405, 14.879395500477848, 15.00919630259062, 15.15053481727353, 14.765107235040972, 15.111195500271169, 15.262812082009875, 15.126307856963765, 15.244852445187277, 15.333831529890388, 15.097770701483059, 14.491608475712646, 15.1286924015093, 14.997492214884781, 15.035417129551872, 15.089024146147409, 14.977856439773234, 14.951624161555474, 14.90604416236074, 15.180019149867674, 15.152361289758847, 14.791193545250337, 15.010745509157081, 15.081134502517417, 14.908061663058946, 15.077919746664872, 15.262467976361531, 15.020285443191044, 15.232134949789918, 15.128614875539933, 15.060107760949153, 15.010042106709104, 15.215444195640533, 15.023544604279435, 14.951851014801356, 15.119090540959538, 15.088100930840568, 15.102178705725958, 14.920844483272564, 15.12314217591992, 14.68753512129555, 15.330616613866278, 14.930611584547865, 15.215231868178929, 15.166811423916673, 15.253361282712103, 14.700310461003449, 15.163190020955572, 15.07834172334873, 15.401915462214713, 15.162685488777031, 15.142216542364446, 14.93012760274695, 15.118764965269948, 14.978817086079049, 14.60536065970394, 14.842825909944962, 15.161042452619077, 14.924418700153964, 14.957546162751218, 14.970422426504292, 14.958252576099003, 15.128796536571317, 15.08436453683819, 15.291059950912883, 15.136015479636553, 15.081863619117904, 15.324027762675401, 15.342498403832138, 15.113520060529263, 15.177508409674017, 14.961217122894617, 15.201083255872987, 15.149840125253972, 14.96150490697823, 14.946809893222328, 15.266090714713892, 15.094271339866564, 15.108786632439738, 14.797693534655572, 15.033797115238348, 15.053299534267135, 14.936927948431245, 15.08120976623945, 15.172302338891816, 14.946926441240182, 14.376494886946348, 14.986839602234156, 15.124539340853289, 15.193836984594242, 15.20678112987826, 15.026600943458629, 14.86778028482399, 15.022322937272232, 15.224198888857885, 15.104028347248017, 15.003842474374778]
ec list [59.67120055374187, 57.97087816426271, 58.623949132395126, 63.9337680877706, 58.828129169238366, 58.18985152907284, 58.26042509361944, 57.95415447832175, 58.049044842280104, 59.88024550964786, 68.68189965095178, 71.62151999828102, 65.77765058386619, 60.77826146337912, 58.978677212783296, 61.64849177015633, 60.75681178112458, 58.57996410475622, 59.81618802877259, 57.924131731245886, 57.34800741451056, 57.2713996914659, 57.22753705494969, 57.017823212985334, 57.28404287056923, 57.27921651374799, 57.049212403741116, 57.09574823023154, 57.15239098830838, 57.41011699556694, 57.59082327491084, 57.35043163841863, 57.36759012206179, 57.078802879801984, 57.55453507556038, 57.14529626835081, 57.168935837685154, 57.35464642608822, 57.319483047568696, 57.283918020198875, 57.33793925085327, 57.47988246632246, 57.316621124746774, 57.38492686987643, 57.191093063704685, 57.34295929887011, 57.01336789599262, 57.285935743741405, 57.23837907339651, 57.360691598182854, 57.544287541797566, 57.52858653453973, 57.37444370237077, 57.53676810969188, 57.291112567348584, 57.40347144876221, 57.50676564690515, 56.98987835207602, 57.24862773247112, 57.179344604289945, 57.26383852786054, 57.3241835874753, 58.23844274060098, 57.52543605443579, 57.27128741981675, 57.11408117253466, 57.359802105768644, 57.21706804430156, 57.25671822766154, 57.284227597846794, 57.452638685252055, 57.114998347575764, 57.270560636506005, 57.34160689557431, 57.14806328089268, 57.553987367296514, 57.16423573805309, 57.231174374160645, 57.082675138929915, 57.28502333439657, 57.46619820521319, 57.43840613596256, 57.421146057053875, 57.23248412214363, 57.01627270440017, 57.38018350698206, 57.31117922968994, 57.282113252799526, 57.315873680410654, 57.25544036974372, 57.28828295484583, 57.406323858120906, 57.28235926216112, 57.171398498074694, 57.33668293525073, 57.44703015842406, 57.239806199871865, 57.22939692211736, 57.204649536844784, 57.05427233298094, 57.389966576954215, 57.426425449023945, 56.99255291429272, 57.23177176703467, 57.090951919168496, 57.55099322221216, 57.23020486011601, 57.346854894254584, 57.18027284775994, 57.23155121939368, 57.33262378293568, 57.38357265054878, 57.43735020639623, 57.12751804450944, 57.54367238214071, 57.23395791264556, 57.15006836677654, 57.34406672514671, 57.535158773964206, 57.17193608045358, 57.27979779371219, 57.41122244466275, 57.249667280430685, 57.259192609570896, 56.98408742074739, 57.37755328792083, 57.205617209210054, 57.274394464955655, 57.39348404086871, 57.208404407864066, 57.16674754371121, 57.2485280201601, 57.19940169576955, 57.332012968640896, 57.01552364581491, 57.05234727311955, 57.355144534792935, 57.45253609793877, 57.25843634555559, 57.17373127797246, 57.271516720490766, 57.31680116018577, 57.57935233305863, 57.32460297601869, 57.029681315240545, 57.6454049903825, 57.19988073218562, 57.36698953894648, 57.248446631701746, 56.87291565559339, 57.19838752783857, 57.214411811696884, 57.411423625797994, 57.33433616208285, 57.46235850298309, 57.29308367481648, 57.335872955650295, 57.373938463702956, 57.70261585485934, 57.21690503166178, 57.38938936288618, 57.25837242747854, 57.05916174966364, 57.396955940358, 57.209188602879216, 57.161422086943496, 57.21052430765309, 57.227672389041224, 57.1198422321629, 57.23885783853294, 57.53647061653316, 57.17574836053783, 57.250901143070045, 57.2972302943913, 57.149030350073616, 57.497164519352765, 57.132183405198504, 57.43415751909382, 57.20674595170655, 57.22137242939804, 57.35539600194795, 57.29612578976252, 57.22083099099618, 57.35266561847663, 57.31713071618, 57.17650169863538, 57.23521032936014, 57.34009135629533, 57.29595906129738, 57.36310587007122, 57.26755068682645, 57.47416863731615, 57.516710346750294, 57.14775574311935, 57.15987850505642, 57.486503917187626, 57.278972278282474, 57.201796904697645, 57.444457224809575, 57.40249986555898]
jerk list [0.13720445798266442, 0.3625136060418597, 0.4294367251156933, 0.5578849259690803, 0.44353108661963425, 0.4334264763926446, 0.44083447523214325, 0.42869536136335334, 0.43319367824448846, 0.4481857727676542, 0.4261643913346691, 0.41784638995407547, 0.4735850078661977, 0.40888045610607293, 0.43484845641495173, 0.43747159584100437, 0.41441648962176164, 0.41291536391330114, 0.4491376913317984, 0.40161903674807725, 0.3622357069485427, 0.3580508390756002, 0.37313455679095237, 0.3403752106380935, 0.379165851756829, 0.3578330824164451, 0.3439832940853432, 0.3553620675458013, 0.3522786349717885, 0.3665134259547269, 0.39347032692371653, 0.38437896318557285, 0.3532812887365031, 0.37825457731798734, 0.39443313388582124, 0.37434064026526137, 0.3919959572609983, 0.3928178760878141, 0.37300003557117656, 0.3742465286613813, 0.3761030512176936, 0.37886658196679635, 0.36932589875950894, 0.39242532932828955, 0.3691489145143111, 0.3707743149458636, 0.36418751197092497, 0.3850049157771518, 0.3735877612561141, 0.3734254134404393, 0.36442215984015974, 0.35992654332735846, 0.359218787076046, 0.38141564896022506, 0.3704285392563783, 0.38861765012970884, 0.385484725205006, 0.36641599074477893, 0.36838406121934003, 0.38838986140516224, 0.39374281268609224, 0.38187010529846654, 0.38231581202098386, 0.37346815898717517, 0.37825922793218514, 0.37726951802985664, 0.3890327225506096, 0.395758106714615, 0.37754574009279973, 0.4059387108815223, 0.39301086872573715, 0.3971291337586537, 0.3910615155809643, 0.3837599607655129, 0.3842401401279701, 0.401526979605975, 0.38647372830028276, 0.3925279384875859, 0.37261900667757514, 0.392440652814163, 0.392756984448482, 0.380081217143485, 0.3858280148251356, 0.3853983327512052, 0.37807953174559816, 0.3824177449625655, 0.3880037653891116, 0.3862359523163757, 0.3969643773819412, 0.3835185459375855, 0.39522254831105014, 0.3951903614779593, 0.40281011857360277, 0.3790722290782879, 0.39052545449574383, 0.3937630210538841, 0.38799029612636776, 0.3854043781631419, 0.3735071739669745, 0.38930850654435856, 0.4065628137082951, 0.3785213286883846, 0.3763976674125637, 0.38651401964132315, 0.3840249158789865, 0.41256242164337836, 0.38137879319784085, 0.4086775070858168, 0.3889774953021352, 0.3783300137061471, 0.39181185647189587, 0.4011991524430407, 0.3869450620856588, 0.4006947160133114, 0.40189236278235047, 0.38414932931581425, 0.3925215210232456, 0.3871038641747568, 0.3970599854422902, 0.3950459928956615, 0.40053591426381624, 0.40729468464477536, 0.39337444325490495, 0.3693765463959909, 0.3945206397970761, 0.3978484957101798, 0.38563277577995286, 0.40446941022539684, 0.382182100036154, 0.3740480517889764, 0.39048699960263966, 0.39419037615898306, 0.38956998897100265, 0.3868362881515238, 0.3868140262956599, 0.3821544383668937, 0.38028195997392505, 0.40451678751193026, 0.3931147074814826, 0.3734285431122281, 0.39299343518016483, 0.4047591142578925, 0.40214164834413635, 0.39264781746539806, 0.3739421829729288, 0.3966581919607259, 0.3829423509630837, 0.39377087918760123, 0.38129971496973486, 0.3944230195336979, 0.3908781307893309, 0.390409130593951, 0.3912211829034761, 0.383434792748142, 0.38924785275435375, 0.392003362013426, 0.3937925127295428, 0.3956006399566496, 0.41742891838709856, 0.39319110681853603, 0.38355151358177697, 0.3843083280834678, 0.3972567146153423, 0.39614402921355313, 0.40117764038958637, 0.384662069404861, 0.3961862074920741, 0.3673500454372689, 0.388273085667222, 0.373584515075683, 0.38614029699889835, 0.3758639284878088, 0.39433557875286407, 0.3952515211540893, 0.4050807681054275, 0.3821324279591789, 0.38368664118667617, 0.4064362946563334, 0.38976526109832965, 0.39254007984408223, 0.4008498979549204, 0.3859278831156001, 0.38962461873521015, 0.40571725245244455, 0.40016724214177724, 0.40635360765735284, 0.38064137928176744, 0.3853690802873598, 0.402383540217083, 0.4134972120440589, 0.40090502402723227, 0.3968890848992831, 0.39594427844515717, 0.3861032443397361, 0.3949547670340616, 0.41065014846063624, 0.4088256364390008, 0.3846937310853817, 0.4109213309381707, 0.4080721984489412]