
Env:SUMO, Algorithm:MADDPG, Device:cuda:0
-----------------------------------------
{'algo': 'MADDPG', 'env': 'SUMO', 'seedVal': 20150427, 'gamma': 0.7, 'epsilon': 0.001, 'critic_lr': 0.005, 'actor_lr': 0.0001, 'memory_capacity': 1000000, 'batch_size': 512, 'train_eps': 200, 'eval_eps': 10, 'epsilon_start': 3, 'max_speed': 28, 'target_update': 4, 'hidden_dim': 256, 'soft_tau': 0.001, 'max_action': 2, 'device': device(type='cuda', index=0), 'simulation_steps': 3600, 'pathToSumoFiles': 'rou_net2_single', 'model_dest_path': 'models/', 'model_dest_path_leader': 'ep200_', 'model_dest_path_follow': '', 'logName': 'ep200_gamma0.700000_tua0.001000.txt', 'procID': 0}
seed 20150427
当前的gamma是0.7, 当前的soft tau是0.001
-----------------------------------------
model saved successfully!
Complete training!
final reward list:[-0.38558060611194206, 0.3112619337636237, 0.5140377984602382, 0.5054035822530687, 0.563014189495002, 0.5613482298103626, 0.5119386399393541, 0.5404254924859974, 0.5233066336847539, 0.5441967554305919, 0.5520419316133446, 0.5310436658568687, 0.5481628061514154, 0.554228457661528, 0.5340326335300883, 0.564213538141653, 0.547221756034952, 0.55630483767125, 0.5249894626973042, 0.5228659786743325, 0.5341789611813946, 0.5566235698852027, 0.527575868288895, 0.5749063457650746, 0.5488380374437966, 0.5344910343929417, 0.527826810043458, 0.5363293746602157, 0.5663139738723454, 0.5468686427255515, 0.5282526210422978, 0.53035005029855, 0.5597078701388395, 0.5129725544808439, 0.5488202157499502, 0.5317701694476242, 0.5611665584633692, 0.5366106356495995, 0.5124566260480312, 0.56344487412848, 0.5684518578305249, 0.529122984842824, 0.5485589138757763, 0.5350018239520923, 0.5497348821827983, 0.5126166576514537, 0.5330763475550246, 0.5727735830192158, 0.5555839913406746, 0.5116630412825474, 0.5102380424155253, 0.5325090911123733, 0.5367111913390786, 0.5007053855020225, 0.546635204848647, 0.5102795661465873, 0.524287858949922, 0.5593273509031552, 0.5298546299623677, 0.5524210780247386, 0.511086307524971, 0.5258487991608597, 0.4593472300651661, 0.5514608344363383, 0.5385304062186274, 0.539935357835151, 0.5298400838777987, 0.5420976314186909, 0.5786246335445604, 0.5642436111020687, 0.5470182718891958, 0.5397006718105748, 0.5719195332142226, 0.5372503079644751, 0.5659110423185769, 0.5455778410495263, 0.5404740949463303, 0.5326350571809151, 0.557580508745368, 0.5464778687740869, 0.5300511453882116, 0.5247625437054866, 0.5520715441000021, 0.5584782235132496, 0.526658736769395, 0.5455652848181046, 0.556468773353437, 0.5380360657087454, 0.5484644008369294, 0.568006723835202, 0.5313611309664577, 0.5297054971573563, 0.5473681144621392, 0.5241098897106036, 0.5099227655685094, 0.5424026586171968, 0.5333904134584915, 0.5342078497793104, 0.5297896133205631, 0.5217223459098678, 0.5578568885400285, 0.53357285104189, 0.5192964919659556, 0.5566417725215302, 0.5194965852843135, 0.5188673532465087, 0.5324897681275261, 0.5143620830687504, 0.5641044283937352, 0.5502587937935961, 0.5061553877913914, 0.5717953084617364, 0.5247455290373354, 0.5462150049524997, 0.47556534957595153, 0.5461667375039158, 0.5365966137088612, 0.5205481540587282, 0.5620617960221174, 0.5370726339325731, 0.5320049345218725, 0.5093156326579297, 0.5820262664713325, 0.5417727417272284, 0.5393241992316943, 0.5093830341462567, 0.5821470293537669, 0.5422550570012477, 0.5039406836720125, 0.5332268637479619, 0.5494319376478332, 0.5530508860533473, 0.5120901544030054, 0.5683494674883256, 0.5359951717604182, 0.5263954480525872, 0.5465896392247463, 0.5328121261923303, 0.5441646724222192, 0.5465889461625645, 0.5427716432340237, 0.5178095092720358, 0.5387915757036071, 0.5067469670221835, 0.539039859350338, 0.5434667247502082, 0.4960496850669371, 0.5365819858140382, 0.5149395652850166, 0.47419607733018065, 0.5455701503221516, 0.5544089105079241, 0.5373253730551707, 0.5436594923768668, 0.5317692617497679, 0.5319155754350331, 0.5325727229546405, 0.5263055568836489, 0.49431254990387297, 0.5272136394908984, 0.5148678813240376, 0.5042368488012445, 0.5409235356278965, 0.5176222711222903, 0.5298311047530592, 0.5357535645749595, 0.5211054025222817, 0.5556621275362735, 0.5323224892117646, 0.5300952792307885, 0.5359646134543141, 0.5548465804050032, 0.5235758270914075, 0.5610330200606719, 0.5285114804434123, 0.541099936170374, 0.5300823452694869, 0.528315589127357, 0.518989699755475, 0.5434556189685458, 0.4959649123063108, 0.5459519986169734, 0.5431239091101123, 0.5260918017499072, 0.5365627417258095, 0.5485200860913247, 0.5254224834682187, 0.5373413953363674, 0.5434613884938204, 0.4914208473539943, 0.5490032604683799, 0.5551784596513056, 0.5493652961780257, 0.5351651453323052, 0.5412646693908497, 0.5055822525712869, 0.5320928451254657, 0.5453153000077199, 0.5315658263785862, 0.5031594078223748]
final halt list:[1.9593525179856115, 0.14747956403269755, 0.01698867421718854, 0.006263701847792045, 0.015384615384615385, 0.0003505082369435682, 0.16572190730243413, 0.0, 0.035512777962163955, 0.22867132867132867, 0.0, 0.02287581699346405, 0.021357216672407853, 0.0, 0.016276041666666668, 0.022415523586483774, 0.014408338442673207, 0.01651705565529623, 0.01594896331738437, 0.019905899384726745, 0.021108179419525065, 0.023161764705882354, 0.022354173943415996, 0.0, 0.0, 0.0, 0.011960132890365448, 0.0, 0.002775850104094379, 0.017284726587052168, 0.016632016632016633, 0.006851549755301794, 0.015630196208846026, 0.0, 0.015946843853820596, 0.021988841483426322, 0.012377138696760102, 0.006040268456375839, 0.05545805545805546, 0.03450586264656617, 0.014022140221402213, 0.024188204108681246, 0.0006430868167202572, 0.001281640499839795, 0.0, 0.005952380952380952, 0.0, 0.0, 0.0, 0.024488426702448843, 0.004414261460101867, 0.027166882276843468, 0.0, 0.04256734286664449, 0.01588352084712111, 0.03186022610483042, 0.004723346828609987, 0.0, 0.0006777363605557439, 0.0, 0.013013698630136987, 0.01520086862106406, 0.0638148667601683, 0.0017006802721088435, 0.0, 0.0, 0.004057428214731586, 0.0, 0.0, 0.0, 0.015784281486353174, 0.0, 0.0, 0.0029411764705882353, 0.0003307972213033411, 0.0026195153896529143, 0.005384063173007897, 0.0, 0.0, 0.0, 0.000630119722747322, 0.018152866242038216, 0.009365244536940686, 0.0, 0.0, 0.00032268473701193933, 0.003297911322828875, 0.0003566333808844508, 0.001328462304882099, 0.002627257799671593, 0.004408273991183452, 0.0076521739130434785, 0.0017241379310344827, 0.014406514249921704, 0.007545931758530184, 0.0003479471120389701, 0.0, 0.0, 0.015063334474495036, 0.0, 0.0003479471120389701, 0.012991030003093103, 0.0, 0.026251312565628283, 0.03032345013477089, 0.0, 0.0, 0.0, 0.0, 0.0, 0.0012845215157353885, 0.0, 0.0, 0.0, 0.0013003901170351106, 0.0, 0.01391304347826087, 0.0, 0.003377110694183865, 0.0, 0.0, 0.0010221465076660989, 0.0, 0.0, 0.0, 0.015249837767683322, 0.0, 0.0, 0.015439047925377935, 0.006711409395973154, 0.0006457862447529867, 0.0, 0.015068932350112215, 0.0, 0.010026737967914439, 0.0, 0.0, 0.020721686316541622, 0.0, 0.04044244728655375, 0.005143040822886531, 0.025, 0.0025399129172714078, 0.0035688793718772305, 0.0007005253940455342, 0.049754730203223546, 0.015151515151515152, 0.01903807615230461, 0.0, 0.0003225806451612903, 0.0, 0.0, 0.0, 0.0, 0.02942182689018132, 0.0, 0.00034340659340659343, 0.011661807580174927, 0.03388681802778719, 0.05028943560057887, 0.0006134969325153375, 0.015245009074410164, 0.015785861358956762, 0.0076866764275256225, 0.005379959650302623, 0.010273972602739725, 0.01505927587311759, 0.014914514368861403, 0.01347517730496454, 0.004371584699453552, 0.0, 0.0, 0.007452574525745257, 0.0, 0.0003290556103981573, 0.0, 0.0020920502092050207, 0.0010377032168799724, 0.0, 0.0020380434782608695, 0.0, 0.0, 0.0, 0.0, 0.0, 0.0003707823507601038, 0.0, 0.0006600660066006601, 0.0, 0.07746232036452856, 0.0, 0.0, 0.013056578506863073, 0.0, 0.01655512504402959, 0.011663807890222984, 0.0, 0.0, 0.0, 0.015430072225869994]
speed reward list:[0.0, 0.0, 0.0, 0.0, 0.0, 0.0, 0.0, 0.0, 0.0, 0.0, 0.0, 0.0, 0.0, 0.0, 0.0, 0.0, 0.0, 0.0, 0.0, 0.0, 0.0, 0.0, 0.0, 0.0, 0.0, 0.0, 0.0, 0.0, 0.0, 0.0, 0.0, 0.0, 0.0, 0.0, 0.0, 0.0, 0.0, 0.0, 0.0, 0.0, 0.0, 0.0, 0.0, 0.0, 0.0, 0.0, 0.0, 0.0, 0.0, 0.0, 0.0, 0.0, 0.0, 0.0, 0.0, 0.0, 0.0, 0.0, 0.0, 0.0, 0.0, 0.0, 0.0, 0.0, 0.0, 0.0, 0.0, 0.0, 0.0, 0.0, 0.0, 0.0, 0.0, 0.0, 0.0, 0.0, 0.0, 0.0, 0.0, 0.0, 0.0, 0.0, 0.0, 0.0, 0.0, 0.0, 0.0, 0.0, 0.0, 0.0, 0.0, 0.0, 0.0, 0.0, 0.0, 0.0, 0.0, 0.0, 0.0, 0.0, 0.0, 0.0, 0.0, 0.0, 0.0, 0.0, 0.0, 0.0, 0.0, 0.0, 0.0, 0.0, 0.0, 0.0, 0.0, 0.0, 0.0, 0.0, 0.0, 0.0, 0.0, 0.0, 0.0, 0.0, 0.0, 0.0, 0.0, 0.0, 0.0, 0.0, 0.0, 0.0, 0.0, 0.0, 0.0, 0.0, 0.0, 0.0, 0.0, 0.0, 0.0, 0.0, 0.0, 0.0, 0.0, 0.0, 0.0, 0.0, 0.0, 0.0, 0.0, 0.0, 0.0, 0.0, 0.0, 0.0, 0.0, 0.0, 0.0, 0.0, 0.0, 0.0, 0.0, 0.0, 0.0, 0.0, 0.0, 0.0, 0.0, 0.0, 0.0, 0.0, 0.0, 0.0, 0.0, 0.0, 0.0, 0.0, 0.0, 0.0, 0.0, 0.0, 0.0, 0.0, 0.0, 0.0, 0.0, 0.0, 0.0, 0.0, 0.0, 0.0, 0.0, 0.0, 0.0, 0.0, 0.0, 0.0, 0.0, 0.0]
tls reward list:[-0.007346953201658561, -0.0070026758903743765, -0.00718245203727609, -0.006405671835523319, -0.006484285642087011, -0.005946450566568265, -0.006113069521383048, -0.005991181728972074, -0.006069613050843527, -0.005671459493065952, -0.0055568908202310585, -0.005751363045794867, -0.006052897280501082, -0.005460613770623968, -0.005808845546647269, -0.005767630339383863, -0.005342945654419499, -0.005532497117088594, -0.00527949393251146, -0.00601080492236709, -0.00607817220527352, -0.005836381270101604, -0.0057338557093157844, -0.005597145594951938, -0.00560056393236667, -0.005679169531259633, -0.005511560113228543, -0.005483824547291875, -0.005618512063542656, -0.005558192267768112, -0.005656292217894265, -0.005825159958750273, -0.005489760294967825, -0.00543069212705258, -0.005565438601391387, -0.005433037595006913, -0.005931497393337977, -0.00523504125745984, -0.0057494338897382926, -0.005449351692820612, -0.005705567686182521, -0.005492721427043576, -0.005256418506715409, -0.005558589330226, -0.005534087659417463, -0.005321094480666796, -0.0053391995889967145, -0.005972748930660409, -0.005238510072744883, -0.005773629614669977, -0.005665975152668955, -0.00562863536072393, -0.005229284189514535, -0.0056411297644130155, -0.005501161078054004, -0.0057557647827676025, -0.00547070388025317, -0.005378185390498428, -0.006020772872348775, -0.005761731513742321, -0.005566636044354817, -0.005628417705850354, -0.005307246642204225, -0.005889723656678045, -0.005384036954790647, -0.00531615001987553, -0.005224890535348659, -0.005503875258970505, -0.0055463932963756525, -0.005821670560423893, -0.005475492702168652, -0.005492337929047231, -0.0053418432738185, -0.005776189775106137, -0.00538234205434617, -0.005637066866389616, -0.005595851953216909, -0.005237108698901546, -0.005449256596989315, -0.005263789702367602, -0.005554924042949695, -0.005524294901148727, -0.005847933257277323, -0.005375452397112842, -0.005335445893301656, -0.005164224156985229, -0.005513644947923679, -0.005585203656128168, -0.005486023696306217, -0.005333739294097666, -0.005615854976056726, -0.005759664680837903, -0.005582935625925116, -0.005218315564413218, -0.005532061220451034, -0.005722307345719251, -0.005817119975253325, -0.0058248825898579906, -0.0054814507774012255, -0.005712018927007002, -0.005692136057434544, -0.005413668438247426, -0.005712319582931322, -0.005675850481066294, -0.005317139294993355, -0.005263518759395447, -0.00546329363044917, -0.005715184293266801, -0.005475200396962037, -0.005760869468419226, -0.005590014599088451, -0.005405008823584083, -0.005401901109865911, -0.005569849147062928, -0.005428836808346129, -0.005399537817675551, -0.005627416502099627, -0.005188657765318666, -0.005992075216872979, -0.005688506722878492, -0.005798613986743947, -0.005597374225090638, -0.005693093947246897, -0.005443373210232797, -0.005382161363377465, -0.005625499335728142, -0.005405726716145171, -0.005668593951431205, -0.005491202285362087, -0.005717837406361202, -0.005490418654149235, -0.005679278113803728, -0.005352291845824298, -0.005686575155866432, -0.005467997559813238, -0.00562081094844683, -0.005213488460058559, -0.005730929197393008, -0.005327739487470379, -0.005381821741970051, -0.005379456399047636, -0.005607391744047489, -0.005793341244710211, -0.005578595929781571, -0.005657137977056864, -0.005552210981925817, -0.005094901643242027, -0.005794691240968594, -0.005321620953144251, -0.0051135655115785925, -0.005431748234917395, -0.0057089778064011885, -0.0055790964354888815, -0.005490395602939713, -0.005679236263778653, -0.005496667003707905, -0.005535280966050376, -0.0056281421700524045, -0.005654946898485172, -0.005683457400198661, -0.0053739164847682016, -0.005598436189901491, -0.00558661431987219, -0.005813249254228362, -0.005740404668217279, -0.005679931887788103, -0.005371514473468986, -0.005533719388019198, -0.005686868270370606, -0.005470825534397955, -0.005532879525764589, -0.005621366584628981, -0.005776126117503707, -0.0055447463659480944, -0.005452656285499932, -0.0055099826145441, -0.005697000335843829, -0.005664294941582147, -0.005526131958701887, -0.005557065361118455, -0.005826565926210265, -0.005647740537736848, -0.005494630940978706, -0.005779141565149189, -0.0056458740079101625, -0.005841356198045191, -0.005552004330423434, -0.005563446771351088, -0.005665120941181205, -0.005678177255191186, -0.005426968401089005, -0.005841446580497801, -0.005674119282450607, -0.00550826982635849, -0.005489453945624482, -0.0055017194767175, -0.005709492123024781, -0.005785599827324259, -0.005555888844070692, -0.005793040886815719]
target reward list:[-0.3782336529102835, 0.3182646096539981, 0.5212202504975143, 0.511809254088592, 0.569498475137089, 0.567294680376931, 0.5180517094607371, 0.5464166742149694, 0.5293762467355974, 0.5498682149236577, 0.5575988224335756, 0.5367950289026636, 0.5542157034319165, 0.559689071432152, 0.5398414790767356, 0.569981168481037, 0.5525647016893716, 0.5618373347883386, 0.5302689566298158, 0.5288767835966995, 0.5402571333866681, 0.5624599511553042, 0.5333097239982109, 0.5805034913600267, 0.5544386013761633, 0.5401702039242012, 0.5333383701566866, 0.5418131992075076, 0.5719324859358881, 0.5524268349933195, 0.5339089132601921, 0.5361752102573002, 0.5651976304338072, 0.5184032466078965, 0.5543856543513416, 0.537203207042631, 0.5670980558567071, 0.5418456769070592, 0.5182060599377696, 0.5688942258213006, 0.5741574255167073, 0.5346157062698677, 0.5538153323824917, 0.5405604132823183, 0.5552689698422159, 0.5179377521321205, 0.5384155471440214, 0.5787463319498762, 0.5608225014134195, 0.5174366708972173, 0.5159040175681944, 0.5381377264730972, 0.541940475528593, 0.5063465152664354, 0.5521363659267009, 0.5160353309293549, 0.5297585628301752, 0.5647055362936536, 0.5358754028347164, 0.5581828095384809, 0.5166529435693259, 0.5314772168667101, 0.4646544767073703, 0.5573505580930163, 0.5439144431734181, 0.5452515078550266, 0.5350649744131474, 0.5476015066776615, 0.584171026840936, 0.5700652816624926, 0.5524937645913645, 0.5451930097396221, 0.5772613764880411, 0.5430264977395813, 0.571293384372923, 0.551214907915916, 0.5460699468995472, 0.5378721658798166, 0.5630297653423574, 0.5517416584764544, 0.5356060694311613, 0.5302868386066354, 0.5579194773572795, 0.5638536759103625, 0.5319941826626966, 0.5507295089750899, 0.5619824183013609, 0.5436212693648735, 0.5539504245332356, 0.5733404631292996, 0.5369769859425143, 0.5354651618381941, 0.5529510500880643, 0.5293282052750167, 0.5154548267889603, 0.548124965962916, 0.5392075334337448, 0.5400327323691684, 0.5352710640979643, 0.5274343648368747, 0.5635490245974629, 0.5389865194801374, 0.5250088115488868, 0.5623176230025967, 0.5248137245793069, 0.524130872005904, 0.5379530617579753, 0.5200772673620172, 0.5695796287906971, 0.5560196632620154, 0.5117454023904797, 0.5772003172853205, 0.5301474301472013, 0.5517848540995628, 0.4809941863842977, 0.5515662753215914, 0.5422240302109608, 0.5257368118240469, 0.5680538712389903, 0.5427611406554517, 0.5378035485086164, 0.5149130068830203, 0.5877193604185793, 0.5472161149374613, 0.5447063605950717, 0.5150085334819848, 0.5875527560699121, 0.5479236509526789, 0.5094318859573745, 0.5389447011543232, 0.5549223563019824, 0.558730164167151, 0.5174424462488297, 0.574036042644192, 0.5414631693202314, 0.5320162590010341, 0.5518031276848049, 0.5385430553897234, 0.5494924119096896, 0.5519707679045345, 0.5481510996330713, 0.5234169010160833, 0.5445849169483173, 0.512325562951965, 0.544696997327395, 0.5490189357321341, 0.5011445867101791, 0.5423766770550067, 0.5202611862381609, 0.47930964284175914, 0.5510018985570689, 0.5601178883143253, 0.5429044694906596, 0.5491498879798067, 0.5374484980135465, 0.537412242438741, 0.5381080039206909, 0.5319336990537012, 0.49996749680235814, 0.5328970968910971, 0.5202417978088059, 0.509835284991146, 0.5465101499477687, 0.5234355203765186, 0.5355715094212764, 0.5414334964627475, 0.5264769169957506, 0.5611958469242927, 0.5380093574821352, 0.5355661047651864, 0.5414974929800788, 0.5604679469896322, 0.5293519532089113, 0.56657776642662, 0.5339641367289123, 0.546609918784918, 0.5357793456053308, 0.5339798840689391, 0.524515831714177, 0.5490126843296642, 0.5017914782325211, 0.5515997391547102, 0.5486185400510909, 0.5318709433150564, 0.5422086157337196, 0.5543614422893699, 0.5309744877986421, 0.5429048421077185, 0.5491265094350016, 0.4970990246091854, 0.5544302288694689, 0.5610199062318034, 0.5550394154604762, 0.5406734151586636, 0.5467541233364741, 0.5110839720480044, 0.5378023372484905, 0.5511008998350442, 0.5371217152226568, 0.5089524487091905]
safe reward list [0.0, 0.0, 0.0, 0.0, 0.0, 0.0, 0.0, 0.0, 0.0, 0.0, 0.0, 0.0, 0.0, 0.0, 0.0, 0.0, 0.0, 0.0, 0.0, 0.0, 0.0, 0.0, 0.0, 0.0, 0.0, 0.0, 0.0, 0.0, 0.0, 0.0, 0.0, 0.0, 0.0, 0.0, 0.0, 0.0, 0.0, 0.0, 0.0, 0.0, 0.0, 0.0, 0.0, 0.0, 0.0, 0.0, 0.0, 0.0, 0.0, 0.0, 0.0, 0.0, 0.0, 0.0, 0.0, 0.0, 0.0, 0.0, 0.0, 0.0, 0.0, 0.0, 0.0, 0.0, 0.0, 0.0, 0.0, 0.0, 0.0, 0.0, 0.0, 0.0, 0.0, 0.0, 0.0, 0.0, 0.0, 0.0, 0.0, 0.0, 0.0, 0.0, 0.0, 0.0, 0.0, 0.0, 0.0, 0.0, 0.0, 0.0, 0.0, 0.0, 0.0, 0.0, 0.0, 0.0, 0.0, 0.0, 0.0, 0.0, 0.0, 0.0, 0.0, 0.0, 0.0, 0.0, 0.0, 0.0, 0.0, 0.0, 0.0, 0.0, 0.0, 0.0, 0.0, 0.0, 0.0, 0.0, 0.0, 0.0, 0.0, 0.0, 0.0, 0.0, 0.0, 0.0, 0.0, 0.0, 0.0, 0.0, 0.0, 0.0, 0.0, 0.0, 0.0, 0.0, 0.0, 0.0, 0.0, 0.0, 0.0, 0.0, 0.0, 0.0, 0.0, 0.0, 0.0, 0.0, 0.0, 0.0, 0.0, 0.0, 0.0, 0.0, 0.0, 0.0, 0.0, 0.0, 0.0, 0.0, 0.0, 0.0, 0.0, 0.0, 0.0, 0.0, 0.0, 0.0, 0.0, 0.0, 0.0, 0.0, 0.0, 0.0, 0.0, 0.0, 0.0, 0.0, 0.0, 0.0, 0.0, 0.0, 0.0, 0.0, 0.0, 0.0, 0.0, 0.0, 0.0, 0.0, 0.0, 0.0, 0.0, 0.0, 0.0, 0.0, 0.0, 0.0, 0.0, 0.0]
speed list [15.292812629862288, 14.933575843790228, 15.024350169955069, 15.079591430260322, 15.004026152413795, 15.232179546335452, 14.741719515582568, 15.225286308062897, 15.076955586963777, 14.722704953004293, 15.131290571386447, 15.023141152505996, 14.939153250152442, 15.221944231426308, 15.147879609320189, 15.369401669525292, 14.710967112320134, 14.82308970451469, 14.861516644725679, 14.860265665069164, 15.083764761753704, 15.183060681411316, 15.1580141190059, 15.370324465642195, 15.067275891335907, 15.140488976542775, 15.245044617426132, 15.116744943917148, 15.337815513994325, 14.989930955605994, 14.897648553618989, 15.029369162033477, 15.435981296494132, 14.920769925101304, 15.185392169217902, 15.079542844576984, 15.105153820810138, 15.044530649042967, 14.900779110481286, 15.138279817472489, 15.177365775190271, 15.103800101531512, 15.340127605153157, 14.902284137485518, 15.113804695112806, 15.165732805102088, 14.908931135463675, 15.047036694525834, 15.233064508170452, 15.126557827260333, 15.201272636789115, 15.189469249933348, 15.307276639701055, 14.723986809636447, 15.210544856255654, 14.932349751332358, 14.978159352883571, 15.180216281056806, 15.196297456512736, 15.146805705563995, 14.876981710929213, 14.926548258355494, 14.088185217647858, 15.230122243029102, 15.093806374808088, 15.081484386696339, 15.054872668217497, 14.989266165464533, 15.296990203803484, 14.94797405888033, 15.155794878645377, 14.956716588282783, 15.219615746227873, 15.173193881606034, 15.215762274495216, 15.18272821002761, 15.12595811072244, 15.122404321583401, 15.358498331887843, 15.169135351278808, 15.07532841332279, 15.056474556443321, 14.998612476476458, 15.176826701185892, 15.312866695360366, 15.191548919756327, 15.093405266938511, 15.247120195306444, 15.089381631469854, 15.257575437132342, 15.212030827828233, 15.104199884948121, 14.912605823367473, 15.07275294234818, 15.069317248338393, 15.139614265170918, 15.10614497727927, 15.210015764757594, 15.227232611791823, 15.01749906120376, 15.01343829987237, 15.267352732297592, 15.061369650592654, 14.873217216086983, 14.831660796916346, 15.018193167764554, 15.14935116575198, 14.765840830176463, 15.110821606261737, 15.255295507744828, 15.100397013927804, 15.242875322728723, 15.31407613261795, 15.109394773413623, 14.553204677185098, 15.126748531907364, 15.004013207772823, 15.02258775226138, 15.088596326051587, 14.988792783048996, 14.973423336202654, 14.92263612656617, 15.180720891888699, 15.11189874588605, 14.794264039940439, 15.014855181103282, 15.073509300394495, 14.905716138200296, 15.070077575675398, 15.241906051156294, 14.973847289370715, 15.237613850142097, 15.141354672745091, 15.066550671210347, 14.986584232929467, 15.204234600868956, 15.012880715733678, 14.941860148026732, 15.114422813288593, 15.098557299971612, 15.14105386875272, 14.91269365572585, 15.091281463662384, 14.74202614896089, 15.330298165183601, 14.901372075262204, 15.209281417296033, 15.185648642823356, 15.252582254056977, 14.701776107459384, 15.14573625788668, 15.073446787690576, 15.414148862253757, 15.149815132323935, 15.136508383897159, 14.921034664213424, 15.117739110378729, 14.969984978091956, 14.605115302423807, 14.769846940453887, 15.121691042227594, 14.943455851766497, 14.950928022929457, 14.991890844651747, 14.9497892434474, 15.119331891461977, 15.067678587120039, 15.271310175760172, 15.116482635192224, 15.034639669027404, 15.313645237463628, 15.320777888433634, 15.10929865147391, 15.180988536965593, 14.961675103979553, 15.210613355122987, 15.121932144561997, 14.985798889044387, 14.942028277105473, 15.258108413945514, 15.106002465996731, 15.130173354788539, 14.810553151160699, 15.04659919016942, 15.023432785531368, 14.957076005625277, 15.08353850160749, 15.152822440771367, 14.930725170195206, 14.32285237376466, 14.99172005104132, 15.159947684032861, 15.188679790297096, 15.211729425737007, 15.060218741144865, 14.854345316966816, 15.013024328365633, 15.264973159589335, 15.142187734807537, 15.011131711077132]
ec list [59.659850568792756, 58.03698391805105, 58.05988492776217, 57.722654388415144, 57.492576083279374, 57.50824583667427, 57.50695721569978, 57.465256088007656, 57.48251504908896, 57.280000318786726, 57.37731151286351, 57.593900576179685, 57.36220165559786, 57.37655939959294, 57.38990795890335, 57.4743988342207, 57.207862741970374, 57.09358238816333, 57.19674396869281, 57.64642465593876, 57.65485067628088, 57.39204092385119, 57.33782206861273, 57.256446268770446, 57.439230121440055, 57.36938969820516, 57.18701518369477, 57.294368572755154, 57.19581982301544, 57.4966625422162, 57.59941105750772, 57.44200965634475, 57.34542673117187, 57.167864804061836, 57.414829591808704, 57.16868575588824, 57.34430590924972, 57.18353543005427, 57.47996617617127, 57.25314836824486, 57.15343312831729, 57.507815451645094, 57.312938762462785, 57.404313303209996, 57.30515088984861, 57.34463173430069, 56.9370768003206, 57.41257094162836, 57.29032532833902, 57.51213626445894, 57.57990761125857, 57.55120631759553, 57.25958358323413, 57.44901668412397, 57.401913048242946, 57.40177164476152, 57.48159521637154, 56.95229797803262, 57.49501095584034, 57.30949489690624, 57.35893783953485, 57.28446603022269, 58.13885714443284, 57.5517530483903, 57.21310061001105, 57.27047295367036, 57.30223674525823, 57.059157815407836, 57.19439817505735, 57.276255156007146, 57.53058514911297, 56.98431737973269, 57.3021274683644, 57.38755111597241, 57.260412090072535, 57.63871271337935, 57.26457082343584, 57.27647965816087, 57.096483463268775, 57.25459268487895, 57.54040272743081, 57.433403817533566, 57.46531049855213, 57.26245738142904, 57.09145108965109, 57.35546326804473, 57.2029228460467, 57.352101341914796, 57.31027227429329, 57.10037885902173, 57.30395495153866, 57.43557976933072, 57.293005193021614, 57.363391022795355, 57.400462204507704, 57.56530384197634, 57.30701721652872, 57.343198022880294, 57.327004874151534, 57.09825471353983, 57.38118003719592, 57.407077394989734, 57.144859239090444, 57.367604387372175, 57.272791774712054, 57.366169164603264, 57.369249307212115, 57.334854187987155, 57.304287880533174, 57.34695226913491, 57.366123177541, 57.289234898223256, 57.44592086400069, 57.13738860232981, 57.72249792896373, 57.37062128177632, 57.267406155494534, 57.38366151297276, 57.596627513831066, 57.35320395587825, 57.43720038805912, 57.36700818881566, 57.28709246383269, 57.23036680324364, 57.03334690153036, 57.395663977145205, 57.315613966707225, 57.402004593719795, 57.2703420642794, 57.35344754298243, 57.22352634809264, 57.45250387813666, 57.099485780871376, 57.381945040368265, 57.09006713268914, 57.04784535019552, 57.287677832792454, 57.51254523645081, 57.313587999857546, 57.31751354834422, 57.11341000138441, 57.302880248204644, 57.6777308080327, 57.32990560569107, 57.12161953353973, 57.624683936940635, 57.21282532375801, 57.450877131352485, 57.28762528070893, 56.92598356613149, 57.22545538325118, 57.246314459050076, 57.52174042368373, 57.37518868223689, 57.53355388111276, 57.39385268967292, 57.41943882821992, 57.48163581525305, 57.76742222831779, 57.44747226656266, 57.52818733815428, 57.345495298507075, 57.1536469711217, 57.456214216335745, 57.298255438843654, 57.40697187320666, 57.30973877470049, 57.35911762444046, 57.197565863915216, 57.34779367664558, 57.53410760014611, 57.24396418189587, 57.38785003823108, 57.3652853811636, 57.2705358640476, 57.50245441110401, 57.158163940643526, 57.548592667303026, 57.25061855481032, 57.35633945799565, 57.44939516439768, 57.409188262035286, 57.204105785390624, 57.43533879892408, 57.295160999907175, 57.25763855368521, 57.192731605275256, 57.464291056912636, 57.462454799493884, 57.54282667931065, 57.309502692983486, 57.509129383272956, 57.52537951539505, 57.28357820761885, 57.27381808899842, 57.462320820351174, 57.24739949402161, 57.3225245310308, 57.308322858586656, 57.45824088065131]
jerk list [0.14474399834205784, 0.35896275634141384, 0.3959312125506841, 0.41827455209442166, 0.39097848394192625, 0.3782618575827697, 0.37430268547285606, 0.3634493897378436, 0.3737314515930878, 0.36546964126149517, 0.38832008347806857, 0.3862218511464634, 0.3881230541678832, 0.36347416974068164, 0.3769851490128971, 0.35318930031115275, 0.3811047427122369, 0.3793568725361762, 0.3815445808422916, 0.4038080021815188, 0.3865573195267226, 0.37836728194251057, 0.3753800631611126, 0.3617307146104825, 0.3970909898436622, 0.38406463723342577, 0.36782708584418145, 0.37481598182882586, 0.3659595978274235, 0.38744682969387356, 0.38626097383347885, 0.3831340561194466, 0.3519561733596706, 0.39055306252527544, 0.3675057581811645, 0.3674725592406468, 0.3887601707359007, 0.3766702576142804, 0.3739089781422105, 0.3538046463516324, 0.36847674173016154, 0.37368103719664164, 0.3663795921989532, 0.3921172467864228, 0.3870562726704291, 0.37341122428711077, 0.3752611275126564, 0.40170238490648447, 0.38632894443911137, 0.38991963752521747, 0.38502136380844615, 0.375718361764438, 0.366764234622698, 0.38938539100216446, 0.3900581600303943, 0.3969289032164097, 0.3927570488371935, 0.3696596269285564, 0.3952132288143663, 0.3974738485030849, 0.41065606727717646, 0.3963065960565516, 0.3962414923396774, 0.3831895786962096, 0.38191808510265957, 0.3796645794797243, 0.38832289335957293, 0.3820908077368819, 0.3690850765606804, 0.409347209753511, 0.3950583035673793, 0.3863985719195465, 0.38982439334620134, 0.39855199076535686, 0.38840155239084795, 0.40000805736676814, 0.37983158382477766, 0.3924482852609664, 0.37106155984712363, 0.39314896258893284, 0.4006794509924988, 0.3835256870169503, 0.4033124113768825, 0.3872236805861283, 0.3849962890510146, 0.38790383841569753, 0.38220522078012337, 0.38691184599134887, 0.39510313100244715, 0.37153973968901366, 0.38224057746904755, 0.3957838927758539, 0.4033344844498665, 0.3949864095631905, 0.4048671248857782, 0.40517727001484294, 0.4051915006408401, 0.40420707832776426, 0.388020905938917, 0.41510725719356173, 0.4049826960816021, 0.3865981897752428, 0.3899876011961512, 0.40220946161954707, 0.39757575979931553, 0.40426225359514867, 0.40986267724882663, 0.4213184532144844, 0.40546082487015306, 0.39732871766689976, 0.4025311284580697, 0.39503975335227304, 0.3930895047676082, 0.3932945794551666, 0.41796612784499115, 0.39904316206311147, 0.4004496235349578, 0.39769575470480967, 0.4105466990777516, 0.41989172627582366, 0.4217316579815739, 0.4147560669751884, 0.4072117543079138, 0.3938948100281127, 0.40627625300435427, 0.4123834912034039, 0.4063569458059261, 0.4172554930988733, 0.38775312486841435, 0.3897928117745127, 0.39971005437110735, 0.4033476403199107, 0.3906436560670268, 0.4029491069131088, 0.39346095694153604, 0.3889586690256152, 0.38889934259224046, 0.41583514989248743, 0.41587284940473196, 0.39535561737898933, 0.40325397132495266, 0.4201382397991054, 0.42462363776179085, 0.40651235227286153, 0.38652243337723946, 0.4048546213462123, 0.39647623829090756, 0.41311217879822065, 0.39619010835037183, 0.41389900070718727, 0.3948473938240763, 0.41562406209049707, 0.4078686164426365, 0.40776652976841193, 0.41319014899012474, 0.4166856893189776, 0.40984514466636834, 0.41304204831212615, 0.4236937684080798, 0.4110302604388216, 0.401390236406174, 0.4058367619571449, 0.4152780542733239, 0.4114615216413969, 0.41901589171549386, 0.4062472726609459, 0.40665847587246107, 0.38324280552247514, 0.40197358582545767, 0.40083487294270964, 0.40025476499342066, 0.38978849881122357, 0.4238489378306917, 0.39724174167727405, 0.41358855452964927, 0.39826997150142557, 0.4006852835240089, 0.4189929479803323, 0.4103200503751421, 0.39559102391873174, 0.41020157642088906, 0.41007865121981646, 0.39955333174736657, 0.4141709917340506, 0.4121197051058472, 0.4198684041168368, 0.3787286520206089, 0.40502976358379983, 0.41714778076661807, 0.4260062180328261, 0.40917009573506014, 0.404804660269984, 0.4053950732848466, 0.3969494703082814, 0.3991120459553002, 0.41794840552956325, 0.4180592922280262, 0.40449932489991025, 0.40781853179747435, 0.41748376415747573]