
Env:SUMO, Algorithm:MADDPG, Device:cuda:1
-----------------------------------------
{'algo': 'MADDPG', 'env': 'SUMO', 'seedVal': 20150427, 'gamma': 0.7, 'epsilon': 0.001, 'critic_lr': 0.005, 'actor_lr': 0.0001, 'memory_capacity': 1000000, 'batch_size': 512, 'train_eps': 200, 'eval_eps': 10, 'epsilon_start': 3, 'max_speed': 28, 'target_update': 4, 'hidden_dim': 256, 'soft_tau': 0.005, 'max_action': 2, 'device': device(type='cuda', index=1), 'simulation_steps': 3600, 'pathToSumoFiles': 'rou_net2_single', 'model_dest_path': 'models/', 'model_dest_path_leader': 'ep200_', 'model_dest_path_follow': '', 'logName': 'ep200_gamma0.700000_tua0.005000.txt', 'procID': 1}
seed 20150427
当前的gamma是0.7, 当前的soft tau是0.005
-----------------------------------------
model saved successfully!
Complete training!
final reward list:[-0.3651119211121546, 0.3033943771564567, 0.5200356981865331, 0.5061107697921929, 0.5716134506585476, 0.5564592821311503, 0.501547843530431, 0.5404961184381405, 0.5199066924967584, 0.5533636213394498, 0.5467893529014833, 0.5388596137408518, 0.5490200727331103, 0.5402069186350784, 0.5129104107738723, 0.5552341953708754, 0.5344826859710244, 0.5417941756122704, 0.5202787611549046, 0.5456219124308718, 0.5540442247809628, 0.5648349606156948, 0.5389071684117086, 0.5800217977545817, 0.5453350658817413, 0.5653841945659308, 0.5213638183043529, 0.5348928078826977, 0.5777547184961955, 0.5240039857876777, 0.5262322001118201, 0.5432999779826275, 0.5579705751096528, 0.4972533029267778, 0.530791418272844, 0.5082014780182653, 0.5532938181902002, 0.528001679069396, 0.5195039694758414, 0.5446648906301932, 0.5386471174788051, 0.5161357352526128, 0.5423723447977077, 0.5374015490155484, 0.5620452863530568, 0.5404742831920881, 0.5453341065710916, 0.5592399207313391, 0.5425957187995171, 0.5178818387169416, 0.5257719740185606, 0.5284099425208395, 0.5483502574690502, 0.49577470464826945, 0.545505212726561, 0.5269087820593626, 0.5453301449561523, 0.5388081465977022, 0.5228122276997905, 0.5520894584612848, 0.517008201853995, 0.5431131711254196, 0.4701385255927258, 0.5036015499686328, 0.5427635889750546, 0.5290221176278007, 0.527530250497581, 0.5472108039488207, 0.5552606719069882, 0.556885806055046, 0.5533302241191957, 0.5444183549213636, 0.5395018279869104, 0.5204269294246898, 0.5704555184426496, 0.5461812057171175, 0.5536557432393827, 0.5235813790418705, 0.557400466208772, 0.5179667420705757, 0.5384366668814771, 0.5107975399327424, 0.5215172169247683, 0.5460283519777039, 0.5531653170607711, 0.5613197804104596, 0.5311915868017443, 0.5385154959378142, 0.5439888025821243, 0.5440987804522461, 0.5449058496214643, 0.5302517698433501, 0.5606968536975462, 0.5340354827171356, 0.4961934855423368, 0.5470360476596318, 0.5103143696427997, 0.539218963624216, 0.5443408244730091, 0.4790974584728496, 0.5550937173751088, 0.514369804730543, 0.5511061051981978, 0.5479932417762245, 0.5339878274130677, 0.5015725998631501, 0.5294465294963335, 0.5113649392358098, 0.5610322422979173, 0.5553939814714484, 0.5422891593395418, 0.5649643851874534, 0.493949827947283, 0.571040673161001, 0.4863549098847782, 0.5423033506701903, 0.5174272909393468, 0.5145945940145671, 0.5497629144561519, 0.5093038035613138, 0.5200578919700031, 0.5074063605218775, 0.5301758477887889, 0.5211612964299437, 0.5428580448307594, 0.5045790519613031, 0.5776182463860006, 0.49937254857684316, 0.49467804902933626, 0.5239796906313673, 0.5541564377257594, 0.5407075661850146, 0.5575004676065011, 0.5413310399731514, 0.5398458418363667, 0.5178591372944923, 0.5354262788556446, 0.5351590062006196, 0.5480463678322036, 0.5411967243123388, 0.548986775566643, 0.5376512830364847, 0.5361327003775486, 0.5064606758729465, 0.5747936986662892, 0.5707358278633721, 0.4989443082949088, 0.5072019612833277, 0.520371730568818, 0.48208841095414195, 0.5409594445311688, 0.5256308799478808, 0.5475101495198151, 0.5284010700348047, 0.5325645122151279, 0.547498096840027, 0.5318281356044867, 0.5129393148530567, 0.48560662754954037, 0.49746121923566156, 0.5411396505045868, 0.5217259276881032, 0.5377372444340571, 0.5130595537592627, 0.5452879557854984, 0.5317742186479059, 0.5223399726140463, 0.5541449332266107, 0.5605119156670155, 0.5257485772294558, 0.5591421406556986, 0.5605910760897854, 0.5310726449225934, 0.5360034242644904, 0.5184964030863395, 0.5411910342467756, 0.5272875524787325, 0.5482017747032656, 0.5110901305435982, 0.544063178970395, 0.493204940539105, 0.5128619878115049, 0.5182889944686618, 0.517247612901163, 0.5281133337009768, 0.5484026818121204, 0.5263076919958459, 0.5146554069405683, 0.5416416746867805, 0.4663471878379183, 0.5203865581691157, 0.5511613578764418, 0.5479247077760387, 0.5278429809603868, 0.5462459414819821, 0.49169908902591947, 0.5365608543889696, 0.5272373279926587, 0.5178115573100583, 0.5386852030946073]
final halt list:[1.9734738372093024, 0.35886959482465103, 0.028980679546968688, 0.007832080200501253, 0.008944543828264758, 0.0, 0.035345115038346114, 0.0, 0.04714475431606906, 0.10318293109478839, 0.0, 0.03867403314917127, 0.0203168044077135, 0.0, 0.015299479166666666, 0.0234192037470726, 0.04629061925199264, 0.0, 0.012755102040816327, 0.05066956207021354, 0.014841688654353561, 0.02022058823529412, 0.011530398322851153, 0.0, 0.0, 0.0, 0.0, 0.0, 0.007633587786259542, 0.03237975479408991, 0.03085991678224688, 0.010114192495921697, 0.015630196208846026, 0.03643724696356275, 0.01661681621801263, 0.036733355198425716, 0.018201674554058973, 0.0050335570469798654, 0.023876404494382022, 0.015415549597855228, 0.007008483954260421, 0.005634736493205171, 0.0, 0.0064061499039077515, 0.0, 0.0, 0.0007189072609633358, 0.0, 0.0074337427278603745, 0.03419376466644318, 0.0, 0.02168284789644013, 0.001287415513356936, 0.11140671765879614, 0.0006620324395895399, 0.03323055841041452, 0.001349527665317139, 0.0, 0.004067796610169492, 0.0, 0.018835616438356163, 0.018096272167933407, 0.07538569424964937, 0.008843537414965987, 0.0, 0.0009430996541967935, 0.0006244146113019045, 0.0, 0.0, 0.0, 0.02071686945083854, 0.0, 0.0, 0.011764705882352941, 0.0, 0.0, 0.01938958707360862, 0.0003211303789338471, 0.0, 0.0, 0.015122873345935728, 0.028680688336520075, 0.002428026361429067, 0.0, 0.0, 0.015488867376573089, 0.00036643459142543056, 0.0003566333808844508, 0.00132890365448505, 0.0, 0.0, 0.037578288100208766, 0.0017241379310344827, 0.009708737864077669, 0.0016409583196586807, 0.0, 0.0, 0.0, 0.01779603011635866, 0.021234240212342402, 0.0, 0.022896039603960396, 0.0, 0.0056002800140007, 0.011122345803842264, 0.0, 0.001265022137887413, 0.0, 0.0, 0.0, 0.0003211303789338471, 0.0, 0.013230074217489512, 0.0003497726477789437, 0.03967479674796748, 0.0, 0.050417246175243395, 0.0, 0.0, 0.0, 0.0023915271609156134, 0.00034071550255536625, 0.0, 0.0, 0.0, 0.015249837767683322, 0.021399456521739132, 0.0, 0.015122265122265123, 0.0028268551236749115, 0.0, 0.0, 0.0, 0.0, 0.0026755852842809363, 0.0, 0.0, 0.011424491253123885, 0.0, 0.0, 0.0016082341588935349, 0.0, 0.0, 0.0010706638115631692, 0.0, 0.008759635599159075, 0.021128981393882057, 0.01169004676018704, 0.0, 0.0, 0.0, 0.0, 0.0, 0.0, 0.026342798494697228, 0.0, 0.017863277224321537, 0.0003240440699935191, 0.044760935910478125, 0.0018070112034694614, 0.00030665440049064706, 0.014876632801161103, 0.00034317089910775565, 0.010248901903367497, 0.0067226890756302525, 0.009934909215484755, 0.005124919923126201, 0.0021826118588577663, 0.04221355090457609, 0.00036443148688046647, 0.0003243593902043464, 0.016268605053651783, 0.008471704506946797, 0.0, 0.0, 0.030232558139534883, 0.006273963053328686, 0.016246111303145523, 0.023580205911657257, 0.0006793478260869565, 0.0003414134516899966, 0.01706256273001004, 0.001901863826550019, 0.0, 0.007971014492753623, 0.0, 0.002297970126388357, 0.0029702970297029703, 0.0, 0.04977216964598668, 0.0, 0.0, 0.03481754268496819, 0.0, 0.016549295774647886, 0.00102880658436214, 0.0, 0.0, 0.0, 0.0013131976362442547]
speed reward list:[0.0, 0.0, 0.0, 0.0, 0.0, 0.0, 0.0, 0.0, 0.0, 0.0, 0.0, 0.0, 0.0, 0.0, 0.0, 0.0, 0.0, 0.0, 0.0, 0.0, 0.0, 0.0, 0.0, 0.0, 0.0, 0.0, 0.0, 0.0, 0.0, 0.0, 0.0, 0.0, 0.0, 0.0, 0.0, 0.0, 0.0, 0.0, 0.0, 0.0, 0.0, 0.0, 0.0, 0.0, 0.0, 0.0, 0.0, 0.0, 0.0, 0.0, 0.0, 0.0, 0.0, 0.0, 0.0, 0.0, 0.0, 0.0, 0.0, 0.0, 0.0, 0.0, 0.0, 0.0, 0.0, 0.0, 0.0, 0.0, 0.0, 0.0, 0.0, 0.0, 0.0, 0.0, 0.0, 0.0, 0.0, 0.0, 0.0, 0.0, 0.0, 0.0, 0.0, 0.0, 0.0, 0.0, 0.0, 0.0, 0.0, 0.0, 0.0, 0.0, 0.0, 0.0, 0.0, 0.0, 0.0, 0.0, 0.0, 0.0, 0.0, 0.0, 0.0, 0.0, 0.0, 0.0, 0.0, 0.0, 0.0, 0.0, 0.0, 0.0, 0.0, 0.0, 0.0, 0.0, 0.0, 0.0, 0.0, 0.0, 0.0, 0.0, 0.0, 0.0, 0.0, 0.0, 0.0, 0.0, 0.0, 0.0, 0.0, 0.0, 0.0, 0.0, 0.0, 0.0, 0.0, 0.0, 0.0, 0.0, 0.0, 0.0, 0.0, 0.0, 0.0, 0.0, 0.0, 0.0, 0.0, 0.0, 0.0, 0.0, 0.0, 0.0, 0.0, 0.0, 0.0, 0.0, 0.0, 0.0, 0.0, 0.0, 0.0, 0.0, 0.0, 0.0, 0.0, 0.0, 0.0, 0.0, 0.0, 0.0, 0.0, 0.0, 0.0, 0.0, 0.0, 0.0, 0.0, 0.0, 0.0, 0.0, 0.0, 0.0, 0.0, 0.0, 0.0, 0.0, 0.0, 0.0, 0.0, 0.0, 0.0, 0.0, 0.0, 0.0, 0.0, 0.0, 0.0, 0.0]
tls reward list:[-0.007389962952604138, -0.007332743334976809, -0.006598320720502162, -0.006239063893502417, -0.006298899770892368, -0.006016237788745495, -0.0062462744918431725, -0.005879423966861768, -0.006082324062203897, -0.005815888054226205, -0.005718956779962279, -0.005812209002602756, -0.005988921302806091, -0.005565825150357147, -0.005869958214620834, -0.005672385664226071, -0.0054401316483673, -0.005453687435261563, -0.005249405695337096, -0.005932508773444717, -0.006094408703209666, -0.005750143604946299, -0.005745146242962023, -0.005445275270699973, -0.005659738332887712, -0.005596493597723952, -0.005459821596557289, -0.005601515396604628, -0.0055435841688453195, -0.005474988378770247, -0.005793381557621285, -0.005667240426387691, -0.005438507095721644, -0.005158919940671663, -0.0055709135531172614, -0.0055714596922760325, -0.005701606951677333, -0.00547016273727199, -0.005686849634751715, -0.00552668325720077, -0.005847472445334987, -0.005445582780302512, -0.005246815408584194, -0.00568713135556203, -0.005460056929106554, -0.005425344872793195, -0.005482324844526956, -0.005820957856148073, -0.005333786984861355, -0.005934198986371984, -0.0055657546542326715, -0.005397033282587441, -0.0053788051243855075, -0.0056669552771715604, -0.005549116146752716, -0.005827084502000014, -0.005492557712300214, -0.005403546398947986, -0.005928866696679414, -0.005755342968790946, -0.005740751747400593, -0.00575224927503791, -0.005376516687176049, -0.0058218012288381304, -0.005267538234219805, -0.00543390918972516, -0.005298188936293389, -0.005499810279408276, -0.005520763330255834, -0.005674646762367114, -0.005449513479650144, -0.005554075477807193, -0.005382322240895827, -0.005858759123347197, -0.005385961975702333, -0.005610037372065028, -0.005523324237991893, -0.0052696246396328845, -0.005466862491310986, -0.005243683670781851, -0.00559850660931282, -0.005554246482556064, -0.005901500988947705, -0.005423722896462565, -0.0053313338355275575, -0.005283068004750386, -0.005511781740807851, -0.005695116972442508, -0.005465191029372577, -0.005359555911511912, -0.005710698665642487, -0.005741633320366516, -0.005579932464898514, -0.00525697801785397, -0.005558318878725524, -0.0058245719170862305, -0.005813098600787838, -0.005860255981397667, -0.005361058805055685, -0.0056768105842453865, -0.00562888610639201, -0.005391392665729385, -0.005758574748683095, -0.005656358700266544, -0.005308097146737537, -0.00518715937949558, -0.005525465968519405, -0.00567074279000145, -0.005518152349588852, -0.005729389720463892, -0.005685152454618589, -0.0053081540402977485, -0.00533244891098795, -0.0054720751242624205, -0.0053548102995105646, -0.005460103443080193, -0.005594658184922125, -0.004947823290775136, -0.005926152801698215, -0.005568716744247616, -0.005758831298976499, -0.005555678975494717, -0.005566150374174871, -0.005365442303791318, -0.005422694513967962, -0.0055843368497131935, -0.00542026255749753, -0.005630101107560074, -0.005392490416392469, -0.005610538263990806, -0.005438601863226377, -0.005703428877639555, -0.005313454928733823, -0.005880216541434647, -0.00560744701404919, -0.005849459657228718, -0.005343996518110056, -0.0057371322075521584, -0.005227088286795468, -0.00530756484250386, -0.005371631377061671, -0.0055490397276937555, -0.005792579854693967, -0.005567552549914433, -0.005637041581220954, -0.005575349279911897, -0.00513408959779819, -0.005848854710936581, -0.005277722157994219, -0.004994254675523732, -0.005251282383446672, -0.005669026800296646, -0.0054022020275822265, -0.005587841447598654, -0.005767530027292966, -0.005565390103459492, -0.005411756391799449, -0.00548320406292343, -0.0055972966981638166, -0.005758150641357919, -0.005297582028750104, -0.005481072416488854, -0.00557254933424827, -0.005894497188361631, -0.005666902258137371, -0.00556182829870872, -0.005411807788992562, -0.0054396261461138375, -0.00575056443106947, -0.00540621945577492, -0.005502593649739249, -0.005606105815542215, -0.005656811254438374, -0.005554412547646826, -0.005559321784980851, -0.005525515311224819, -0.005674170018993107, -0.005692060987302445, -0.0054457766273447485, -0.0055586077148797285, -0.005814434721107315, -0.005600770066034905, -0.005633715221967869, -0.005674909805693923, -0.005677941757843934, -0.00590110977863721, -0.005681780779996533, -0.0056320311476223866, -0.005576963297847191, -0.005690341269444897, -0.005360541502360053, -0.0059609008740318685, -0.005669514018316594, -0.005461770104066475, -0.005457079494324745, -0.005716790636634591, -0.005586343115767541, -0.0059123722457512925, -0.005589104079710894, -0.00579181552318419]
target reward list:[-0.3577219581595505, 0.31072712049143353, 0.5266340189070352, 0.5123498336856954, 0.57791235042944, 0.5624755199198959, 0.5077941180222741, 0.5463755424050024, 0.5259890165589622, 0.5591795093936761, 0.5525083096814456, 0.5446718227434546, 0.5550089940359164, 0.5457727437854355, 0.5187803689884931, 0.5609065810351014, 0.5399228176193918, 0.547247863047532, 0.5255281668502416, 0.5515544212043164, 0.5601386334841724, 0.570585104220641, 0.5446523146546707, 0.5854670730252817, 0.550994804214629, 0.5709806881636548, 0.5268236399009101, 0.5404943232793022, 0.5832983026650409, 0.529478974166448, 0.5320255816694415, 0.5489672184090152, 0.5634090822053746, 0.5024122228674495, 0.5363623318259613, 0.5137729377105413, 0.5589954251418775, 0.533471841806668, 0.5251908191105931, 0.5501915738873938, 0.5444945899241401, 0.5215813180329153, 0.5476191602062919, 0.5430886803711105, 0.5675053432821635, 0.5458996280648813, 0.5508164314156186, 0.5650608785874872, 0.5479295057843785, 0.5238160377033136, 0.5313377286727932, 0.5338069758034268, 0.5537290625934358, 0.5014416599254411, 0.5510543288733136, 0.5327358665613626, 0.5508227026684525, 0.5442116929966502, 0.52874109439647, 0.5578448014300756, 0.5227489536013955, 0.5488654204004575, 0.4755150422799018, 0.5094233511974708, 0.5480311272092745, 0.5344560268175258, 0.5328284394338743, 0.552710614228229, 0.5607814352372442, 0.5625604528174131, 0.5587797375988458, 0.5499724303991708, 0.5448841502278062, 0.526285688548037, 0.575841480418352, 0.5517912430891826, 0.5591790674773747, 0.5288510036815034, 0.5628673287000829, 0.5232104257413576, 0.5440351734907899, 0.5163517864152984, 0.527418717913716, 0.5514520748741665, 0.5584966508962987, 0.56660284841521, 0.5367033685425521, 0.5442106129102569, 0.5494539936114969, 0.5494583363637581, 0.5506165482871067, 0.5359934031637166, 0.5662767861624446, 0.5392924607349897, 0.5017518044210623, 0.552860619576718, 0.5161274682435876, 0.5450792196056136, 0.5497018832780647, 0.4847742690570951, 0.5607226034815009, 0.5197611973962722, 0.5568646799468809, 0.553649600476491, 0.5392959245598051, 0.5067597592426456, 0.534971995464853, 0.5170356820258113, 0.5665503946475061, 0.5611233711919122, 0.5479743117941605, 0.5702725392277511, 0.499282276858271, 0.5765127482852634, 0.4917097201842887, 0.5477634541132704, 0.5230219491242689, 0.5195424173053422, 0.5556890672578502, 0.5148725203055614, 0.5258167232689795, 0.5129620394973722, 0.5357419981629639, 0.5265267387337349, 0.5482807393447273, 0.5101633888110163, 0.5830385089434981, 0.5050026496844033, 0.5000705394457288, 0.5295902288953582, 0.5595950395889858, 0.546410995062654, 0.5628139225352348, 0.5472112565145859, 0.545453288850416, 0.523708596951721, 0.5407702753737547, 0.5408961384081717, 0.5532734561189991, 0.5465042891548426, 0.5543584069437048, 0.5432003227641784, 0.5419252802322427, 0.5120282284228609, 0.58043074024751, 0.576311177143284, 0.504078397892707, 0.5130508159942644, 0.5256494527268122, 0.4870826656296658, 0.5462107269146155, 0.5312999067481775, 0.5529123515473973, 0.5339889114824034, 0.538332042242421, 0.5530634869434865, 0.5372398919962861, 0.5184225189159801, 0.4912039242477042, 0.5032193698770194, 0.5464372325333369, 0.5272070001045922, 0.5433097937683055, 0.5189540509476244, 0.5509548580436358, 0.5373360469466145, 0.5277517804030388, 0.5595845593727246, 0.566262480098085, 0.5311547966852308, 0.5646447343054377, 0.5661971819053278, 0.5367294561770318, 0.5415578368121373, 0.5240557248713203, 0.5467165495580004, 0.5329617224977256, 0.5538938356905682, 0.516535907170943, 0.5496217866852748, 0.4990193752602124, 0.5184627578775399, 0.5239227096906297, 0.5229225227068569, 0.5337912754588207, 0.5543037915907575, 0.5319894727758425, 0.5202874380881908, 0.5472186379846277, 0.4720375291073632, 0.5257470996714758, 0.5571222587504736, 0.5535942217943554, 0.5333047510644533, 0.551703020976307, 0.497415879662554, 0.5421471975047372, 0.5331497002384099, 0.5234006613897692, 0.5444770186177915]
safe reward list [0.0, 0.0, 0.0, 0.0, 0.0, 0.0, 0.0, 0.0, 0.0, 0.0, 0.0, 0.0, 0.0, 0.0, 0.0, 0.0, 0.0, 0.0, 0.0, 0.0, 0.0, 0.0, 0.0, 0.0, 0.0, 0.0, 0.0, 0.0, 0.0, 0.0, 0.0, 0.0, 0.0, 0.0, 0.0, 0.0, 0.0, 0.0, 0.0, 0.0, 0.0, 0.0, 0.0, 0.0, 0.0, 0.0, 0.0, 0.0, 0.0, 0.0, 0.0, 0.0, 0.0, 0.0, 0.0, 0.0, 0.0, 0.0, 0.0, 0.0, 0.0, 0.0, 0.0, 0.0, 0.0, 0.0, 0.0, 0.0, 0.0, 0.0, 0.0, 0.0, 0.0, 0.0, 0.0, 0.0, 0.0, 0.0, 0.0, 0.0, 0.0, 0.0, 0.0, 0.0, 0.0, 0.0, 0.0, 0.0, 0.0, 0.0, 0.0, 0.0, 0.0, 0.0, 0.0, 0.0, 0.0, 0.0, 0.0, 0.0, 0.0, 0.0, 0.0, 0.0, 0.0, 0.0, 0.0, 0.0, 0.0, 0.0, 0.0, 0.0, 0.0, 0.0, 0.0, 0.0, 0.0, 0.0, 0.0, 0.0, 0.0, 0.0, 0.0, 0.0, 0.0, 0.0, 0.0, 0.0, 0.0, 0.0, 0.0, 0.0, 0.0, 0.0, 0.0, 0.0, 0.0, 0.0, 0.0, 0.0, 0.0, 0.0, 0.0, 0.0, 0.0, 0.0, 0.0, 0.0, 0.0, 0.0, 0.0, 0.0, 0.0, 0.0, 0.0, 0.0, 0.0, 0.0, 0.0, 0.0, 0.0, 0.0, 0.0, 0.0, 0.0, 0.0, 0.0, 0.0, 0.0, 0.0, 0.0, 0.0, 0.0, 0.0, 0.0, 0.0, 0.0, 0.0, 0.0, 0.0, 0.0, 0.0, 0.0, 0.0, 0.0, 0.0, 0.0, 0.0, 0.0, 0.0, 0.0, 0.0, 0.0, 0.0, 0.0, 0.0, 0.0, 0.0, 0.0, 0.0]
speed list [15.32007369763639, 15.035149131509266, 14.987338386769107, 15.055961688428967, 14.97518002355895, 15.23458777320759, 14.730798439120745, 15.240713203908305, 15.034704925785409, 14.699908768871058, 15.149987618653094, 14.978796963925715, 14.922626665852437, 15.199106645473705, 15.138976217941066, 15.374223086397338, 14.699565458545509, 14.840959391929422, 14.816179997962651, 14.839998258083455, 15.098341069344103, 15.133933558499642, 15.191374363453766, 15.398383159111377, 15.04947778623474, 15.145475847293012, 15.252010450943665, 15.14128475637068, 15.350648752850903, 14.982249723853444, 14.891061475193236, 15.013202642680524, 15.431140113965567, 14.908841394233162, 15.195126054254821, 15.069160020696069, 15.115509527945441, 15.049486421059392, 14.903875707739413, 15.1416093164701, 15.205044532795108, 15.16591353292084, 15.329619830893371, 14.892290628115061, 15.121780332937275, 15.165953399833624, 14.885126619659319, 15.042211774442585, 15.220988513027642, 15.129820581371526, 15.2235566962, 15.178394978084794, 15.303147346223305, 14.593401766414354, 15.256411636247039, 14.927530775556937, 14.999679273121123, 15.158307778219505, 15.194473125028141, 15.155408436851312, 14.882263335443765, 14.890219796943763, 14.144294496488396, 15.231375198027296, 15.105097570017419, 15.075556768629774, 15.038613083984206, 15.013386361535158, 15.269817681640125, 14.964823436084165, 15.202073055521357, 14.950303806184962, 15.245783015317912, 15.16171348662959, 15.22241551553982, 15.153515173233906, 15.115248196763783, 15.130642093803926, 15.350494570335707, 15.162768299483389, 15.06699563745965, 15.035752768174559, 14.98472360947829, 15.18130638550027, 15.327510944891559, 15.174698028870486, 15.0897810065082, 15.231128043577325, 15.086972994361973, 15.277032513252127, 15.18303911964527, 15.093715742490064, 14.912078510203003, 15.09350979636367, 15.047593921641958, 15.118811495395684, 15.103058120589873, 15.24457910661723, 15.22321018472759, 15.032176740138448, 15.04940281258129, 15.26369144339808, 15.062389605575488, 14.897176907841828, 14.85313638090492, 15.013952688874637, 15.148881831817823, 14.775552124195656, 15.104603980152048, 15.250849426920846, 15.121903198627606, 15.252346568680252, 15.344297949912937, 15.116632764758933, 14.566953253131151, 15.13098616993769, 15.008267294358696, 15.032637890780927, 15.091067223566045, 14.92931011255096, 14.91673368095064, 14.929379457012777, 15.193752629335394, 15.158545157696711, 14.793753607727115, 15.019645629985707, 15.045789454334496, 14.911245162951202, 15.110028125502337, 15.243817427564272, 15.00558358757268, 15.219322106168129, 15.135734782116387, 15.047849685775837, 14.9842221342107, 15.190726424509158, 15.019933872331855, 14.956142745989801, 15.111186701126607, 15.145012514392608, 15.137690615161143, 14.94031624656911, 15.112721366242846, 14.701198139863173, 15.315573231566352, 14.917172295370499, 15.224369646882645, 15.16965648848895, 15.259058583348997, 14.709254362634754, 15.145109541230074, 15.068336608871489, 15.428749362721767, 15.150880641170907, 15.135527750909805, 14.933190319691821, 15.096571012471207, 14.986995926819164, 14.468182333365485, 14.791622702087128, 15.13494854203235, 14.931304791084036, 14.972965445454816, 14.937982439972963, 14.942981595575741, 15.115997043063643, 15.079676620309874, 15.264419957331624, 15.114126914756246, 15.068459473557425, 15.296204674511722, 15.311278637703309, 15.092178267456275, 15.19667928602347, 14.962708485037986, 15.184976065861665, 15.145632492435855, 14.962549139038689, 14.906967825947294, 15.256091770871972, 15.096056395512582, 15.0990722133452, 14.786195344410359, 15.032414312059615, 14.976756589516432, 15.010166564023427, 15.034674042081587, 15.163448254699542, 14.916836843145623, 14.335282195987329, 14.998075768832765, 15.164011588805472, 15.14953040023757, 15.20346245289648, 15.068280304827894, 14.85061855499736, 15.012795751106022, 15.253674172265285, 15.143201133458858, 15.01807979165041]
ec list [59.616086256566405, 58.27381412388625, 57.747271604647075, 57.67137326217025, 57.478773162114344, 57.60940421488322, 57.448271748443986, 57.43743033979243, 57.55544882438732, 57.49772530487327, 57.34650275391408, 57.623966939160475, 57.472459716048526, 57.51605211780281, 57.375398011188565, 57.448005995524106, 57.39084612165982, 57.027988378719435, 57.1783353666099, 57.77240161242849, 57.713820776697496, 57.40937391709377, 57.33005083385598, 57.096953235740855, 57.60410086513852, 57.43807523382566, 57.2054917362275, 57.29747698483209, 57.15441974011724, 57.47051328205194, 57.51676836878311, 57.367626557721145, 57.25119744063742, 57.07435134521093, 57.36321145750304, 57.2360848663777, 57.18287598012555, 57.469792566523, 57.42379802396095, 57.24753468790356, 57.31964286537652, 57.53206618787771, 57.367509945763224, 57.40409711580343, 57.321632073407514, 57.33164476786601, 56.99302086810755, 57.39373634821153, 57.41367789120514, 57.568546133746274, 57.50608704428645, 57.49245040160847, 57.42955517393265, 57.65723263895715, 57.465651673933216, 57.355681014513806, 57.5490883225378, 56.984194298812, 57.387211165215426, 57.29789845787437, 57.45567816999602, 57.436978874163174, 58.17695272249291, 57.56546916160903, 57.150359988151706, 57.229118562922196, 57.29593483488065, 57.16567433320655, 57.21341190878484, 57.30878721955859, 57.42585100313656, 57.14181878087791, 57.309869704366264, 57.38612073642485, 57.09206506820763, 57.605170048837344, 57.24949344117845, 57.23762740058254, 57.02700167161174, 57.24067165197806, 57.62003296861278, 57.52932488405844, 57.534219620119416, 57.22632166954808, 57.11648746382064, 57.49789617691046, 57.29362533071171, 57.45111875923373, 57.322958290733496, 57.17031729891633, 57.33982798732622, 57.41883489763029, 57.317171834455465, 57.275032136808875, 57.300933902032206, 57.56321044295545, 57.31751285781626, 57.370899845205145, 57.34281425245069, 57.11159656622968, 57.42354990434845, 57.42983379306991, 57.20330902519054, 57.351086607050505, 57.13548210166163, 57.395704773881846, 57.35072547732107, 57.29594057471346, 57.31199636589563, 57.31910154308877, 57.338908021218685, 57.294229661336686, 57.410785589333386, 57.085997628616724, 57.59746419555775, 57.381291398405715, 57.28855597891322, 57.31943207870784, 57.61067694719074, 57.24228877714776, 57.43979642205829, 57.40041543202655, 57.238363462006696, 57.27948284555361, 57.02177293869817, 57.49454453645766, 57.300946508634894, 57.365317014967644, 57.24847272403678, 57.32720251376948, 57.16138521730527, 57.35975226597042, 57.1333433906696, 57.40032613945915, 57.117801951470476, 57.08395010996392, 57.45287002258341, 57.43655390483127, 57.18184584272332, 57.169403896159615, 57.22625064681483, 57.238640521223445, 57.72310299865102, 57.2745367115332, 57.16313116823531, 57.60413405646467, 57.23484719523563, 57.57191751135108, 57.34795635850741, 56.94618200222676, 57.076998159513295, 57.16255829607235, 57.37319252632687, 57.28192035698225, 57.61880802390189, 57.34925504985498, 57.381025858519735, 57.39651661665471, 57.741421520938985, 57.37386239847639, 57.50702045925637, 57.380836110026394, 57.036393598691404, 57.414047916740266, 57.26321247539338, 57.22663807093772, 57.20404722657929, 57.2922814164734, 57.299780595801906, 57.23169471779334, 57.60496681240437, 57.29625478423101, 57.29552721228757, 57.395347486158926, 57.211062775308214, 57.53095069873724, 57.14900651856362, 57.415834015011825, 57.274725625239796, 57.29019588974876, 57.39353965702573, 57.430569923978055, 57.3557354472299, 57.33414094594206, 57.2576409737768, 57.325482798134125, 57.33670101127006, 57.43932850370193, 57.428714043585835, 57.46900824336332, 57.302986923515085, 57.49302046608534, 57.61978279284941, 57.244510894161515, 57.316215209447165, 57.594572361573256, 57.28412471587637, 57.274112509469376, 57.33146203536028, 57.425386701666504]
jerk list [0.13810470340848463, 0.3418415133548829, 0.3982488941890967, 0.4086648582607622, 0.3931811070846907, 0.38307339466784657, 0.38632714205657265, 0.37916964269114906, 0.39348000121624316, 0.3936600104392991, 0.3773222375259332, 0.3924395565259052, 0.3994720997180918, 0.3737129241620656, 0.39093457564180006, 0.3654489392012981, 0.3952444873776731, 0.3785789882616433, 0.3794534414702804, 0.4080503037708091, 0.3896538395501804, 0.3822964976152803, 0.3749482654613263, 0.3584441459857366, 0.4114715481385417, 0.37588521522014284, 0.36388170129992575, 0.37544907894986673, 0.3631958539245189, 0.3845225814944438, 0.3945749673793275, 0.3793531896187895, 0.35516890999775325, 0.37359535823706663, 0.37346450383999424, 0.37046059722744995, 0.38280866444135336, 0.3834424584788066, 0.38090727009207653, 0.37297776843091107, 0.37927447334421055, 0.3757694783930828, 0.3658276652580784, 0.3988169829800894, 0.3870866265822465, 0.3738558573856865, 0.38203222615054194, 0.3987736514009693, 0.3838609768731849, 0.3911954579854617, 0.3840406223534264, 0.3781681447350342, 0.37535626693515817, 0.39789740353624875, 0.4018252579069962, 0.40267673948255406, 0.40151379047884583, 0.3741964838860851, 0.38480030129875037, 0.39141726762562673, 0.4046930722952384, 0.40808316060316263, 0.4027250125994788, 0.387855885521477, 0.37996186678544785, 0.3923087411076358, 0.39232483210843144, 0.3888697147184767, 0.36497829590723635, 0.4073706588011472, 0.3906925506694794, 0.3896904517210808, 0.389624879995892, 0.38421016565697913, 0.3887713754465237, 0.4009384657846245, 0.38522690547053123, 0.39040533966492214, 0.37123429407283903, 0.38794690023957834, 0.40195906179421587, 0.38850541237160047, 0.39656493172197393, 0.37993389373102504, 0.3852485218318349, 0.39213118836011157, 0.38326389974700864, 0.39950822846904316, 0.39461134276831866, 0.3687714001175275, 0.3938404745000728, 0.3921095742983454, 0.39868820541314326, 0.3919241926369279, 0.3947459421405095, 0.4086565710971488, 0.4014364843779263, 0.40169476226344875, 0.39211682888526683, 0.40302007086104635, 0.3945031326032369, 0.3878806679704468, 0.3946803013837521, 0.40945615728524015, 0.39990121744564133, 0.3944924437573061, 0.39541077078453557, 0.41030340194688253, 0.4083500260212733, 0.3908332294600487, 0.40489441306362445, 0.3907433970945351, 0.38656072909595957, 0.3828535732317671, 0.41353827905697826, 0.3945853332860185, 0.3949297699536474, 0.39886690839839095, 0.4141348775530038, 0.41180009685222096, 0.4248455585839153, 0.406621606274549, 0.3984601689983185, 0.38658750733751335, 0.40042079138698283, 0.4087979187416497, 0.4075523317317047, 0.4202970045504478, 0.37919007157855306, 0.38827376127475705, 0.40976721065619304, 0.4007351040500305, 0.3944255914173966, 0.40499807066866633, 0.40554306156841186, 0.3954039500325435, 0.3957737079727138, 0.4025978411202832, 0.4054860767080101, 0.37969155494645895, 0.3987049070861903, 0.4130114443558338, 0.4151681822816054, 0.40024550139370374, 0.37824584470328887, 0.3936968530646327, 0.395909507795663, 0.4114354109123597, 0.3877790720403936, 0.40237889544442795, 0.3818966609876244, 0.40411252008074766, 0.39261496629446774, 0.40058477661828096, 0.41463241389054145, 0.41512581835007695, 0.4036201363081155, 0.401857871848858, 0.4175816184341539, 0.405720228005016, 0.39261982673173235, 0.3948394175259448, 0.4007626358147318, 0.40446063309785224, 0.41660087035610605, 0.395513912453616, 0.4050046673513992, 0.3870401773115035, 0.4041773407745868, 0.3923164981893658, 0.3973529956389059, 0.39213407062672156, 0.41209972004533774, 0.40419008043166615, 0.42508935320019153, 0.3990260984311251, 0.39688780312344896, 0.4158230266869539, 0.41048955272826604, 0.39578234631915266, 0.40860927428152816, 0.41003519190421, 0.4119458771932651, 0.41505828748644197, 0.40896396747327, 0.42496153596055025, 0.3927557393441684, 0.4084117882923455, 0.4137013243684017, 0.4300171737161512, 0.4008564546537303, 0.40982584041728415, 0.41207130960395905, 0.394200844755576, 0.4059146600108038, 0.4340943212421918, 0.41583676719071394, 0.4013396292177916, 0.4117091279780489, 0.4182419871268579]