
Env:SUMO, Algorithm:MADDPG, Device:cuda:0
-----------------------------------------
{'algo': 'MADDPG', 'env': 'SUMO', 'seedVal': 20150427, 'gamma': 0.8, 'epsilon': 0.001, 'critic_lr': 0.005, 'actor_lr': 0.0001, 'memory_capacity': 1000000, 'batch_size': 512, 'train_eps': 200, 'eval_eps': 10, 'epsilon_start': 3, 'max_speed': 28, 'target_update': 4, 'hidden_dim': 256, 'soft_tau': 0.005, 'max_action': 2, 'device': device(type='cuda', index=0), 'simulation_steps': 3600, 'pathToSumoFiles': 'rou_net2_single', 'model_dest_path': 'models/', 'model_dest_path_leader': 'ep200_', 'model_dest_path_follow': '', 'logName': 'ep200_gamma0.800000_tua0.005000.txt', 'procID': 6}
seed 20150427
当前的gamma是0.8, 当前的soft tau是0.005
-----------------------------------------
model saved successfully!
Complete training!
final reward list:[-0.34373777569867003, 0.3423565089248035, 0.5110305560056543, 0.5062359010314524, 0.5624751837462124, 0.556868716454202, 0.5235640340233235, 0.5446169497641618, 0.5366846157580901, 0.5531591401257953, 0.5639844468439384, 0.5510079668587405, 0.5315614742468013, 0.5442414220676361, 0.5521061616750963, 0.5679638595855367, 0.5116255094359156, 0.5408527646200937, 0.5284080116851435, 0.5402470837992521, 0.5569484732938226, 0.5782528572736906, 0.5441196142594558, 0.5869699393217281, 0.559261788615014, 0.547115520055241, 0.5344071357833943, 0.5320660102857608, 0.5761994175680641, 0.5426750151468236, 0.5293534189499348, 0.5518235859166979, 0.5878754151258783, 0.5237901953262968, 0.527858386561454, 0.5380277900800239, 0.5880553548465509, 0.5612298322844335, 0.5177658972014151, 0.5573647570229573, 0.5560265068085876, 0.5229996909057175, 0.5540540853679982, 0.5403615635325513, 0.559761137178346, 0.5489608177529267, 0.5575419613473467, 0.561699099698862, 0.5609360349828019, 0.514712053463627, 0.5195172006236127, 0.5467643765366513, 0.5625864818093681, 0.49211105914869685, 0.5520303025064134, 0.5244924239616838, 0.5404282906995111, 0.5601509975479434, 0.519029726218175, 0.5755277890444024, 0.5419586933337976, 0.5456247222408714, 0.4682313803797889, 0.5548019924615006, 0.5419434182164936, 0.5389941248437063, 0.5365259423001589, 0.5336539225466493, 0.5727792793043062, 0.5722361653095878, 0.5487133029969493, 0.558006221468296, 0.5660085447592148, 0.532137167421009, 0.5610332511789089, 0.5539456058468569, 0.5407492544452676, 0.5043929144525608, 0.5718854701317844, 0.5327481527344881, 0.5408382131477282, 0.5066966090845424, 0.5544317363367757, 0.5400442595381902, 0.5477783225304859, 0.5563694455756445, 0.5411280754924161, 0.5263244153859034, 0.5528705664021971, 0.5528009873907757, 0.524256109655955, 0.5419301122941816, 0.5525125961531523, 0.5346899832544381, 0.5375425829530587, 0.54561041055235, 0.5588588951112806, 0.4947097392139459, 0.5495771644496832, 0.5162386710174516, 0.559470515454477, 0.5183905719090798, 0.5406174701524638, 0.5311840326613352, 0.5455132870796564, 0.534280214209394, 0.5303026662079088, 0.49494760527017534, 0.5330061539132892, 0.5746540181388345, 0.5186891046382587, 0.554550684842755, 0.530530099585861, 0.5572600518897234, 0.492167939208702, 0.5606291603099004, 0.5331843719606869, 0.5398796525747915, 0.5581505876087233, 0.5366061816421802, 0.5412098935552231, 0.5495236476343431, 0.5507663756150176, 0.5559225324854109, 0.5537867788764118, 0.5171742368323118, 0.5888003029789688, 0.5427769341050717, 0.4956142422019299, 0.5323438721492324, 0.5537118772569938, 0.555050366701158, 0.5172007212852807, 0.5572119396762389, 0.5718894472173022, 0.5489519591427816, 0.5076079826639693, 0.5403885368590434, 0.5372566486753174, 0.5388203150541552, 0.5490060091782052, 0.48992415933579825, 0.5586434047592231, 0.5096631817680887, 0.5635167000570398, 0.5535058242191855, 0.5052468483811711, 0.5137598379349674, 0.5200210392646762, 0.4926113354792666, 0.5306925872383087, 0.5433392730884025, 0.5270364507293142, 0.5508688740554949, 0.5279714231664717, 0.5305910639222722, 0.5505950955482016, 0.5163591863305714, 0.4987077339781162, 0.5245349203857537, 0.5345551762481625, 0.52424395925945, 0.5477370516982779, 0.5348220579920007, 0.5122558154289936, 0.5375629698342058, 0.5180989002864022, 0.5606434915318105, 0.5442655399213475, 0.507413977675394, 0.5632074127965815, 0.5423005014831157, 0.5359872143986268, 0.554051499297078, 0.49827834918734165, 0.530670067286248, 0.5435242673444698, 0.5310637398337028, 0.5053690434583542, 0.5548333135695391, 0.4951722406056169, 0.5423994273678046, 0.5305780513129719, 0.5231862556310112, 0.5034264244293714, 0.5504375068299282, 0.5419780577069196, 0.5455286305037386, 0.5070751783411296, 0.47673006481568814, 0.5290423097291481, 0.5287454759556935, 0.5331745140139325, 0.5428705165583659, 0.5428965409762517, 0.49451578087075004, 0.5379646798314486, 0.5266912864739115, 0.5190914358220999, 0.4948407721621469]
final halt list:[1.9699384281057588, 0.2756388415672913, 0.016311584553928095, 0.010335108048856874, 0.005366726296958855, 0.016129032258064516, 0.07838559039359573, 0.0, 0.021248339973439574, 0.05941978329255505, 0.0, 0.014705882352941176, 0.02100550964187328, 0.0, 0.0, 0.01371696219471395, 0.08795586883236285, 0.0, 0.014982467325470195, 0.0025334781035106766, 0.0, 0.016176470588235296, 0.0, 0.0, 0.0, 0.0, 0.0009963467286615742, 0.0, 0.00346860908775581, 0.016027655562539284, 0.025996533795493933, 0.00032637075718015666, 0.0, 0.00031113876789047915, 0.008302889405513119, 0.024286183130948474, 0.0025482344375682563, 0.02384150436534587, 0.034058988764044944, 0.007707774798927614, 0.005533013648100332, 0.030493868080875043, 0.0, 0.0016015374759769379, 0.0, 0.0015669069257286117, 0.0, 0.0, 0.0, 0.018114726601811473, 0.0010183299389002036, 0.019741100323624597, 0.0, 0.07579787234042554, 0.001985440105890139, 0.016786570743405275, 0.004048582995951417, 0.0, 0.006099627245001694, 0.0, 0.007534246575342466, 0.01520086862106406, 0.029102384291725104, 0.02687074829931973, 0.0029315960912052116, 0.0034569453174104338, 0.014361536059943803, 0.0, 0.0, 0.0, 0.01282051282051282, 0.0, 0.0, 0.001470047776552738, 0.0006613756613756613, 0.0, 0.005026929982046679, 0.0, 0.010921501706484642, 0.0, 0.000315059861373661, 0.02198852772466539, 0.008324661810613945, 0.0, 0.0, 0.00032268473701193933, 0.0029314767314034445, 0.0, 0.006979062811565304, 0.0, 0.0084774499830451, 0.02782608695652174, 0.000689655172413793, 0.007832080200501253, 0.0016404199475065617, 0.0, 0.0, 0.0, 0.008894970920287376, 0.0, 0.0006956521739130435, 0.0034003091190108192, 0.0, 0.006995452955578874, 0.006062647356012125, 0.0, 0.0009487666034155598, 0.0, 0.0, 0.0, 0.0, 0.0, 0.0, 0.0003498950314905528, 0.036074098147546314, 0.0, 0.011478260869565217, 0.0, 0.0015003750937734434, 0.0006770480704129993, 0.0, 0.004429301533219762, 0.0, 0.0, 0.0, 0.015244891339604282, 0.00033955857385398983, 0.0, 0.015444015444015444, 0.0042387848816672555, 0.003555268261150614, 0.0, 0.0, 0.0, 0.002006688963210702, 0.0, 0.00096, 0.02000714540907467, 0.0, 0.007258900795022468, 0.008687258687258687, 0.02019856213625471, 0.005805515239477504, 0.0032119914346895075, 0.0, 0.023475823405746322, 0.00946073793755913, 0.010691613765452723, 0.0, 0.0, 0.0, 0.0, 0.0, 0.0006637902422834385, 0.024632227163872734, 0.0, 0.0027472527472527475, 0.012961762799740765, 0.00033886818027787193, 0.013381555153707052, 0.0, 0.006533575317604356, 0.0, 0.0076866764275256225, 0.005379959650302623, 0.00410958904109589, 0.014738865748157642, 0.011272727272727273, 0.019510464703795673, 0.006559766763848397, 0.0, 0.01591695501730104, 0.013888888888888888, 0.0, 0.003948667324777887, 0.014290461947490861, 0.01290097629009763, 0.0003459010722933241, 0.0, 0.00033944331296673454, 0.0, 0.014725568942436412, 0.002282236591860023, 0.0, 0.0, 0.0, 0.0011494252873563218, 0.0006598482349059716, 0.0, 0.04067321178120617, 0.0, 0.0, 0.03717347622237106, 0.0, 0.016549295774647886, 0.005827905382242029, 0.0, 0.0, 0.0, 0.0016409583196586807]
speed reward list:[0.0, 0.0, 0.0, 0.0, 0.0, 0.0, 0.0, 0.0, 0.0, 0.0, 0.0, 0.0, 0.0, 0.0, 0.0, 0.0, 0.0, 0.0, 0.0, 0.0, 0.0, 0.0, 0.0, 0.0, 0.0, 0.0, 0.0, 0.0, 0.0, 0.0, 0.0, 0.0, 0.0, 0.0, 0.0, 0.0, 0.0, 0.0, 0.0, 0.0, 0.0, 0.0, 0.0, 0.0, 0.0, 0.0, 0.0, 0.0, 0.0, 0.0, 0.0, 0.0, 0.0, 0.0, 0.0, 0.0, 0.0, 0.0, 0.0, 0.0, 0.0, 0.0, 0.0, 0.0, 0.0, 0.0, 0.0, 0.0, 0.0, 0.0, 0.0, 0.0, 0.0, 0.0, 0.0, 0.0, 0.0, 0.0, 0.0, 0.0, 0.0, 0.0, 0.0, 0.0, 0.0, 0.0, 0.0, 0.0, 0.0, 0.0, 0.0, 0.0, 0.0, 0.0, 0.0, 0.0, 0.0, 0.0, 0.0, 0.0, 0.0, 0.0, 0.0, 0.0, 0.0, 0.0, 0.0, 0.0, 0.0, 0.0, 0.0, 0.0, 0.0, 0.0, 0.0, 0.0, 0.0, 0.0, 0.0, 0.0, 0.0, 0.0, 0.0, 0.0, 0.0, 0.0, 0.0, 0.0, 0.0, 0.0, 0.0, 0.0, 0.0, 0.0, 0.0, 0.0, 0.0, 0.0, 0.0, 0.0, 0.0, 0.0, 0.0, 0.0, 0.0, 0.0, 0.0, 0.0, 0.0, 0.0, 0.0, 0.0, 0.0, 0.0, 0.0, 0.0, 0.0, 0.0, 0.0, 0.0, 0.0, 0.0, 0.0, 0.0, 0.0, 0.0, 0.0, 0.0, 0.0, 0.0, 0.0, 0.0, 0.0, 0.0, 0.0, 0.0, 0.0, 0.0, 0.0, 0.0, 0.0, 0.0, 0.0, 0.0, 0.0, 0.0, 0.0, 0.0, 0.0, 0.0, 0.0, 0.0, 0.0, 0.0, 0.0, 0.0, 0.0, 0.0, 0.0, 0.0]
tls reward list:[-0.007517569029277052, -0.00803923208764087, -0.006748173990230994, -0.006354297560707127, -0.006255630621491163, -0.006268380068615079, -0.006248551223109654, -0.005916394429684464, -0.005911280581591918, -0.005505286686135806, -0.005608756901462402, -0.005584339643372724, -0.005951361633917074, -0.005402335868911992, -0.005648464466824946, -0.005606834187145027, -0.005298363979073596, -0.0054170272843734055, -0.0051944524826266145, -0.005874292605103476, -0.005833779641442818, -0.005794502371663482, -0.005983038842367933, -0.005431955889202888, -0.005595271975239521, -0.0055490479460848985, -0.005490951525618271, -0.005485024073793426, -0.0056462904866853535, -0.005428942425538303, -0.0054994078260560105, -0.005593533784338052, -0.00523324857340311, -0.005439237171638944, -0.005462251101198818, -0.0053567835137777915, -0.005723835701996203, -0.005394864701806676, -0.005726259288571363, -0.005531106371543235, -0.00588994951824172, -0.0054599680423269605, -0.005245258614493325, -0.005483188509789745, -0.0055008630828605465, -0.005411487665737953, -0.005279355594662953, -0.005962206925229322, -0.0053062772267706325, -0.005819596549905411, -0.005506461941528784, -0.005306134407029819, -0.005428683055797507, -0.005597929436626766, -0.005552747389746867, -0.00574098623665777, -0.005430976931226541, -0.005355108617664651, -0.005813763146239331, -0.005865117391369011, -0.005598209882508727, -0.005794140255528538, -0.005260107540936674, -0.005677132338529958, -0.005259591196492014, -0.005356138468694967, -0.0053928374346910845, -0.005500146176719023, -0.005537386690141044, -0.0055912758855710225, -0.00545796954982821, -0.005485713569131079, -0.00519790459107115, -0.00586481398191543, -0.005314774409617816, -0.0055188713359921125, -0.00557203705278877, -0.005275109812695389, -0.005433383003187378, -0.005100440926734319, -0.00542642619520827, -0.005521925485594379, -0.0057056807993682845, -0.0054495634250171275, -0.005392555891445558, -0.005284142187044469, -0.00545027854704365, -0.005476368780493242, -0.0055202669644025424, -0.005316680560319996, -0.005675489426080663, -0.005842529901275708, -0.005555472890852458, -0.005198167423411148, -0.005445411043468947, -0.005697236272002622, -0.005774660190576763, -0.005834195105856572, -0.0052782845703849175, -0.005630347364056955, -0.005824762384925197, -0.0053170294067527895, -0.005695863100334424, -0.005682523064833283, -0.0053635171157547, -0.005299645496785466, -0.005521138306499714, -0.005701529350015435, -0.005498949671265833, -0.005707835585714774, -0.005418697779602903, -0.0050808120208329635, -0.0052872856143316455, -0.005491255172540049, -0.005307051103519701, -0.00539771396449395, -0.005581931589472296, -0.005094305283528097, -0.00576618003372286, -0.0057276357813870514, -0.0057933913511509635, -0.00561737621843276, -0.005724694883637718, -0.005334510287466972, -0.005496960962205304, -0.0054514556011362155, -0.005436287747978603, -0.005576068804079346, -0.005523265344678261, -0.005760655708719424, -0.005489018249972241, -0.005676205495255674, -0.005361199518815427, -0.006043651093241306, -0.005542330936093488, -0.0057737083063849615, -0.0053560242128564434, -0.005689768723530553, -0.00532849790368774, -0.0053689273914924686, -0.005364804102918881, -0.005577110303203059, -0.005782179436124409, -0.00561120315422384, -0.005579882188291315, -0.005725121974685867, -0.005069071957584217, -0.005741746991882631, -0.005269593261052863, -0.005085251339035878, -0.005293978073943033, -0.005562724486282172, -0.005668152927093855, -0.005598513761655804, -0.00583037125169264, -0.005504550945751397, -0.005464143784704836, -0.005610627945092975, -0.005708313074780721, -0.005676086516173442, -0.005419391296527781, -0.005468272438617909, -0.005607297137295509, -0.0056995519468249715, -0.005628594381507799, -0.005680711468163099, -0.005292421535021716, -0.005556109637830119, -0.005840657809211066, -0.0054166662355948966, -0.005413605802348306, -0.0055574932614041814, -0.005613230786586788, -0.005583785815487195, -0.005572038223520159, -0.0056029930746161844, -0.005704435173757984, -0.005728799898375934, -0.005515352480003308, -0.00536702734139824, -0.005784903844230588, -0.005576087526511573, -0.005585351867394722, -0.005722066792282267, -0.005724489992618441, -0.006035396158721456, -0.005715527204146477, -0.005584739002874666, -0.0056285346325275504, -0.005711178510170169, -0.005382684142733718, -0.006040802492225958, -0.005766774334220001, -0.005589935076687145, -0.0054553088902753195, -0.0055452671948301386, -0.005621861251209762, -0.005962586102090061, -0.005611774214828334, -0.0058031640388617285]
target reward list:[-0.336220206669393, 0.35039574101244436, 0.5177787299958853, 0.5125901985921596, 0.5687308143677036, 0.5631370965228171, 0.5298125852464332, 0.5505333441938464, 0.5425958963396821, 0.5586644268119311, 0.5695932037454009, 0.5565923065021133, 0.5375128358807184, 0.5496437579365482, 0.5577546261419212, 0.5735706937726818, 0.5169238734149891, 0.5462697919044671, 0.5336024641677701, 0.5461213764043555, 0.5627822529352653, 0.584047359645354, 0.5501026531018238, 0.5924018952109309, 0.5648570605902534, 0.5526645680013259, 0.5398980873090125, 0.5375510343595543, 0.5818457080547494, 0.5481039575723617, 0.5348528267759909, 0.557417119701036, 0.5931086636992814, 0.5292294324979359, 0.5333206376626528, 0.5433845735938017, 0.5937791905485471, 0.5666246969862402, 0.5234921564899864, 0.5628958633945005, 0.5619164563268292, 0.5284596589480445, 0.5592993439824916, 0.5458447520423411, 0.5652620002612065, 0.5543723054186647, 0.5628213169420097, 0.5676613066240913, 0.5662423122095724, 0.5205316500135324, 0.5250236625651415, 0.5520705109436812, 0.5680151648651657, 0.49770898858532364, 0.5575830498961603, 0.5302334101983416, 0.5458592676307377, 0.565506106165608, 0.5248434893644144, 0.5813929064357715, 0.5475569032163063, 0.5514188624964, 0.4734914879207256, 0.5604791248000305, 0.5472030094129857, 0.5443502633124013, 0.5419187797348499, 0.5391540687233685, 0.5783166659944473, 0.5778274411951587, 0.5541712725467776, 0.5634919350374271, 0.5712064493502859, 0.5380019814029244, 0.5663480255885267, 0.5594644771828491, 0.5463212914980564, 0.5096680242652561, 0.5773188531349718, 0.5378485936612223, 0.5462646393429365, 0.5122185345701368, 0.560137417136144, 0.5454938229632075, 0.5531708784219315, 0.5616535877626889, 0.5465783540394599, 0.5318007841663965, 0.5583908333665997, 0.5581176679510956, 0.5299315990820358, 0.5477726421954574, 0.5580680690440047, 0.5398881506778492, 0.5429879939965276, 0.5513076468243527, 0.5646335553018574, 0.5005439343198024, 0.5548554490200682, 0.5218690183815086, 0.5652952778394023, 0.5237076013158326, 0.5463133332527982, 0.5368665557261685, 0.5508768041954112, 0.5395798597061795, 0.5358238045144085, 0.5006491346201908, 0.538505103584555, 0.5803618537245494, 0.5241078024178616, 0.559631496863588, 0.5358173852001925, 0.5627513070622635, 0.4974749903122217, 0.5660268742743944, 0.5387663035501592, 0.5449739578583196, 0.563916767642446, 0.5423338174235673, 0.5470032849063741, 0.5551410238527759, 0.5564910704986553, 0.5612570427728777, 0.5592837398386171, 0.522625692433448, 0.5942365907269473, 0.548353002909151, 0.5011375075466082, 0.5381045278579517, 0.559200895506966, 0.5607265721964135, 0.5225619208040962, 0.5632555907694803, 0.5774317781533956, 0.5547256674491666, 0.5129640068768258, 0.546078305582574, 0.5425851465790051, 0.5441892424456476, 0.554370813281124, 0.49550126963900143, 0.5644255841953475, 0.5152743849223126, 0.5690965822453312, 0.5592309461938713, 0.5103159203387554, 0.51950158492685, 0.5252906325257292, 0.4976965868183025, 0.5359865653122518, 0.5489019975746846, 0.532704603656408, 0.5564673878171505, 0.5338017944181643, 0.5360956148680235, 0.5560592393329065, 0.5219698142756645, 0.5044160470528969, 0.530211006901927, 0.5399745675446902, 0.5297122316980679, 0.5533443488355734, 0.5405216099388257, 0.5178844098105014, 0.543243681302369, 0.5233913218214239, 0.5661996011696405, 0.5501061977305587, 0.5128306439109889, 0.5686210185989298, 0.5478579947445198, 0.5416004451852138, 0.5596352851125652, 0.5038503874108619, 0.5362730603608643, 0.5492287025182276, 0.5367925397320787, 0.5108843959383574, 0.5602003409109374, 0.5009571444498475, 0.5479755148943162, 0.5361634031803666, 0.5289083224232936, 0.5091509144219899, 0.5564729029886496, 0.5476935849110662, 0.5511133695066133, 0.5127037129736571, 0.4824412433258583, 0.5344249938718817, 0.5347862784479195, 0.5389412883481524, 0.5484604516350531, 0.548351849866527, 0.5000610480655803, 0.5435865410826584, 0.5326538725760016, 0.5247032100369282, 0.5006439362010087]
safe reward list [0.0, 0.0, 0.0, 0.0, 0.0, 0.0, 0.0, 0.0, 0.0, 0.0, 0.0, 0.0, 0.0, 0.0, 0.0, 0.0, 0.0, 0.0, 0.0, 0.0, 0.0, 0.0, 0.0, 0.0, 0.0, 0.0, 0.0, 0.0, 0.0, 0.0, 0.0, 0.0, 0.0, 0.0, 0.0, 0.0, 0.0, 0.0, 0.0, 0.0, 0.0, 0.0, 0.0, 0.0, 0.0, 0.0, 0.0, 0.0, 0.0, 0.0, 0.0, 0.0, 0.0, 0.0, 0.0, 0.0, 0.0, 0.0, 0.0, 0.0, 0.0, 0.0, 0.0, 0.0, 0.0, 0.0, 0.0, 0.0, 0.0, 0.0, 0.0, 0.0, 0.0, 0.0, 0.0, 0.0, 0.0, 0.0, 0.0, 0.0, 0.0, 0.0, 0.0, 0.0, 0.0, 0.0, 0.0, 0.0, 0.0, 0.0, 0.0, 0.0, 0.0, 0.0, 0.0, 0.0, 0.0, 0.0, 0.0, 0.0, 0.0, 0.0, 0.0, 0.0, 0.0, 0.0, 0.0, 0.0, 0.0, 0.0, 0.0, 0.0, 0.0, 0.0, 0.0, 0.0, 0.0, 0.0, 0.0, 0.0, 0.0, 0.0, 0.0, 0.0, 0.0, 0.0, 0.0, 0.0, 0.0, 0.0, 0.0, 0.0, 0.0, 0.0, 0.0, 0.0, 0.0, 0.0, 0.0, 0.0, 0.0, 0.0, 0.0, 0.0, 0.0, 0.0, 0.0, 0.0, 0.0, 0.0, 0.0, 0.0, 0.0, 0.0, 0.0, 0.0, 0.0, 0.0, 0.0, 0.0, 0.0, 0.0, 0.0, 0.0, 0.0, 0.0, 0.0, 0.0, 0.0, 0.0, 0.0, 0.0, 0.0, 0.0, 0.0, 0.0, 0.0, 0.0, 0.0, 0.0, 0.0, 0.0, 0.0, 0.0, 0.0, 0.0, 0.0, 0.0, 0.0, 0.0, 0.0, 0.0, 0.0, 0.0, 0.0, 0.0, 0.0, 0.0, 0.0, 0.0]
speed list [15.328253937882188, 15.114251016584886, 14.977749777715216, 15.06350786284245, 14.997753720859043, 15.1513101150914, 14.774778900343948, 15.241851460480545, 15.077652132361958, 14.834817722382656, 15.156908440496105, 15.08502036226907, 14.948468701249961, 15.224331394351115, 15.181003114218454, 15.420018765001066, 14.722041483748548, 14.849597187812169, 14.844490023851128, 14.868112126559945, 15.092908917764735, 15.17006796870097, 15.202484257822428, 15.400135739776458, 15.086587657181171, 15.156519207955201, 15.251791657059888, 15.153080403768858, 15.353990113293166, 15.012088171515153, 14.859057003897851, 15.06878109153536, 15.46126821091907, 14.941455308811546, 15.207923323797065, 15.087336491668593, 15.183854814372777, 15.042528064483237, 14.937942173356078, 15.170944829052738, 15.188158426386174, 15.133796123387716, 15.340334936070173, 14.884838249159793, 15.137972164085902, 15.155345005184566, 14.884155844477785, 15.040884631241916, 15.203072016980077, 15.126685485756314, 15.215443230760089, 15.201716120383505, 15.315521781865566, 14.673108218477001, 15.24128353783919, 14.934631287815431, 14.975878632155457, 15.185335783916228, 15.200526664734213, 15.148221778837202, 14.874201528977531, 14.885710374264544, 14.086455770557604, 15.23484833009085, 15.106103092312429, 15.078554684654755, 15.073038067008007, 15.017155385476345, 15.297475810053413, 14.964240153837897, 15.181068192904355, 14.927362016559515, 15.222201090469705, 15.16863389577096, 15.208364034218855, 15.159952226701364, 15.096075043663575, 15.119726232314745, 15.335726706628387, 15.197003367586822, 15.08195380790703, 15.058119664802392, 15.006543247066114, 15.201688275695941, 15.324026132095597, 15.166329373075289, 15.08701303032949, 15.238724582405727, 15.073210143588124, 15.275674554093364, 15.19039128286387, 15.08441665124031, 14.912339574858706, 15.083419878901678, 15.069539083261661, 15.111867169777755, 15.11414979530399, 15.203097539932445, 15.220389019318525, 15.047276523792831, 15.0109983885674, 15.27456218900004, 15.05485738836026, 14.890999402012355, 14.862688027241807, 14.996502813012054, 15.111858780581864, 14.761433986982913, 15.107359052468965, 15.260686535877388, 15.066596750859311, 15.067125395813267, 15.312978091711823, 15.13010605821006, 14.581785556536754, 15.112859635091127, 15.00308494689791, 15.024825390734641, 15.096093345513895, 14.94292880794491, 14.969181597181592, 14.915143079584341, 15.19066981212352, 15.144896106630755, 14.793790399189298, 14.988849656924922, 15.059652952342663, 14.881826310981902, 15.108590429039229, 15.248307110278073, 15.00053445821082, 15.248719689709402, 15.134880977116232, 15.068484498210928, 15.01584443448941, 15.189817467061715, 15.014675307441294, 14.954853005732748, 15.118533684292409, 15.114488987015399, 15.122236867501075, 14.892919971714576, 15.12174244567573, 14.711044714324041, 15.328582070286423, 14.884381725865524, 15.209558213049995, 15.158088298070112, 15.264552277838623, 14.696270486253509, 15.148362700803718, 15.075582308374273, 15.397902636878461, 15.164884969041756, 15.140594175443152, 14.93895273673513, 15.110932557021922, 14.983284620073666, 14.616842745748363, 14.783962381437252, 15.14696127253272, 14.948617698559993, 14.980204777635187, 14.983679125856089, 14.959109327990646, 15.126084282176944, 15.08480893304201, 15.28969700349202, 15.111849458248932, 15.02620645609717, 15.302582646436443, 15.328050710761405, 15.101411150242678, 15.15931722948181, 14.977629163747023, 15.183704709665422, 15.139594117693314, 14.984733357731393, 14.936804101503563, 15.249753654964904, 15.103566431173986, 15.085837926498574, 14.769883683120183, 15.016282428219663, 15.038015216174385, 14.972476009673274, 15.074163616443705, 15.15661441417465, 14.921261092962498, 14.338222091101459, 14.98081624090404, 15.121241589245802, 15.16329777404437, 15.212880457775633, 15.045091802416543, 14.838293023951126, 15.016753498549612, 15.24679877929973, 15.13475032174294, 15.008870629293614]
ec list [59.575272391916116, 58.57351400744473, 57.94023444915456, 57.81143475904658, 57.4927767738109, 57.69767940953706, 57.432078073423796, 57.44081121233275, 57.40294235805133, 57.10284192995906, 57.34457915223242, 57.50246590760895, 57.35331248545194, 57.445764685151815, 57.252022313545446, 57.43771299069343, 57.24201642132709, 56.99478121796918, 57.19918213545224, 57.70988532360839, 57.63585318286603, 57.42040195203297, 57.420895270266186, 57.188141404043904, 57.50135614096952, 57.34413003293877, 57.28139082960044, 57.294839350033605, 57.22150774438907, 57.38857323802845, 57.419343116641166, 57.40464970520696, 57.091999414112756, 57.17659878020824, 57.316926080669354, 57.133776108432244, 57.37039999108498, 57.275369414286764, 57.41504404757595, 57.22139166341899, 57.25382900450551, 57.34315506219522, 57.33331858945846, 57.31586159598945, 57.291059990722545, 57.36150134005367, 56.939777148544636, 57.37982771417094, 57.34110923880005, 57.47223815307205, 57.491715469344754, 57.384080754447325, 57.420777033518895, 57.560033962709625, 57.427931814240196, 57.34961114814971, 57.4645587547568, 57.05083508908507, 57.4050287840227, 57.256589471690624, 57.34030791594384, 57.38560359346415, 58.08060726381645, 57.47923924330819, 57.1195291392994, 57.24045928712052, 57.316812676415, 57.091003410176235, 57.13494870983874, 57.16885461857043, 57.412221537034775, 57.08304972481761, 57.16540276982793, 57.44519530853378, 57.13548432263189, 57.52589801419463, 57.24420707807132, 57.233442016290304, 57.0317800217831, 57.22313279461445, 57.48815226717633, 57.47293060699975, 57.39178951431484, 57.30319850889197, 57.08407446705442, 57.4182564076965, 57.27774003616267, 57.360052011599095, 57.2973847646741, 57.108042088251594, 57.298172171559145, 57.38841086128511, 57.25864819914704, 57.28213488381822, 57.323661686414994, 57.535928805547535, 57.25063433154951, 57.38908834316231, 57.39063029178493, 57.184268570050705, 57.51374369344078, 57.29809420220368, 57.16119100035899, 57.3334132263594, 57.227160704258125, 57.46764812454387, 57.50671974616594, 57.42348872640262, 57.30420164491941, 57.26666526080814, 57.4912960872049, 57.56476536275533, 57.3742833897603, 57.05307026385564, 57.58313732943042, 57.28155218511056, 57.23894446447072, 57.37045912696814, 57.440541985006064, 57.2986447591057, 57.409851726605204, 57.378276735535934, 57.31759665572788, 57.19442358458576, 57.079428541089776, 57.43864184015505, 57.35123086008756, 57.30183287776825, 57.212009320187384, 57.384440925778144, 57.198794733894886, 57.373481789583984, 57.06440794045204, 57.49189699491927, 57.09784207538918, 57.21112666785416, 57.44928987708197, 57.50771006623659, 57.244292464889924, 57.30308313542631, 57.18677085227239, 57.318456034379096, 57.619929119381894, 57.27024039434745, 57.05854443613919, 57.667070843554704, 57.1919111522083, 57.47449523401365, 57.35244851790152, 56.93485876061831, 57.117154796257935, 57.2485612783606, 57.52319407488191, 57.35943341651813, 57.552748294921074, 57.38607958505658, 57.370980897975464, 57.44053855393985, 57.810029481001656, 57.22395705289502, 57.615697676144855, 57.29290499302038, 57.17430490063518, 57.39479991189504, 57.24956647590474, 57.37418620587356, 57.24848424428491, 57.36781865736524, 57.38018046908211, 57.30500933556697, 57.54150200169855, 57.2768365328961, 57.31237758862997, 57.2999465737865, 57.29309555456431, 57.51591882072417, 57.21072256387213, 57.471267633926836, 57.24675688291782, 57.30321357864306, 57.47719636990868, 57.48274082910557, 57.270049658171004, 57.43995810781094, 57.38469522562184, 57.343440101630904, 57.2266714161196, 57.49392570850651, 57.31278377434926, 57.482738277409865, 57.32428644175276, 57.522717610650844, 57.62282770492599, 57.32684661441862, 57.27307961192004, 57.54919108079108, 57.27309733847332, 57.37911334787217, 57.372011701600606, 57.38112709396111]
jerk list [0.14069764281328667, 0.35104978853271757, 0.3821015177365026, 0.41379761287382943, 0.39122667057363236, 0.3905184361821188, 0.398034612657619, 0.3758902115332593, 0.3785465016054894, 0.3705355333655726, 0.3767457867647939, 0.3794016954707646, 0.38899555583014966, 0.3606782577684168, 0.3797018193873695, 0.3690310439371641, 0.3835137776091104, 0.3750394879846604, 0.3899338617221008, 0.40889267260124434, 0.39944350304426685, 0.38659217379161903, 0.38016832503766906, 0.36454520337521407, 0.4008929755453538, 0.37696284262793656, 0.3674493277440705, 0.3682639270395201, 0.36387534022657936, 0.3837869767371612, 0.37940191672702045, 0.3815148654192231, 0.3551798941444699, 0.37416339397294734, 0.3638836881514818, 0.36714321227575236, 0.3858153984820574, 0.3742264553000916, 0.37289371322719894, 0.3695001695340243, 0.3705185788034189, 0.3702710164657863, 0.36371959141029386, 0.39561702134107934, 0.38112117129290835, 0.37330919569300514, 0.3755777255186743, 0.3984474175267799, 0.38579168603111896, 0.392697196911732, 0.3729259388245768, 0.3669749784677463, 0.3719136566422742, 0.39607878151870535, 0.39337785451526813, 0.39103808566868026, 0.39267728688013687, 0.36715841702066043, 0.3839335620380869, 0.4019612380888137, 0.4172299185870884, 0.39464039588984434, 0.3952596109324009, 0.38066146858624306, 0.37068163558408124, 0.3822983104464325, 0.386602843123982, 0.3863322922455881, 0.36932472781150255, 0.39580140915332135, 0.37979124444345613, 0.3866768940002378, 0.38129827788111487, 0.3893584964697844, 0.37305186240237226, 0.40189285624036103, 0.38398313447213894, 0.39132741407753147, 0.36486678756178464, 0.37578449514139955, 0.3961878854103673, 0.38448676841487756, 0.3874972444502462, 0.37867289769790385, 0.38298367068581674, 0.38923397721444003, 0.3852200104907, 0.38239615457722886, 0.39431080301562094, 0.37492236847602384, 0.3875342755964372, 0.3949749133132543, 0.39720719027996426, 0.389917322246017, 0.3983447983965174, 0.4017699681389534, 0.39774570642814705, 0.3990740531067956, 0.38432280570660193, 0.40441681909667065, 0.4178626535965746, 0.3849797538705897, 0.39344493139435627, 0.4107412046010836, 0.4045320766136118, 0.4173585825343759, 0.3975703230573378, 0.42719985622808926, 0.4119984959679674, 0.4003991597485958, 0.414920680312296, 0.4030452548555607, 0.3733829856571577, 0.3898340940607114, 0.4067976501039947, 0.3951213137020788, 0.3894595884345157, 0.3917867182648828, 0.39910763569839713, 0.41755737010417787, 0.413555522870485, 0.42151724376735417, 0.40277046839878156, 0.38211835026701074, 0.41237048085085615, 0.4002142818507004, 0.39600519399378964, 0.41371137029855104, 0.3828230909897736, 0.39146127389738494, 0.4098371580928536, 0.4084604157328728, 0.3954029520768644, 0.4135478170233325, 0.39784176969362994, 0.40807430093562824, 0.3946837826724762, 0.41195863122174226, 0.40799505150534543, 0.3936821364549532, 0.3936327522838992, 0.41624306466466143, 0.40932735611619336, 0.4122032433835599, 0.3734849406468453, 0.4064663333771804, 0.3871173768360229, 0.40276612444916726, 0.3934473206334625, 0.4107505009186319, 0.38356921583094233, 0.4097989582100205, 0.4014365854353932, 0.3955588821935332, 0.415581816804872, 0.40981147103319265, 0.39952156130730315, 0.4055805871132384, 0.43008920745792845, 0.40470842659799633, 0.40607364631280823, 0.39548673013039365, 0.4242819484885662, 0.40030656368518275, 0.4036692591723929, 0.4056389149882099, 0.39573697514535855, 0.38960947623609143, 0.40875134116307377, 0.39429249159517354, 0.3984960276405236, 0.3888185116763275, 0.40670496139707246, 0.4058942922892127, 0.4263468878039018, 0.39553808684426545, 0.4058881169837382, 0.4225674146159908, 0.4094984330211337, 0.39517880710681474, 0.4098336667587363, 0.41016318642922195, 0.4069656158962349, 0.4185633544647614, 0.41160296486274073, 0.423785188483398, 0.39570093163708026, 0.4062445501876595, 0.4195145941969143, 0.43109738314732465, 0.4135337953614759, 0.4216470707697677, 0.40386686323198956, 0.4114317942214235, 0.4116815574914144, 0.43099558123395315, 0.41980339758934987, 0.41268528747914285, 0.414011253086425, 0.4121911996566925]