
Env:SUMO, Algorithm:MADDPG, Device:cuda:0
-----------------------------------------
{'algo': 'MADDPG', 'env': 'SUMO', 'seedVal': 20150427, 'gamma': 0.7, 'epsilon': 0.001, 'critic_lr': 0.005, 'actor_lr': 0.0001, 'memory_capacity': 1000000, 'batch_size': 512, 'train_eps': 200, 'eval_eps': 10, 'epsilon_start': 3, 'max_speed': 28, 'target_update': 4, 'hidden_dim': 256, 'soft_tau': 0.1, 'max_action': 2, 'device': device(type='cuda', index=0), 'simulation_steps': 3600, 'pathToSumoFiles': 'rou_net2_single', 'model_dest_path': 'models/', 'model_dest_path_leader': 'ep200_', 'model_dest_path_follow': '', 'logName': 'ep200_gamma0.700000_tua0.100000.txt', 'procID': 4}
seed 20150427
当前的gamma是0.7, 当前的soft tau是0.1
-----------------------------------------
model saved successfully!
Complete training!
final reward list:[-0.24430612107880556, 0.46287704844608585, 0.5328891431000159, 0.5190580061570466, 0.559988465709447, 0.5643296027020511, 0.50853162738839, 0.5067347757258299, 0.5241809766138079, 0.5380564611866222, 0.5634091162015935, 0.5431988390517185, 0.5270707423516627, 0.543370848520568, 0.5199814332518535, 0.5662207426346031, 0.5206773199121218, 0.5402886647426699, 0.5367281197620853, 0.5439220037512523, 0.5421939044933984, 0.5587698388344836, 0.5486663512028834, 0.5565230914278648, 0.5456896284848577, 0.5571540556644657, 0.5481117270999704, 0.5351691016585376, 0.5615624462853077, 0.5232623690297827, 0.5216267827430163, 0.5584815807927012, 0.5888082461427453, 0.5095413527558381, 0.4701330666640429, 0.5480785844048445, 0.5965730317879313, 0.5582178870279317, 0.525414973085968, 0.5734491263764174, 0.5684699847696125, 0.5342728047750406, 0.5489416796558172, 0.5398743132481406, 0.5469229191236782, 0.5459737292776718, 0.5119387507476193, 0.5618582015957755, 0.5429447735044576, 0.5231004350914025, 0.5480284990761735, 0.564983544757965, 0.5599696256038392, 0.5210728433719003, 0.543136429690437, 0.4962379871572193, 0.5183482798210995, 0.5836787341131636, 0.5097581071530874, 0.5580555642317447, 0.5225051886214787, 0.5494484809078135, 0.45067583305347464, 0.5553648867842843, 0.5390089439329347, 0.5175902632700697, 0.530221867768823, 0.5155510335713063, 0.5527963085627633, 0.5655514004163981, 0.5630786415371201, 0.5581711124074227, 0.5579165783602813, 0.5478796517380304, 0.5329586510055229, 0.5561152494049001, 0.512493492716093, 0.5004855270654595, 0.5494957517951138, 0.5425786355371698, 0.5350636330474035, 0.5197005243646822, 0.5488820975374085, 0.567100717213121, 0.5259831285104879, 0.5367600528262171, 0.5171622478756082, 0.5645837249114154, 0.5248712742597379, 0.5293395746486772, 0.5513746836326945, 0.5310965386254244, 0.5586977172995135, 0.544041920088414, 0.5154903959196557, 0.5346495641635365, 0.5130463528546546, 0.536704580300799, 0.5275507658095179, 0.5047237259265944, 0.5587859839674039, 0.5250670665084192, 0.520658720415772, 0.5384117334730206, 0.5084659718319755, 0.5314873261976528, 0.542149586275155, 0.48312342781078904, 0.5525219089104276, 0.5575099136647739, 0.5452848533675558, 0.5477327397682366, 0.5291929365523598, 0.5573677832682566, 0.5094529264437128, 0.5624348754915055, 0.5334566355302741, 0.5038489557948836, 0.5528401246811329, 0.5137895672481854, 0.5476912509464789, 0.5209496886410696, 0.5590086027002142, 0.5475945387659784, 0.5243048834384733, 0.48429847934602904, 0.5608079667555332, 0.5186255820105712, 0.510812218194533, 0.5507828504005962, 0.5445187681212681, 0.5412867718380854, 0.544915561063745, 0.5278192281086869, 0.5545250807292985, 0.5335417901337876, 0.5482702171401539, 0.5290336505061108, 0.5258368793373989, 0.537661560378741, 0.5569004224484927, 0.5266405359851943, 0.538294152770339, 0.5035002884033252, 0.5450527382413064, 0.5624690013005584, 0.4858357302099861, 0.5277049699419911, 0.5182735275546633, 0.49814529226658066, 0.5483748850985728, 0.5479169351500159, 0.525537541491285, 0.5274865479998926, 0.5332893843249628, 0.5045214362852524, 0.5352940826019494, 0.5117897938468623, 0.47867085418910255, 0.5217703414496787, 0.5432965201586647, 0.5213229510526787, 0.54311263605966, 0.5099196732545471, 0.5430845043912984, 0.5123868175382423, 0.5346383330225183, 0.5562455219208231, 0.5544587189872814, 0.5164965277126567, 0.5476548469624293, 0.5602051565161869, 0.5374104584481694, 0.5390263323722013, 0.5075335289001912, 0.533729695569613, 0.5233454186941019, 0.5331705015751182, 0.4957775171047939, 0.5527034928275711, 0.4751814542478013, 0.5133042285264348, 0.5443535883265856, 0.5256952732927517, 0.5497575493954154, 0.5565237004046761, 0.5188752336283814, 0.5256894024142601, 0.506696317232954, 0.4958046094274125, 0.5340086073837029, 0.5404447447101794, 0.5472557981333347, 0.5413228785267656, 0.5467776048932738, 0.5106837505493846, 0.5252116779181152, 0.5377796984641846, 0.5433020333937848, 0.5033198607704665]
final halt list:[1.7867540029112081, 0.05858310626702997, 0.006662225183211193, 0.0072055137844611525, 0.006084466714387974, 0.002104524728165556, 0.03267755918639546, 0.0, 0.025896414342629483, 0.04055944055944056, 0.0, 0.03574910627234319, 0.021357216672407853, 0.0003257328990228013, 0.008138020833333334, 0.012044161927065908, 0.014403922770456636, 0.01651705565529623, 0.014668367346938776, 0.012667390517553384, 0.0079155672823219, 0.02462330025725836, 0.0013971358714634998, 0.0, 0.0, 0.0003361344537815126, 0.0, 0.00033057851239669424, 0.029840388619014575, 0.014775227915749764, 0.01144244105409154, 0.0, 0.003996003996003996, 0.0, 0.10365448504983389, 0.03740157480314961, 0.010556971241354204, 0.0016784155756965425, 0.0343980343980344, 0.015415549597855228, 0.005533013648100332, 0.017898574743122307, 0.0, 0.0, 0.004197271773347324, 0.014411027568922305, 0.0, 0.0, 0.0, 0.012072434607645875, 0.0010190217391304348, 0.022653721682847898, 0.015775917578879587, 0.0009976720984369804, 0.0009923916639100231, 0.0, 0.0020242914979757085, 0.0, 0.015932203389830507, 0.0, 0.013708019191226868, 0.004705030763662686, 0.0894109396914446, 0.033662019721183274, 0.0, 0.014456316781898177, 0.001560549313358302, 0.0, 0.0, 0.0, 0.004930966469428008, 0.0, 0.0, 0.0022058823529411764, 0.0006615944426066821, 0.0, 0.0025134649910233393, 0.0, 0.002388263391334016, 0.0, 0.0006299212598425197, 0.012420382165605096, 0.005896635449184877, 0.0, 0.0, 0.015166182639561149, 0.0, 0.00962910128388017, 0.0016611295681063123, 0.005911330049261084, 0.0006779661016949153, 0.028869565217391303, 0.0003447087211306446, 0.005322479649342517, 0.011151197113807805, 0.0, 0.0, 0.0, 0.02875727490585416, 0.0, 0.011482254697286013, 0.004331683168316832, 0.0, 0.002099370188943317, 0.02324797843665768, 0.0, 0.0006325110689437065, 0.0, 0.0, 0.0, 0.011885640860905879, 0.0, 0.0, 0.01119664100769769, 0.002925877763328999, 0.0, 0.03756521739130435, 0.0, 0.0015003750937734434, 0.0003386386725364037, 0.009569377990430622, 0.0010217983651226157, 0.0, 0.0, 0.00033898305084745765, 0.01622849724115547, 0.004076086956521739, 0.0, 0.02026375040205854, 0.007771105616389968, 0.0009696186166774402, 0.0, 0.0, 0.0, 0.0, 0.0, 0.0, 0.015, 0.000315059861373661, 0.0031098825155494126, 0.005467996140238018, 0.025, 0.005805515239477504, 0.05028530670470756, 0.0, 0.00840630472854641, 0.023952095808383235, 0.00968927497494153, 0.0, 0.0, 0.0, 0.0, 0.0, 0.0, 0.02668491276086213, 0.0020512820512820513, 0.02404671934043284, 0.0009718172983479105, 0.03185360894611996, 0.01735985533453888, 0.0006133088009812941, 0.003992740471869328, 0.0, 0.03806734992679356, 0.00941492938802959, 0.0017123287671232876, 0.005767382249279077, 0.03674063295743907, 0.050017736786094356, 0.0047376093294460644, 0.0, 0.0, 0.004066418163334463, 0.0, 0.0, 0.04752409438351612, 0.004182642035552457, 0.0020754064337599448, 0.0, 0.0006791171477079797, 0.0, 0.0, 0.004564473183720046, 0.0, 0.0, 0.0, 0.0, 0.0013201320132013201, 0.0, 0.03611500701262272, 0.0, 0.0, 0.023100100435219283, 0.0, 0.016549295774647886, 0.003430531732418525, 0.0, 0.0, 0.0, 0.01673228346456693]
speed reward list:[0.0, 0.0, 0.0, 0.0, 0.0, 0.0, 0.0, 0.0, 0.0, 0.0, 0.0, 0.0, 0.0, 0.0, 0.0, 0.0, 0.0, 0.0, 0.0, 0.0, 0.0, 0.0, 0.0, 0.0, 0.0, 0.0, 0.0, 0.0, 0.0, 0.0, 0.0, 0.0, 0.0, 0.0, 0.0, 0.0, 0.0, 0.0, 0.0, 0.0, 0.0, 0.0, 0.0, 0.0, 0.0, 0.0, 0.0, 0.0, 0.0, 0.0, 0.0, 0.0, 0.0, 0.0, 0.0, 0.0, 0.0, 0.0, 0.0, 0.0, 0.0, 0.0, 0.0, 0.0, 0.0, 0.0, 0.0, 0.0, 0.0, 0.0, 0.0, 0.0, 0.0, 0.0, 0.0, 0.0, 0.0, 0.0, 0.0, 0.0, 0.0, 0.0, 0.0, 0.0, 0.0, 0.0, 0.0, 0.0, 0.0, 0.0, 0.0, 0.0, 0.0, 0.0, 0.0, 0.0, 0.0, 0.0, 0.0, 0.0, 0.0, 0.0, 0.0, 0.0, 0.0, 0.0, 0.0, 0.0, 0.0, 0.0, 0.0, 0.0, 0.0, 0.0, 0.0, 0.0, 0.0, 0.0, 0.0, 0.0, 0.0, 0.0, 0.0, 0.0, 0.0, 0.0, 0.0, 0.0, 0.0, 0.0, 0.0, 0.0, 0.0, 0.0, 0.0, 0.0, 0.0, 0.0, 0.0, 0.0, 0.0, 0.0, 0.0, 0.0, 0.0, 0.0, 0.0, 0.0, 0.0, 0.0, 0.0, 0.0, 0.0, 0.0, 0.0, 0.0, 0.0, 0.0, 0.0, 0.0, 0.0, 0.0, 0.0, 0.0, 0.0, 0.0, 0.0, 0.0, 0.0, 0.0, 0.0, 0.0, 0.0, 0.0, 0.0, 0.0, 0.0, 0.0, 0.0, 0.0, 0.0, 0.0, 0.0, 0.0, 0.0, 0.0, 0.0, 0.0, 0.0, 0.0, 0.0, 0.0, 0.0, 0.0, 0.0, 0.0, 0.0, 0.0, 0.0, 0.0]
tls reward list:[-0.007095018591873366, -0.007789769651318865, -0.006511845865096957, -0.0060462428719909285, -0.006374078097444852, -0.005974023138378424, -0.00607469556655113, -0.0058926952085910575, -0.0059751363645417065, -0.005468866816578631, -0.005531952129185454, -0.005690749536997598, -0.00591563188071857, -0.005264627805091121, -0.005604813932878847, -0.005724747153169485, -0.005325791403313385, -0.005449135555411012, -0.005206969643614171, -0.005930123993975654, -0.0057595695408300075, -0.005980685597153924, -0.005810423023830158, -0.005564999865983811, -0.005789229874625071, -0.005717231006014564, -0.005487960120913963, -0.005540406902126782, -0.005638938837155822, -0.005570689110665108, -0.00559008097897583, -0.005566038105120404, -0.005330793629807957, -0.005506070729008892, -0.00581588077354678, -0.005444733313724023, -0.0057440032217862605, -0.005446089715775144, -0.005568363101054806, -0.005284281991827028, -0.00582987586758891, -0.005497038254183402, -0.005277287405884513, -0.005488961232848093, -0.005513754040464841, -0.00532281331564173, -0.005365092373944451, -0.005895151361020962, -0.005348303168729245, -0.005718909484361387, -0.005516756255808658, -0.005271397222796365, -0.005440569134232949, -0.005515750858856395, -0.005588501457393202, -0.005834758191444127, -0.005549825155720496, -0.005555280695031598, -0.0059240283351004635, -0.00570449929905718, -0.005840477733097879, -0.005755550713446623, -0.005307997225416868, -0.005918719930613339, -0.005264378265393931, -0.005436787949864673, -0.005212906581364182, -0.005614960053757565, -0.00549183479007991, -0.0057239025640277745, -0.005411477149006716, -0.005640445927920342, -0.005451421242701731, -0.005811756457110966, -0.005355270894861198, -0.005789585807522519, -0.005515585832594777, -0.005395967703843316, -0.005401929245061695, -0.005215493597102222, -0.005538226850596031, -0.0055694614379936105, -0.005968564710362067, -0.005411629972930603, -0.005380272690806573, -0.005185680793122487, -0.005497236971362509, -0.00567959891409207, -0.005408479415312651, -0.005429718327633887, -0.005655375192364735, -0.005816420130560835, -0.005706708884665308, -0.0050325330268761155, -0.005677831812859694, -0.005713673131980374, -0.005936178701167778, -0.005923197754041155, -0.005458815817185061, -0.00574984842812539, -0.005758838828650592, -0.005294492588249511, -0.005837339333857582, -0.0057016700972717235, -0.005291682851499574, -0.005274280875303565, -0.005564495699084026, -0.005709097797432733, -0.00553417646428719, -0.005695739386437319, -0.005707632760354534, -0.005376138342048618, -0.005485032157285366, -0.005440575808913193, -0.005399803761606355, -0.005499779430323993, -0.005760493347421567, -0.0050981447060104166, -0.005898312719830436, -0.0057019969118836025, -0.0058038130310964775, -0.005572782605525169, -0.005588713364832216, -0.005423494251936311, -0.005538107874607517, -0.005708129870324454, -0.005599541693859419, -0.005656855825133013, -0.00550760909801054, -0.005635969274391513, -0.005476917091944822, -0.0056005320468152835, -0.005309363793044803, -0.005758139648243776, -0.005651458234532468, -0.005754598097850735, -0.005111976387961738, -0.0056654804556941505, -0.005385848386151691, -0.005342071927512986, -0.005428849933855427, -0.0056020677564323626, -0.005761558827989049, -0.005565561376112671, -0.005538595666740383, -0.005621295767896768, -0.005023064099908297, -0.005843584143680485, -0.0053171990356126846, -0.005032350092502281, -0.0055721756825966254, -0.005670345678521171, -0.005559612974921645, -0.005434000420345888, -0.005810022049582215, -0.005511310376214412, -0.005451644538227925, -0.0054641122496660996, -0.005726975249256743, -0.005689106120038255, -0.005345253380096287, -0.005505535410461388, -0.005537851025266263, -0.005853662813450695, -0.005711909815362293, -0.005402248043544456, -0.0053608985631530765, -0.005499179459467559, -0.005822585042376964, -0.0053481724052115345, -0.005439711020522971, -0.0057465567598241705, -0.00555837541993036, -0.005523839027848656, -0.005500423692846742, -0.005687482750740077, -0.005724801025023094, -0.0056942704113436635, -0.005529482152925673, -0.0054278618571891426, -0.005920644231641612, -0.005571470901480236, -0.005590768200756413, -0.005756950677812062, -0.005710538181008903, -0.005857017747345551, -0.005581070948901018, -0.005488940148989631, -0.0055309990660900015, -0.0056664657619330885, -0.0052945002949739695, -0.005884888579572948, -0.0056958883222047365, -0.005458269826102915, -0.005323911101207568, -0.005498018393671475, -0.005560944001235836, -0.005738124276194799, -0.0055651703786212875, -0.0058693013414431875]
target reward list:[-0.2372111024869322, 0.47066681809740474, 0.5394009889651129, 0.5251042490290374, 0.5663625438068919, 0.5703036258404296, 0.5146063229549411, 0.5126274709344211, 0.5301561129783496, 0.5435253280032009, 0.568941068330779, 0.5488895885887161, 0.5329863742323814, 0.5486354763256592, 0.5255862471847323, 0.5719454897877726, 0.5260031113154353, 0.5457378002980808, 0.5419350894056995, 0.549852127745228, 0.5479534740342283, 0.5647505244316376, 0.5544767742267136, 0.5620880912938486, 0.5514788583594828, 0.5628712866704804, 0.5535996872208843, 0.5407095085606645, 0.5672013851224635, 0.5288330581404478, 0.5272168637219921, 0.5640476188978216, 0.5941390397725532, 0.5150474234848469, 0.47594894743758975, 0.5535233177185686, 0.6023170350097176, 0.5636639767437068, 0.5309833361870226, 0.5787334083682446, 0.5742998606372014, 0.539769843029224, 0.5542189670617017, 0.5453632744809886, 0.552436673164143, 0.5512965425933136, 0.5173038431215637, 0.5677533529567964, 0.5482930766731869, 0.528819344575764, 0.5535452553319821, 0.5702549419807613, 0.5654101947380722, 0.5265885942307567, 0.5487249311478302, 0.5020727453486634, 0.52389810497682, 0.5892340148081954, 0.5156821354881879, 0.5637600635308019, 0.5283456663545766, 0.5552040316212602, 0.4559838302788915, 0.5612836067148976, 0.5442733221983287, 0.5230270512199343, 0.5354347743501872, 0.5211659936250639, 0.5582881433528433, 0.571275302980426, 0.5684901186861268, 0.563811558335343, 0.5633679996029831, 0.5536914081951414, 0.5383139219003841, 0.5619048352124226, 0.5180090785486878, 0.5058814947693028, 0.5548976810401755, 0.5477941291342721, 0.5406018598979995, 0.5252699858026758, 0.5548506622477705, 0.5725123471860516, 0.5313634012012944, 0.5419457336193396, 0.5226594848469707, 0.5702633238255075, 0.5302797536750506, 0.5347692929763112, 0.5570300588250592, 0.5369129587559852, 0.5644044261841786, 0.54907445311529, 0.5211682277325154, 0.5403632372955168, 0.5189825315558223, 0.5426277780548402, 0.533009581626703, 0.5104735743547199, 0.5645448227960544, 0.5303615590966687, 0.5264960597496294, 0.5441134035702924, 0.5137576546834751, 0.5367616070729564, 0.547714081974239, 0.4888325256082218, 0.5580560853747147, 0.5632056530512112, 0.5509924861279103, 0.5531088781102851, 0.5346779687096451, 0.5628083590771699, 0.5148527302053192, 0.5679346549218294, 0.5392171288776957, 0.5089471005008941, 0.5587384374009633, 0.5194915641600689, 0.5534950639775753, 0.5265224712465949, 0.5645973160650466, 0.5530180330179149, 0.5298429913130808, 0.4900066092163535, 0.5664075084493926, 0.5242824378357043, 0.5163198272925437, 0.5564188196749876, 0.549995685213213, 0.5468873038849007, 0.5502249248567896, 0.5335773677569307, 0.560176538963831, 0.5392963882316384, 0.5533821935281156, 0.534699130961805, 0.5312227277235505, 0.543003632306254, 0.5623292723823481, 0.5322426037416267, 0.5440557115983281, 0.5090658497794378, 0.5505913339080467, 0.5680902970684553, 0.4908587943098943, 0.5335485540856716, 0.5235907265902758, 0.5031776423590829, 0.5539470607811695, 0.5535872808285371, 0.5310971544662066, 0.5329205484202384, 0.539099406374545, 0.5100327466614667, 0.5407457271401775, 0.5172539060965283, 0.48439782943835935, 0.527459447569717, 0.5486417735387609, 0.5268284864631401, 0.5486504870849264, 0.5157733360679977, 0.5487964142066607, 0.5177890655817868, 0.5399992315856713, 0.5617447013802906, 0.5602813040296585, 0.5218447001178682, 0.5530945579829523, 0.565951713276011, 0.5429688338680997, 0.54455017140005, 0.5130339525930379, 0.539417178320353, 0.529070219719125, 0.538864771986462, 0.5013069992577196, 0.5581313546847602, 0.48110209847944296, 0.518875699427915, 0.5499443565273422, 0.5314522239705636, 0.5554680875764242, 0.5623807181520216, 0.5244563045772824, 0.5311783425632498, 0.512227316299044, 0.5014710751893455, 0.5393031076786768, 0.5463296332897524, 0.5529516864555394, 0.5467811483528685, 0.5521015159944814, 0.5161817689430561, 0.5307726219193509, 0.5435178227403794, 0.548867203772406, 0.5091891621119098]
safe reward list [0.0, 0.0, 0.0, 0.0, 0.0, 0.0, 0.0, 0.0, 0.0, 0.0, 0.0, 0.0, 0.0, 0.0, 0.0, 0.0, 0.0, 0.0, 0.0, 0.0, 0.0, 0.0, 0.0, 0.0, 0.0, 0.0, 0.0, 0.0, 0.0, 0.0, 0.0, 0.0, 0.0, 0.0, 0.0, 0.0, 0.0, 0.0, 0.0, 0.0, 0.0, 0.0, 0.0, 0.0, 0.0, 0.0, 0.0, 0.0, 0.0, 0.0, 0.0, 0.0, 0.0, 0.0, 0.0, 0.0, 0.0, 0.0, 0.0, 0.0, 0.0, 0.0, 0.0, 0.0, 0.0, 0.0, 0.0, 0.0, 0.0, 0.0, 0.0, 0.0, 0.0, 0.0, 0.0, 0.0, 0.0, 0.0, 0.0, 0.0, 0.0, 0.0, 0.0, 0.0, 0.0, 0.0, 0.0, 0.0, 0.0, 0.0, 0.0, 0.0, 0.0, 0.0, 0.0, 0.0, 0.0, 0.0, 0.0, 0.0, 0.0, 0.0, 0.0, 0.0, 0.0, 0.0, 0.0, 0.0, 0.0, 0.0, 0.0, 0.0, 0.0, 0.0, 0.0, 0.0, 0.0, 0.0, 0.0, 0.0, 0.0, 0.0, 0.0, 0.0, 0.0, 0.0, 0.0, 0.0, 0.0, 0.0, 0.0, 0.0, 0.0, 0.0, 0.0, 0.0, 0.0, 0.0, 0.0, 0.0, 0.0, 0.0, 0.0, 0.0, 0.0, 0.0, 0.0, 0.0, 0.0, 0.0, 0.0, 0.0, 0.0, 0.0, 0.0, 0.0, 0.0, 0.0, 0.0, 0.0, 0.0, 0.0, 0.0, 0.0, 0.0, 0.0, 0.0, 0.0, 0.0, 0.0, 0.0, 0.0, 0.0, 0.0, 0.0, 0.0, 0.0, 0.0, 0.0, 0.0, 0.0, 0.0, 0.0, 0.0, 0.0, 0.0, 0.0, 0.0, 0.0, 0.0, 0.0, 0.0, 0.0, 0.0, 0.0, 0.0, 0.0, 0.0, 0.0, 0.0]
speed list [15.52292531861193, 14.971370355772809, 15.06698804134193, 15.050441396153456, 14.99944806446539, 15.202617696381619, 14.728984586618378, 15.209866340363533, 15.048629243376041, 14.777894237296229, 15.151309571237102, 14.979437334380858, 14.919216667409898, 15.184369927958748, 15.123030070591145, 15.380014649157317, 14.706262771512636, 14.825154923561401, 14.853492355319753, 14.894861630529473, 15.092210933940471, 15.152846284644026, 15.184066532712647, 15.37992113698939, 15.068549236412283, 15.14676503001023, 15.241267771353607, 15.161707971507113, 15.344600181507989, 14.99065719021349, 14.885818231103853, 15.065532309415254, 15.451112004440239, 14.930141582892732, 15.128548205403051, 15.071123339269501, 15.11506563407745, 15.038882421829287, 14.937886911691178, 15.162977261079671, 15.171343675409899, 15.139811481293922, 15.341431777623995, 14.912274941583346, 15.132795079612212, 15.138340714663048, 14.864173346734093, 15.068463622896633, 15.253250435206056, 15.146902271475458, 15.214945213678593, 15.184349572718475, 15.287352030491354, 14.804865614876435, 15.26207351841711, 14.96602862073735, 14.967860171108638, 15.18651940133618, 15.205007806075521, 15.141239312760632, 14.853286050357873, 14.91136422894721, 13.988021276411592, 15.227999890384663, 15.106646970819396, 15.07532235519584, 15.051476208955167, 15.029061528712337, 15.270404522953513, 14.972529669035357, 15.180667201986713, 14.941412475649507, 15.243545655866086, 15.187993313189542, 15.208972600805373, 15.188085342432633, 15.12238180279141, 15.126065251240009, 15.338356053069493, 15.17130070429464, 15.054980573202196, 15.06617432216041, 15.009044704571977, 15.175872552973967, 15.319625649772288, 15.179124788343755, 15.087125645349934, 15.217171261504118, 15.081804332442589, 15.289540011070779, 15.209207675578698, 15.073032404459852, 14.91648145796806, 15.062705895824632, 15.049220482386081, 15.141802460571768, 15.114126605100688, 15.225613323842541, 15.253101974584, 15.055691005184054, 15.014378037058105, 15.28637884596105, 15.048611953502423, 14.926316622148828, 14.875713274586094, 15.011729373343236, 15.142267945722278, 14.759190793371271, 15.128750148691784, 15.257530572228028, 15.113896788091122, 15.243593926572345, 15.295309841085048, 15.102254590648784, 14.559994279673155, 15.131311207914163, 15.00676134387405, 15.029822726424118, 15.079099972313152, 14.94328652199818, 14.94957007094869, 14.913096622772404, 15.18187330720366, 15.134191419385964, 14.789767119253636, 15.009340716243308, 15.064821484166714, 14.932857640165333, 15.099175845437895, 15.233930218584247, 14.99402900807263, 15.235884599006665, 15.159218206045555, 15.050484973088484, 15.002921444301201, 15.194534869822183, 15.016401312482646, 14.97064217337118, 15.122752056947274, 15.127155025398508, 15.13144195732312, 14.925711505550007, 15.121863223522826, 14.665956621502668, 15.306441612813474, 14.947257649095011, 15.206101638239733, 15.191680779403878, 15.265028286030041, 14.702368372766996, 15.139552138521847, 15.090931081098358, 15.418298428841924, 15.153828998172148, 15.125862073725166, 14.937435290042213, 15.101985686678255, 14.975939477478711, 14.400960508008641, 14.784346721946457, 15.121578918099083, 14.968892416371485, 14.990602945561296, 14.942850754992232, 14.945005840868632, 15.113573900234053, 15.092592548703047, 15.238538680680422, 15.122699769537405, 15.027307923221825, 15.302083823491833, 15.344241518421043, 15.117484399398242, 15.204487705431735, 14.957183458777411, 15.154087430742265, 15.14408939452187, 14.968750404419776, 14.941071639389799, 15.252950189333372, 15.103317684774284, 15.122767671540872, 14.747355735457726, 15.037674065794523, 15.048635582868725, 15.007350945196741, 15.081952813199713, 15.16797483284144, 14.956920722844488, 14.355144969513146, 15.004573332533777, 15.144175917231602, 15.171400876403514, 15.199015232367612, 15.04573818257526, 14.880671846598664, 15.02259636275152, 15.263328301950763, 15.13339897071632, 15.010108613722977]
ec list [59.437398531247936, 58.71008507527011, 57.728478755204314, 57.59841518210564, 57.58325829130814, 57.452714822594125, 57.396286292616416, 57.39072867124402, 57.509612363003264, 57.24042599163463, 57.36250796062284, 57.63199326149038, 57.3576569177533, 57.39335603691441, 57.391791224922954, 57.402271580628785, 57.199093205522175, 57.064799485521284, 57.05823004433253, 57.61816208271274, 57.46657597852521, 57.46271305068891, 57.39913470044113, 57.136995910593605, 57.47371621141049, 57.42347990837066, 57.29179172008658, 57.26782960676658, 57.321118977855576, 57.40450492861178, 57.44869875561626, 57.36152350985825, 57.31192053832393, 57.24105636654672, 57.52027040410104, 57.18322953052682, 57.2279393064228, 57.372220067407966, 57.34723167784534, 57.16586238332738, 57.315672597775816, 57.41395073833774, 57.372586623393296, 57.395778006634174, 57.263936321425106, 57.385076864994915, 56.979828637050105, 57.295521373241684, 57.32777023036072, 57.43988595597413, 57.46838728740328, 57.410461110371756, 57.46646772347302, 57.35750318633876, 57.46192815373761, 57.331025704483345, 57.533681184750314, 57.00322466128204, 57.46714346752108, 57.234967204282434, 57.50098401972076, 57.36223919345312, 58.16394110588049, 57.55751829528248, 57.196146560719995, 57.237881589741804, 57.26483026869562, 57.164208503801866, 57.25034508969565, 57.353141210118046, 57.50527943262515, 57.19578071208746, 57.26118425691348, 57.30313396069917, 57.100893539146455, 57.6537234498938, 57.231505611034414, 57.36642829372651, 57.11777926565383, 57.18584067436381, 57.525787941495565, 57.56608479481489, 57.52813974235266, 57.22812977057335, 57.09344890078626, 57.393705826597184, 57.286059647810966, 57.41312197412992, 57.269653784086636, 57.11933726387972, 57.252616568911755, 57.47582385874191, 57.34099543088189, 57.32764357822224, 57.4285212854758, 57.50307736903061, 57.23541033786172, 57.341271463786875, 57.336294212806585, 57.15274212496171, 57.47130795137191, 57.373781116274614, 57.217350160097375, 57.25624275288873, 57.12435790001231, 57.47045430294874, 57.31263561190252, 57.34193027332331, 57.26228988546157, 57.283215713478945, 57.395841259614855, 57.271677594524455, 57.48221971030994, 57.091523489861835, 57.680786319898154, 57.408949523903175, 57.334329660321785, 57.41779707215434, 57.57328113479254, 57.283383773719635, 57.46542273396753, 57.38560436066761, 57.30409418890102, 57.273073673331105, 57.11599121155737, 57.419017002844775, 57.39851779677881, 57.349642244805196, 57.35871741031998, 57.32362528738114, 57.169040469293535, 57.305963551573555, 57.026907707780474, 57.4089609713751, 57.10291289701802, 57.07566821225126, 57.348570613827626, 57.45535825828913, 57.29067981438888, 57.320121675272496, 57.17321341240385, 57.306350237056655, 57.682182617800244, 57.378432329053844, 57.05970649425944, 57.65742604383473, 57.22980556455932, 57.46776598727499, 57.33999323726921, 56.989317730027146, 57.17591890093418, 57.2111444567695, 57.40203938352762, 57.36884435810404, 57.55207831763696, 57.26252695499789, 57.36813232590219, 57.49064175439171, 57.97902229305868, 57.346254995246355, 57.55085758967298, 57.33416283217562, 57.04080179764293, 57.42843157474447, 57.233624420248354, 57.24680229539489, 57.2624350224529, 57.30842268418009, 57.31187359211506, 57.22296298278933, 57.51173409374278, 57.196823225492714, 57.20924446221659, 57.34844444551275, 57.13602279022631, 57.4682954012373, 57.18875476485834, 57.5565298908098, 57.22838444562017, 57.24025580955236, 57.410484835255865, 57.44650265318262, 57.28231298805531, 57.406552280084945, 57.32001763456478, 57.272492475870095, 57.261370885558044, 57.33917099766688, 57.28324441911447, 57.48373430643128, 57.25834733106431, 57.51902041279377, 57.56228095364269, 57.249984675985154, 57.23597178248164, 57.48201582903521, 57.15993212659314, 57.17709822379742, 57.39093310080918, 57.497371525469845]
jerk list [0.1345429256501221, 0.38120454030707457, 0.3865544565234168, 0.4011278099523196, 0.38627163515282126, 0.3726762061968094, 0.3862257778898192, 0.3640143198672541, 0.3788959818955475, 0.3757079355927938, 0.3780258249513006, 0.3784929329485386, 0.3833296976306275, 0.36584355818860637, 0.3756297495772292, 0.36533450654862015, 0.3790051629185186, 0.37253934567985897, 0.3713324453936749, 0.39691287263934716, 0.37472436866327086, 0.37168510641801117, 0.38157801873730796, 0.36181144373479196, 0.39748206729421737, 0.36782185749541235, 0.3721855341477675, 0.37645171880895173, 0.36948994502303256, 0.38196804925363825, 0.3784877881454423, 0.374445917512124, 0.3606229213882807, 0.3894481486201133, 0.3541117932191321, 0.37190230305616734, 0.388204005511973, 0.3846230688219104, 0.3760308782830853, 0.3569731706873832, 0.37342283972379053, 0.37938706159613483, 0.36472726894315044, 0.38769473932257076, 0.38181869146842423, 0.37454272853166887, 0.37503148269011105, 0.3833087208565916, 0.3836786622437127, 0.3860354609000745, 0.3781881985070044, 0.37164447905997294, 0.37888617865799046, 0.385609528972882, 0.39420160204415877, 0.3992826768245807, 0.3935996318672748, 0.3810600546070702, 0.38051786812490285, 0.4006443966459164, 0.4165649849654886, 0.3961389945069476, 0.3976574504643489, 0.3863622286532879, 0.37844718575626224, 0.38383398621550235, 0.38475483972893926, 0.3843883344554709, 0.3625865351494816, 0.4028935891654412, 0.39317584917084436, 0.39998777855436934, 0.38108193655642164, 0.38015329639342843, 0.38077015517851476, 0.3999078779183593, 0.3744727794104712, 0.3949581444147349, 0.37865738334548527, 0.3876714052309826, 0.3968982509192654, 0.39451189895961053, 0.4121449450739846, 0.38820622577771124, 0.38823801148379283, 0.38740276434626697, 0.38921855329490823, 0.3917004990006795, 0.4004677150437584, 0.37438024969065276, 0.38250164012434984, 0.40376423166984243, 0.4141099418329791, 0.38730245183137335, 0.40848301352181354, 0.3959713336533411, 0.4008079103869717, 0.39832490288023364, 0.3808069398377714, 0.40624170187058295, 0.40718227299805576, 0.3824834782263602, 0.39840736498645396, 0.406494225615739, 0.39787439149606657, 0.4089195483178356, 0.4034876813287099, 0.4187189063660854, 0.4023428532923808, 0.39016911022610806, 0.4036634878289266, 0.39408846776699835, 0.40102351667317765, 0.3901549772781202, 0.4181314087818396, 0.4086761832675775, 0.40034255053438195, 0.3950349520992785, 0.4116864070766341, 0.4163604983155733, 0.42026512807822436, 0.4157888108589077, 0.4073960960775627, 0.39145269314893, 0.41038369639388234, 0.40560968082228804, 0.40917672135773114, 0.4211942995229336, 0.38627178217011154, 0.3886916587845421, 0.4055816088223792, 0.3997426971280473, 0.38834130677404216, 0.40348506980104254, 0.4101791305375272, 0.3904046623748154, 0.39300724412168414, 0.4052668383256477, 0.4103635929831533, 0.3838897312917029, 0.4001087162077867, 0.4124583735176667, 0.40851721844007755, 0.40043682734303415, 0.37425359505181494, 0.3956523265789545, 0.38713705300441964, 0.4068378734770055, 0.39691481259309397, 0.4029030878639424, 0.39513288081138453, 0.40997515164797343, 0.39312876629602245, 0.39314520350559756, 0.4133828694747671, 0.40286086028609913, 0.3975236971823195, 0.4051617168578222, 0.42095656049277097, 0.4100990293596689, 0.3928263051500639, 0.39809886301290137, 0.411682708107433, 0.4054066216868472, 0.41832063920346846, 0.3932670138904803, 0.40112435023312815, 0.37685212827847325, 0.40188704983989876, 0.38196746699226203, 0.3831649951136028, 0.38627997739579817, 0.4010374951128663, 0.39782246687783396, 0.4141200978031252, 0.38695026684658873, 0.396840030162116, 0.41570284294906285, 0.401936857119963, 0.3908117981173544, 0.4015437114741772, 0.40335269476805535, 0.406049351703389, 0.40581236415266647, 0.4070151667661964, 0.40368784235319977, 0.37948253792557274, 0.3947707689882622, 0.40370540573354624, 0.42069775002503174, 0.39727886051105266, 0.4056962508571918, 0.40196333816558916, 0.3941228082155934, 0.39883530731443323, 0.41617270008169877, 0.40653452261815914, 0.3918419680003741, 0.4104207420901489, 0.42097786899768985]