
Env:SUMO, Algorithm:MADDPG, Device:cuda:0
-----------------------------------------
{'algo': 'MADDPG', 'env': 'SUMO', 'seedVal': 20150427, 'gamma': 0.9, 'epsilon': 0.001, 'critic_lr': 0.005, 'actor_lr': 0.0001, 'memory_capacity': 1000000, 'batch_size': 512, 'train_eps': 200, 'eval_eps': 10, 'epsilon_start': 3, 'max_speed': 28, 'target_update': 4, 'hidden_dim': 256, 'soft_tau': 0.1, 'max_action': 2, 'device': device(type='cuda', index=0), 'simulation_steps': 3600, 'pathToSumoFiles': 'rou_net2_single', 'model_dest_path': 'models/', 'model_dest_path_leader': 'ep200_', 'model_dest_path_follow': '', 'logName': 'ep200_gamma0.900000_tua0.100000.txt', 'procID': 14}
seed 20150427
当前的gamma是0.9, 当前的soft tau是0.1
-----------------------------------------
model saved successfully!
Complete training!
final reward list:[-0.20872713325548548, 0.395107305128826, 0.4996094905828523, 0.49390223158649527, 0.5249371566819705, 0.5551756714647063, 0.47653274358332987, 0.5202745799146962, 0.5260525528622871, 0.03796390318896799, 0.426132155011474, 0.037210227462413786, 0.5643723764750082, 0.5421547891721331, 0.5233815224586218, 0.5445591476113985, 0.3001768988499166, 0.4283338401647325, 0.5127488364613088, 0.5150457049890983, 0.5115433320171469, 0.5704057694304234, 0.5406326082428732, 0.564849990678252, 0.5649503675984773, 0.5461837739638455, 0.5662029326757475, 0.5417511171795921, 0.4936960866718442, 0.5546406147502975, 0.5416785310638944, 0.5516645946424289, 0.5878077640749461, 0.5325632785842709, 0.5582452860532012, 0.5270373202044025, 0.5646651789077658, 0.5798444217193094, 0.5269086997718344, 0.5704864945430931, 0.549879507705387, 0.5489061748920075, 0.5628618332800845, 0.5449104728244971, 0.5782130338171019, 0.5624474671556842, 0.5330618666044952, 0.5362978029387564, 0.5710945891980822, 0.5161672435585234, 0.5360107555133259, 0.5380043206074834, 0.5615924545207833, 0.5003651459570887, 0.5060385704157233, 0.549821997193545, 0.5304141348669936, 0.5565201166652605, 0.5509888510732905, 0.5258067600589914, 0.5279836205581243, 0.5291576195071028, 0.46267233385605466, 0.5728649582865405, 0.5537661161112081, 0.522208697541833, 0.5513702095733867, 0.580514151468884, 0.5990916174228488, 0.5889706425901224, 0.5458009714557299, 0.5663261928471606, 0.5654540517561689, 0.5329926361755777, 0.5521072352484291, 0.5733423792679812, 0.5502868289088003, 0.5438755493043406, 0.5858231492567182, 0.5578063883732407, 0.531375431510701, 0.531573486598744, 0.5503877166179092, 0.5440577795954802, 0.5620121040953796, 0.5478422976600297, 0.5275067853441292, 0.5718381233938655, 0.5343606930144714, 0.5493921330462079, 0.5569483558790959, 0.542316289752155, 0.5598391247393385, 0.5368094644173962, 0.5045527460923767, 0.5506518611171393, 0.5395933514172188, 0.5522188427009103, 0.5495890621417274, 0.53911825229654, 0.5531976415999778, 0.5239162665519941, 0.55973621165259, 0.5471396622373536, 0.5534197469653486, 0.5479116010678293, 0.5083372598175762, 0.527036329729249, 0.5592448675354594, 0.5808284212084316, 0.5306344059838566, 0.547989118870764, 0.5425058406257192, 0.5606857725904523, 0.5150699258786178, 0.5742865750234077, 0.5123612171736437, 0.5234634469530519, 0.5629846656190683, 0.5389406488907421, 0.5538068239254605, 0.5489476466120377, 0.5769529401435527, 0.5583596335538213, 0.5430216432861863, 0.5234512008641807, 0.5568037744149384, 0.5366066838210153, 0.5374247524398069, 0.5427778880008988, 0.5435955801680863, 0.5633002738568857, 0.5400623559202802, 0.5493179676074879, 0.5607840994366522, 0.5157120936384697, 0.5152374669892492, 0.5373761161125559, 0.5531487214274106, 0.5331657937816473, 0.5570613199023148, 0.5234397898605833, 0.5670023672313271, 0.5219812596157575, 0.5735635310595669, 0.5383160856410436, 0.5196666862564582, 0.5534156420649996, 0.5071863592618965, 0.5082180879447802, 0.5340513547353497, 0.5535805624735864, 0.5293101937640128, 0.5404307635263343, 0.5503753693564741, 0.5360965057703857, 0.5501354532072472, 0.535202892635704, 0.46969641039892857, 0.5322388704979992, 0.5530507111282517, 0.5317956756197662, 0.5488887542341493, 0.5290424952050695, 0.532144038048884, 0.5617981436817117, 0.5436367114465862, 0.571940622089615, 0.5581810289856183, 0.5462506679122809, 0.5686505657356528, 0.5562480194268397, 0.5365182313261396, 0.5513085463338833, 0.5498408556711221, 0.5551802208023376, 0.5295764988812712, 0.5103320374934939, 0.5247040961899522, 0.55716302184838, 0.5266274360580924, 0.5410098596247045, 0.5187598200261191, 0.530065384948594, 0.5510645271463396, 0.5616635223485213, 0.5474985301290155, 0.5454873189424706, 0.5474778327621003, 0.4948382619680559, 0.554683547483263, 0.5374983544818933, 0.5353386758175981, 0.5427784375488605, 0.5365402486309045, 0.5068962425015258, 0.5507834428196525, 0.5485174179678306, 0.5267328157465991, 0.5275135354856406]
final halt list:[1.6429865893439652, 0.040503744043567054, 0.04357950765136394, 0.013775829680651221, 0.02039355992844365, 0.002805049088359046, 0.2351567711807872, 0.0, 0.06202321724709784, 6.660027952480783, 1.1225321215919775, 8.235543939888926, 0.022382920110192838, 0.005861282969716704, 0.00878334417696812, 0.11003344481605351, 0.6666666666666666, 0.18318965517241378, 0.012125079770261647, 0.008324285197249367, 0.0009894459102902375, 0.0125, 0.005941978329255505, 0.0, 0.0, 0.0003360215053763441, 0.015619807244931871, 0.0, 0.014920194309507287, 0.021049324536600692, 0.009015256588072122, 0.01174934725848564, 0.015645805592543277, 0.0, 0.0016611295681063123, 0.03215223097112861, 0.004004368401892974, 0.000335795836131632, 0.029484029484029485, 0.006367292225201072, 0.013284132841328414, 0.042108753315649866, 0.0, 0.0, 0.0, 0.0, 0.01939655172413793, 0.0, 0.0, 0.047635021804763505, 0.0010186757215619694, 0.023609314359637774, 0.00128783000643915, 0.05021616228799468, 0.0009930486593843098, 0.02603631380609798, 0.0020242914979757085, 0.0, 0.002711864406779661, 0.0, 0.004453579993148339, 0.02280130293159609, 0.042426367461430574, 0.04625850340136054, 0.0, 0.0, 0.015610365282547611, 0.0, 0.0, 0.0, 0.005590266359750082, 0.0, 0.0, 0.0011025358324145535, 0.0, 0.0, 0.02333931777378815, 0.014767255216693418, 0.0, 0.0, 0.014177693761814745, 0.001911436763300414, 0.008671522719389525, 0.0, 0.0, 0.000968054211035818, 0.0007328691828508611, 0.005706134094151213, 0.000664451827242525, 0.013136288998357963, 0.002034587995930824, 0.022616562282533056, 0.0034482758620689655, 0.014406514249921704, 0.007876599934361668, 0.0, 0.0007072135785007072, 0.0, 0.020191649555099247, 0.0, 0.005219206680584551, 0.012372409526755336, 0.0, 0.016445066480055982, 0.020896528479946073, 0.0, 0.0009487666034155598, 0.0, 0.0, 0.0, 0.014762516046213094, 0.0, 0.0, 0.0003498950314905528, 0.011049723756906077, 0.015216672179953688, 0.019478260869565216, 0.024538018782187216, 0.0, 0.0, 0.0, 0.0, 0.0, 0.0, 0.0, 0.01525478740668614, 0.019021739130434784, 0.0, 0.0032164683177870698, 0.021908127208480566, 0.0, 0.0, 0.0, 0.0, 0.0, 0.0, 0.0, 0.01606569082470546, 0.0, 0.0017283097131005876, 0.005789642972016726, 0.020212401507365536, 0.0014508523757707653, 0.004991087344028521, 0.0007005253940455342, 0.00350385423966363, 0.006626696118649416, 0.006012024048096192, 0.0, 0.0006453694740238787, 0.0, 0.0, 0.0, 0.00033178500331785003, 0.028395484091686622, 0.0, 0.004122294744074201, 0.010689990281827016, 0.03352522858110396, 0.02748643761301989, 0.0009202453987730061, 0.006170598911070781, 0.00549073438572409, 0.01683748169838946, 0.018487394957983194, 0.0006851661527920521, 0.014098045498237744, 0.021826118588577664, 0.04114934373891451, 0.019672131147540985, 0.0, 0.012807199723087574, 0.009827177228058285, 0.0, 0.0013162224415926291, 0.04086378737541528, 0.0038354253835425384, 0.0, 0.0006642311524410495, 0.003054989816700611, 0.0, 0.0, 0.07151007987828072, 0.0, 0.0, 0.008527994067482388, 0.0, 0.00462198745460548, 0.0, 0.03995793901156677, 0.0, 0.0, 0.02042182792099096, 0.0, 0.018309859154929577, 0.006858710562414266, 0.0, 0.0, 0.0, 0.021011162179908074]
speed reward list:[0.0, 0.0, 0.0, 0.0, 0.0, 0.0, 0.0, 0.0, 0.0, 0.0, 0.0, 0.0, 0.0, 0.0, 0.0, 0.0, 0.0, 0.0, 0.0, 0.0, 0.0, 0.0, 0.0, 0.0, 0.0, 0.0, 0.0, 0.0, 0.0, 0.0, 0.0, 0.0, 0.0, 0.0, 0.0, 0.0, 0.0, 0.0, 0.0, 0.0, 0.0, 0.0, 0.0, 0.0, 0.0, 0.0, 0.0, 0.0, 0.0, 0.0, 0.0, 0.0, 0.0, 0.0, 0.0, 0.0, 0.0, 0.0, 0.0, 0.0, 0.0, 0.0, 0.0, 0.0, 0.0, 0.0, 0.0, 0.0, 0.0, 0.0, 0.0, 0.0, 0.0, 0.0, 0.0, 0.0, 0.0, 0.0, 0.0, 0.0, 0.0, 0.0, 0.0, 0.0, 0.0, 0.0, 0.0, 0.0, 0.0, 0.0, 0.0, 0.0, 0.0, 0.0, 0.0, 0.0, 0.0, 0.0, 0.0, 0.0, 0.0, 0.0, 0.0, 0.0, 0.0, 0.0, 0.0, 0.0, 0.0, 0.0, 0.0, 0.0, 0.0, 0.0, 0.0, 0.0, 0.0, 0.0, 0.0, 0.0, 0.0, 0.0, 0.0, 0.0, 0.0, 0.0, 0.0, 0.0, 0.0, 0.0, 0.0, 0.0, 0.0, 0.0, 0.0, 0.0, 0.0, 0.0, 0.0, 0.0, 0.0, 0.0, 0.0, 0.0, 0.0, 0.0, 0.0, 0.0, 0.0, 0.0, 0.0, 0.0, 0.0, 0.0, 0.0, 0.0, 0.0, 0.0, 0.0, 0.0, 0.0, 0.0, 0.0, 0.0, 0.0, 0.0, 0.0, 0.0, 0.0, 0.0, 0.0, 0.0, 0.0, 0.0, 0.0, 0.0, 0.0, 0.0, 0.0, 0.0, 0.0, 0.0, 0.0, 0.0, 0.0, 0.0, 0.0, 0.0, 0.0, 0.0, 0.0, 0.0, 0.0, 0.0, 0.0, 0.0, 0.0, 0.0, 0.0, 0.0]
tls reward list:[-0.007046373633346112, -0.00822495979987917, -0.006276968166745184, -0.006006966314825583, -0.005926934265001979, -0.005807147662602638, -0.006255687289733742, -0.005944563516646294, -0.005707548072489027, -0.005356421142105514, -0.005746395090529433, -0.004871530811215823, -0.005383994276052582, -0.004877661419906152, -0.005308936949116941, -0.005650962842390956, -0.004838334864310999, -0.00547674400820836, -0.00504191999040414, -0.005683169955272019, -0.005835073579478975, -0.005646340551261035, -0.0055007416465208325, -0.0052886310749510205, -0.005356295391209173, -0.005430581240926019, -0.005304658443952454, -0.005265342989237608, -0.005626685801884981, -0.005234992611969052, -0.005529213672583445, -0.005549123762210999, -0.005243872763617646, -0.005345312631654728, -0.005412108702077458, -0.0054900083507102284, -0.0055325761477776755, -0.005259035085464349, -0.0054619047996634215, -0.005323965073867842, -0.00575586914928609, -0.0054839232372276515, -0.005243321135890216, -0.005474054844471576, -0.005378311906414565, -0.005173566114550387, -0.005321536373539184, -0.005804519862139602, -0.005160706144863212, -0.005662932487498296, -0.005373735312166035, -0.005089248319810909, -0.005242285274616395, -0.005360451036089783, -0.005533340205189303, -0.005643162197691516, -0.005406455554407019, -0.005170585576212465, -0.005600656557086112, -0.005572155189881921, -0.00551631531619121, -0.005643378741869394, -0.005177400685979697, -0.005598584788835203, -0.005080458100994536, -0.0053045797748988545, -0.0051865486546670315, -0.005199878501094153, -0.005482603394344357, -0.005673775828642737, -0.005364811331269282, -0.005441356102472384, -0.0052705818589903804, -0.005880925544561525, -0.005253362566354863, -0.005473607867127942, -0.0055483955278778346, -0.00514693946031253, -0.00541657262258156, -0.005140886722063728, -0.005488202854107107, -0.005467222281035327, -0.005749093761089242, -0.005375014825655251, -0.0053429781832978265, -0.005144931027605324, -0.005542681479082158, -0.005469650664081088, -0.005428710714970068, -0.005327392716715432, -0.005771170934103198, -0.005731786273719901, -0.005564826776951325, -0.005106122592719151, -0.005396658868593271, -0.005499734964024602, -0.0058191966893101086, -0.0058937890643553275, -0.005331389257759798, -0.005496161868494495, -0.005616106423039034, -0.005242364325953122, -0.005701568678471944, -0.005648498652123394, -0.0053732222561308106, -0.0052314532128271045, -0.0053353416731179056, -0.005589575510168436, -0.00549137995483909, -0.005738404621402188, -0.005598656806093195, -0.005252740050042044, -0.005251375480496529, -0.005509717781069411, -0.005362743719544538, -0.0054720633586025184, -0.005675410892627012, -0.005108847688116413, -0.005850036864132774, -0.005475717581029833, -0.005536088430048665, -0.00555826519964243, -0.00554621466849899, -0.005381590028307048, -0.005263816434604059, -0.005585283619070551, -0.005498435163266235, -0.005443628469719255, -0.005259404761650787, -0.00556785065075703, -0.005408317103974829, -0.005597752159827723, -0.0052700529325169585, -0.005903565065244405, -0.005428180810442198, -0.00576687242599476, -0.005144010188321536, -0.005595827193699879, -0.005197990144172369, -0.0053311901519838166, -0.005257624060948978, -0.005376956251362566, -0.005652939298126058, -0.005482658417552351, -0.0056541786201039545, -0.005518036859985598, -0.004968344607461513, -0.005725271464078001, -0.005131657393972972, -0.005005296012348503, -0.00553196290829989, -0.0056609352917542195, -0.005442901040365415, -0.005579132771542124, -0.005634232904459884, -0.005517794203666441, -0.0054115580810464485, -0.005623847159374796, -0.005368277735827691, -0.005661419404634307, -0.00526391407107027, -0.005382232523200611, -0.00544936426354529, -0.005710367743240416, -0.005600358581187171, -0.005533044443273353, -0.0052818267841016325, -0.005525088067730527, -0.005654393770876468, -0.005384997014064528, -0.005477005574198261, -0.005412717686615406, -0.005619794303326358, -0.005517169415786915, -0.005408859325230802, -0.005597900434743867, -0.005540538838309187, -0.005538752029550363, -0.005361689409354751, -0.005553441509882719, -0.005721703829302517, -0.005529942882278948, -0.005585573231746308, -0.005782241697037821, -0.00551925002995321, -0.005783773503914299, -0.005624052732398627, -0.0053488291944830645, -0.005528977827277641, -0.005420651537672809, -0.005244788116212586, -0.005787084200677769, -0.005687334168134291, -0.00534908017017592, -0.005586417887779276, -0.005474092685098443, -0.005429474715568352, -0.005706017787299866, -0.005480421560310447, -0.005622698638453033]
target reward list:[-0.20168075962213933, 0.40333226492870516, 0.5058864587495975, 0.4999091979013208, 0.5308640909469725, 0.560982819127309, 0.48278843087306356, 0.5262191434313424, 0.5317601009347763, 0.043320324331073454, 0.43187855010200343, 0.04208175827362961, 0.5697563707510607, 0.5470324505920392, 0.5286904594077387, 0.5502101104537893, 0.3050152337142276, 0.43381058417294094, 0.5177907564517129, 0.5207288749443704, 0.5173784055966257, 0.5760521099816844, 0.546133349889394, 0.570138621753203, 0.5703066629896865, 0.5516143552047715, 0.5715075911197, 0.5470164601688297, 0.49932277247372925, 0.5598756073622665, 0.5472077447364778, 0.55721371840464, 0.5930516368385637, 0.5379085912159256, 0.5636573947552787, 0.5325273285551128, 0.5701977550555434, 0.5851034568047738, 0.5323706045714979, 0.575810459616961, 0.555635376854673, 0.5543900981292351, 0.5681051544159748, 0.5503845276689687, 0.5835913457235165, 0.5676210332702344, 0.5383834029780343, 0.542102322800896, 0.5762552953429454, 0.5218301760460217, 0.5413844908254919, 0.5430935689272943, 0.5668347397953998, 0.5057255969931785, 0.5115719106209127, 0.5554651593912365, 0.5358205904214006, 0.5616907022414729, 0.5565895076303765, 0.5313789152488733, 0.5334999358743157, 0.5348009982489722, 0.4678497345420343, 0.5784635430753758, 0.5588465742122026, 0.5275132773167318, 0.5565567582280537, 0.5857140299699781, 0.604574220817193, 0.5946444184187651, 0.5511657827869992, 0.571767548949633, 0.5707246336151592, 0.5388735617201393, 0.5573605978147839, 0.5788159871351091, 0.5558352244366782, 0.5490224887646531, 0.5912397218792996, 0.5629472750953044, 0.5368636343648081, 0.5370407088797795, 0.5561368103789985, 0.5494327944211354, 0.5673550822786775, 0.552987228687635, 0.5330494668232112, 0.5773077740579465, 0.5397894037294415, 0.5547195257629234, 0.5627195268131991, 0.5480480760258749, 0.5654039515162897, 0.5419155870101153, 0.5099494049609699, 0.5561515960811639, 0.545412548106529, 0.5581126317652657, 0.5549204513994873, 0.5446144141650344, 0.5588137480230169, 0.5291586308779472, 0.565437780331062, 0.552788160889477, 0.5587929692214794, 0.5531430542806564, 0.513672601490694, 0.5326259052394172, 0.5647362474902986, 0.5865668258298338, 0.5362330627899498, 0.553241858920806, 0.5477572161062156, 0.5661954903715217, 0.5204326695981623, 0.5797586383820102, 0.5180366280662706, 0.5285722946411683, 0.568834702483201, 0.5444163664717719, 0.5593429123555093, 0.5545059118116801, 0.5824991548120516, 0.5637412235821283, 0.5482854597207903, 0.5290364844832512, 0.5623022095782046, 0.5420503122907344, 0.5426841572014578, 0.5483457386516558, 0.5490038972720611, 0.5688980260167135, 0.5453324088527971, 0.5552215326727323, 0.5662122802470945, 0.5214789660644644, 0.5203814771775708, 0.5429719433062559, 0.5583467115715829, 0.5384969839336311, 0.5623189439632638, 0.5288167461119458, 0.5726553065294532, 0.5274639180333098, 0.5792177096796709, 0.5438341225010292, 0.5246350308639197, 0.5591409135290776, 0.5123180166558694, 0.5132233839571286, 0.5395833176436495, 0.5592414977653406, 0.5347530948043782, 0.5460098962978766, 0.556009602260934, 0.5416142999740522, 0.5555470112882938, 0.5408267397950788, 0.4750646881347562, 0.5379002899026336, 0.5583146251993218, 0.5371779081429668, 0.5543381184976947, 0.5347528629483099, 0.5377443966300711, 0.567331188124985, 0.5489185382306878, 0.5774657101573455, 0.5638354227564948, 0.5516356649263454, 0.5741275713098509, 0.5616607371134551, 0.542138025629466, 0.5568257157496702, 0.5552497149963528, 0.5607781212370815, 0.5351170377195804, 0.5158707895230442, 0.530065785599307, 0.5627164633582626, 0.5323491398873949, 0.5465398025069835, 0.5243453932578653, 0.5358476266456318, 0.5565837771762928, 0.5674472958524356, 0.5531225828614141, 0.5508361481369536, 0.553006810589378, 0.5002589135057286, 0.5599283355994756, 0.5432854386825712, 0.5410260099857324, 0.5481275177190365, 0.5421266665186839, 0.5123703351866241, 0.5562129175352208, 0.5542234357551304, 0.5322132373069096, 0.5331362341240937]
safe reward list [0.0, 0.0, 0.0, 0.0, 0.0, 0.0, 0.0, 0.0, 0.0, 0.0, 0.0, 0.0, 0.0, 0.0, 0.0, 0.0, 0.0, 0.0, 0.0, 0.0, 0.0, 0.0, 0.0, 0.0, 0.0, 0.0, 0.0, 0.0, 0.0, 0.0, 0.0, 0.0, 0.0, 0.0, 0.0, 0.0, 0.0, 0.0, 0.0, 0.0, 0.0, 0.0, 0.0, 0.0, 0.0, 0.0, 0.0, 0.0, 0.0, 0.0, 0.0, 0.0, 0.0, 0.0, 0.0, 0.0, 0.0, 0.0, 0.0, 0.0, 0.0, 0.0, 0.0, 0.0, 0.0, 0.0, 0.0, 0.0, 0.0, 0.0, 0.0, 0.0, 0.0, 0.0, 0.0, 0.0, 0.0, 0.0, 0.0, 0.0, 0.0, 0.0, 0.0, 0.0, 0.0, 0.0, 0.0, 0.0, 0.0, 0.0, 0.0, 0.0, 0.0, 0.0, 0.0, 0.0, 0.0, 0.0, 0.0, 0.0, 0.0, 0.0, 0.0, 0.0, 0.0, 0.0, 0.0, 0.0, 0.0, 0.0, 0.0, 0.0, 0.0, 0.0, 0.0, 0.0, 0.0, 0.0, 0.0, 0.0, 0.0, 0.0, 0.0, 0.0, 0.0, 0.0, 0.0, 0.0, 0.0, 0.0, 0.0, 0.0, 0.0, 0.0, 0.0, 0.0, 0.0, 0.0, 0.0, 0.0, 0.0, 0.0, 0.0, 0.0, 0.0, 0.0, 0.0, 0.0, 0.0, 0.0, 0.0, 0.0, 0.0, 0.0, 0.0, 0.0, 0.0, 0.0, 0.0, 0.0, 0.0, 0.0, 0.0, 0.0, 0.0, 0.0, 0.0, 0.0, 0.0, 0.0, 0.0, 0.0, 0.0, 0.0, 0.0, 0.0, 0.0, 0.0, 0.0, 0.0, 0.0, 0.0, 0.0, 0.0, 0.0, 0.0, 0.0, 0.0, 0.0, 0.0, 0.0, 0.0, 0.0, 0.0, 0.0, 0.0, 0.0, 0.0, 0.0, 0.0]
speed list [15.538486840542424, 15.055713527474682, 14.720303234085577, 15.045978894052864, 14.66042654677632, 15.107373422298611, 14.021374775023808, 15.127939572914487, 14.931559004998277, 9.062455517100483, 13.251333019622304, 8.71125070062282, 14.92190215666738, 14.931685014373494, 14.850942173907724, 14.724412447052158, 11.533188688662062, 13.323495352188957, 14.795200857632663, 14.836247446647958, 15.116927797027564, 15.172347783337113, 15.20479210546119, 15.403211627841193, 15.075016595403097, 15.175006151054319, 15.243203806248678, 15.153989968233006, 15.350247144172439, 14.990158413463723, 14.882987375292572, 15.05036188280219, 15.436947666581409, 14.914451703950029, 15.217187205736879, 15.065139830229807, 15.111842392969313, 15.053122445428981, 14.978365538827932, 15.150454696296839, 15.183028166089535, 15.100047365515174, 15.339719429361715, 14.914503870721267, 15.125936867723551, 15.166625552097178, 14.870517583141336, 15.04279978565864, 15.234470217392063, 15.109959211152363, 15.204743325201301, 15.211876053833464, 15.313133448461953, 14.62389734856289, 15.248597550999493, 14.930216510862572, 14.99042130505871, 15.168780779114972, 15.20126164315053, 15.154088416255203, 14.879361115490738, 14.873202211387888, 14.166477866561875, 15.206777169520198, 15.112668446562775, 15.078379011613533, 15.013353348820996, 15.03632892608037, 15.271261448103918, 14.969604793995883, 15.182113255459845, 14.959610695873847, 15.248891193430097, 15.166833101226246, 15.210494847988938, 15.136137747698273, 15.106176927454474, 15.079565994937317, 15.356017234263563, 15.180658696719638, 15.069684714954262, 15.066638503182594, 15.001277688514095, 15.163092708164791, 15.32070080545657, 15.174588998698255, 15.07143843054413, 15.238077980055111, 15.057111374304531, 15.26869941756705, 15.202528806536126, 15.099429197743447, 14.890713902457225, 15.072954789763966, 15.066594483942438, 15.130188704918432, 15.113784811083782, 15.241803962957428, 15.22205163177738, 15.037093877874149, 15.01215393022511, 15.268790647194443, 15.064894082481587, 14.8567987943077, 14.865755965231195, 15.012251613496343, 15.151669242138396, 14.77406706317578, 15.081099187118976, 15.26752039738181, 15.120417529560063, 15.234360468824233, 15.312632758970727, 15.107247299314855, 14.511136934745815, 15.087868659395948, 15.017161295944256, 14.980659201519687, 15.105103903502998, 14.950934126452843, 14.965332610420216, 14.91077986619766, 15.182120173420293, 15.131008606087155, 14.791993824790012, 15.012800226467737, 15.018739947853192, 14.900705638791745, 15.10215294217042, 15.242378871372711, 14.972869493342975, 15.230859155888975, 15.163251387500168, 15.059485376166643, 15.009088017140911, 15.198049998461029, 15.026217158586615, 14.97733810329577, 15.11454526605634, 15.1329155485696, 15.128208192374878, 14.912448475425439, 15.110513322232189, 14.762122063060385, 15.300627950001878, 14.944026585654653, 15.224326213105838, 15.182952630308943, 15.28111388709281, 14.691424143662761, 15.174114664302376, 15.066475232018293, 15.419736973288563, 15.147808088884382, 15.106993028560307, 14.93608326007375, 15.114986665025965, 14.975190835616274, 14.45128799344385, 14.7588436134015, 15.130154425783903, 14.987352948516472, 14.957131139012937, 14.967168152816702, 14.944534702031312, 15.115265441818456, 15.073466182644037, 15.256637680262902, 15.108396786025454, 15.038858009272019, 15.300509010594281, 15.327939845563918, 15.114972352094858, 15.19676865049405, 14.977652511957828, 15.16464175613653, 15.155281405598235, 15.031195154618791, 14.946701944035128, 15.274559333645618, 15.095653917904674, 15.124587096348058, 14.64380643286232, 15.03995361581466, 15.025111702192653, 14.968345153793258, 15.078673258110863, 15.1832483425939, 14.980131062649301, 14.361448311538709, 15.00213505243922, 15.141923740873098, 15.200375971507995, 15.218324531100425, 14.999748813549182, 14.854189018864941, 15.012445136082011, 15.257005275169128, 15.129968550187028, 15.007818179162474]
ec list [59.203738901385805, 58.606501710121044, 57.98081510928959, 57.5307080311271, 57.870385202875525, 57.71694186301994, 58.585578096034624, 57.741896479337974, 57.68148652521028, 69.33972931983241, 60.35653578427472, 70.6886266668653, 57.150100307304086, 57.454722110862456, 57.54969147665122, 58.04023351779794, 62.345704035273265, 59.136642128044734, 57.03340086671715, 57.49233198322069, 57.465695606169135, 57.28230625328435, 57.11200106340879, 57.05423241308636, 57.258379853748515, 57.23177289695843, 57.05890291908502, 57.10733068161003, 57.04710705371453, 57.22625954125857, 57.465728363176495, 57.29443980286644, 57.16268844328722, 57.221907407897156, 57.35651570922332, 57.17902993081219, 57.050365474179515, 57.24852076518497, 57.23872441974595, 57.13244229342931, 57.20084764025926, 57.39671462935848, 57.29490237075112, 57.234603180561, 57.20702522938857, 57.23875855532446, 56.97928367253876, 57.29610615098484, 57.240873422870436, 57.36974955512143, 57.45205813531487, 57.27679901291719, 57.27384237300794, 57.402258102514885, 57.33655922024388, 57.30806741757544, 57.447109828843104, 56.893464088493936, 57.2595609817377, 57.214311480005236, 57.32940069063437, 57.34210343122703, 57.8969343440897, 57.4419772261171, 57.102497646414214, 57.18445929505973, 57.236033694657664, 57.02496657106391, 57.15826825856656, 57.19494258064871, 57.39727118111875, 57.15618429894869, 57.17852328750988, 57.44347313940482, 57.0808725419299, 57.48837865390561, 57.206477070215875, 57.19367385291893, 57.02177057935386, 57.14775401271234, 57.55808738634653, 57.42271687233841, 57.514078130561636, 57.200881776413226, 57.06278491475529, 57.34750045975349, 57.303512025013724, 57.34312581053479, 57.211250955104326, 57.02928283746101, 57.31011949738011, 57.41572674504546, 57.2972271011391, 57.2350284672496, 57.27308788230021, 57.443529920269796, 57.2286834144943, 57.26645474196158, 57.3748634841259, 57.04160655032577, 57.357182611092234, 57.36991061232176, 57.255375352966226, 57.27223003311036, 57.12348626093699, 57.368460474327065, 57.282845772154474, 57.20027713990179, 57.27219746874896, 57.21809512025305, 57.3099278144445, 57.36680633118712, 57.33089987048475, 57.11692214862444, 57.63706275238464, 57.412245946846326, 57.15048621724458, 57.46902668609292, 57.52379682961572, 57.11579416464025, 57.204588891410246, 57.32098893011811, 57.35170244041896, 57.24643142620902, 56.963168981771574, 57.479188733560534, 57.2881381481992, 57.274213055403486, 57.240243730974214, 57.13952634039266, 57.1633531007886, 57.31569499250875, 57.12864457971223, 57.47057267944189, 56.97961239181796, 57.09152910970908, 57.37194939000528, 57.42741385287962, 57.25507831271, 57.289340687250956, 57.115453370428284, 57.17250184597924, 57.65409026351651, 57.240918352305975, 57.178941776266754, 57.59206594856264, 57.09203519554131, 57.40380163623683, 57.276897961856655, 56.97550395044746, 57.25759462692885, 57.30593040058357, 57.4299436414477, 57.41579316096866, 57.56828472151241, 57.34095367236202, 57.365161172693945, 57.436539028727545, 57.71264297087568, 57.41318634966044, 57.54252943026127, 57.3005862276384, 57.076930647339, 57.35946964864073, 57.176212491585254, 57.24419289732656, 57.25272259157787, 57.236763159296224, 57.238443189812585, 57.18646102484348, 57.51019869255229, 57.160793483752, 57.17084614177294, 57.30260329281304, 57.182731270977, 57.555567892689, 57.04571035499428, 57.42762316327628, 57.202455783966435, 57.30910806733671, 57.36716596908638, 57.30276771948187, 57.409901127854134, 57.287412936512105, 57.24245281485984, 57.211221894829954, 57.25512732671734, 57.33111021189551, 57.26460842029126, 57.369160046735125, 57.282326321252384, 57.46260626186619, 57.54122809405616, 57.15065211862057, 57.31110922619219, 57.48769903013048, 57.19979149023919, 57.23270255593308, 57.31044945307881, 57.341193989244836]
jerk list [0.15041960309335478, 0.4006926155244928, 0.40628327985911267, 0.4099706770697266, 0.41139590290384703, 0.3888831881244452, 0.4171222052721302, 0.38952807186512306, 0.3809605118938261, 0.5121194977588374, 0.43300465279191824, 0.45229486977749994, 0.36661457593304636, 0.34763273581953624, 0.3581035030745419, 0.3594638708821133, 0.4344747277858885, 0.40999308577202065, 0.38627541513410385, 0.37839692772266714, 0.36054984411758834, 0.35391722693933364, 0.34768151255631524, 0.34031703738976044, 0.3780092866714391, 0.35620526787421813, 0.3433203446540357, 0.3520641332351582, 0.34610224801110123, 0.36784857403074217, 0.37602542065233396, 0.3772727719157642, 0.3441415773683685, 0.3854570622655006, 0.35892481455006503, 0.36802078777365205, 0.35937542457698785, 0.37026294027171097, 0.3514963678504528, 0.35791393899246987, 0.3575368171015909, 0.37154087234987276, 0.3658604054089178, 0.37872684094254194, 0.3632881408742415, 0.3659217315183024, 0.35693526284998683, 0.38229990613628145, 0.3767087052203503, 0.37053892478943257, 0.3604671597309231, 0.35652654719751714, 0.36045690376672307, 0.3768806084989997, 0.3822770417477074, 0.3861107855770845, 0.3861123387038265, 0.3499158733129053, 0.37666517868488786, 0.3845333216657947, 0.4020946528019533, 0.39466219427319776, 0.38986154005143914, 0.3638339494507901, 0.3752294702273461, 0.3825451115554523, 0.37740248217511657, 0.37682076906814266, 0.37659300779663685, 0.38859831581256, 0.37930905540068705, 0.3900473765271508, 0.38132411973238595, 0.38756747802110153, 0.36676548990736524, 0.3980720962916875, 0.37777249342489466, 0.3797942259356531, 0.3702936066233161, 0.3878108398578371, 0.3868626629131984, 0.3875946923606079, 0.3959997004279006, 0.3804076045396209, 0.38389580666980005, 0.3866787545805953, 0.3887133998554722, 0.3787941846800647, 0.3837377090704823, 0.35760958710747237, 0.39115950949828504, 0.39246831326798975, 0.40377544783531516, 0.3830494283219035, 0.3899981834648205, 0.3889602762263677, 0.38604868880644455, 0.3874412835992558, 0.3895523416709189, 0.3873993353451996, 0.396652463953882, 0.3734994882496405, 0.40322687551466585, 0.3995510479657379, 0.38527942459454106, 0.4069537717105233, 0.38245004650572256, 0.4095295320536386, 0.4005875662504639, 0.3916402921266768, 0.3905099283251691, 0.39688837893064527, 0.3852232443837921, 0.3915269596937596, 0.4143395282278267, 0.4001835730822425, 0.392761684324542, 0.3984665902412237, 0.3994689314659817, 0.393751325005562, 0.39538384654441755, 0.4092508967980159, 0.41047551612701855, 0.3822286372911178, 0.39644657256628085, 0.41112477427291355, 0.39326222807627775, 0.39534690200602807, 0.3881809473863957, 0.3699958995023038, 0.38763186950149975, 0.3951939982439424, 0.3843059928927052, 0.41032470508544533, 0.3934651201781563, 0.386990214465405, 0.39123157594113755, 0.4023574785936061, 0.4061962311746034, 0.3875694060529435, 0.39474579194860826, 0.40209740591479554, 0.4070356195355821, 0.40112383525097567, 0.39375882752900526, 0.3960037970797072, 0.39138522775180357, 0.3952309643265526, 0.3925661626189715, 0.40516601733335156, 0.40857196776382826, 0.4161583676932851, 0.39941951258142305, 0.4034975991548022, 0.4119761449644443, 0.4119153662880415, 0.4064851704332233, 0.39914244402960003, 0.4038248399472168, 0.41256079787105027, 0.3938446799234106, 0.4100933076280745, 0.4033155557616373, 0.3994388023336802, 0.4044761321876953, 0.39878755433012475, 0.4050816910503742, 0.37368739795715655, 0.3943695410249978, 0.3814233474495772, 0.39576975568769635, 0.3746978903170995, 0.3974865591993887, 0.3921806045183245, 0.4111314026244262, 0.38703640916131804, 0.37505227986918704, 0.4009136363438723, 0.39138024724440734, 0.39475052199246263, 0.39613245837362104, 0.393033211645122, 0.3961235519908787, 0.4043724802337075, 0.40128774463505756, 0.4032366573411744, 0.38257195876935024, 0.3889868514010053, 0.39795936461279435, 0.41647390410625357, 0.3989897253160128, 0.4055047977676934, 0.39718019095032775, 0.3823443212467922, 0.40973912380096117, 0.4211153747479851, 0.40842029650627315, 0.3925149202479912, 0.399147429716088, 0.39449786146709565]