
Env:SUMO, Algorithm:MADDPG, Device:cuda:0
-----------------------------------------
{'algo': 'MADDPG', 'env': 'SUMO', 'seedVal': 20150427, 'gamma': 0.7, 'epsilon': 0.001, 'critic_lr': 0.005, 'actor_lr': 0.0001, 'memory_capacity': 1000000, 'batch_size': 512, 'train_eps': 200, 'eval_eps': 10, 'epsilon_start': 3, 'max_speed': 28, 'target_update': 4, 'hidden_dim': 256, 'soft_tau': 0.01, 'max_action': 2, 'device': device(type='cuda', index=0), 'simulation_steps': 3600, 'pathToSumoFiles': 'rou_net2_single', 'model_dest_path': 'models/', 'model_dest_path_leader': 'ep200_', 'model_dest_path_follow': '', 'logName': 'ep200_gamma0.700000_tua0.010000.txt', 'procID': 2}
seed 20150427
当前的gamma是0.7, 当前的soft tau是0.01
-----------------------------------------
model saved successfully!
Complete training!
final reward list:[-0.36004787860188053, -0.1055278783457185, 0.45609488324832037, 0.4944047472378248, 0.5634186692901323, 0.5757650536445365, 0.5087707627363193, 0.5386219673716783, 0.5286674898736418, 0.5488112701209297, 0.5670167308342865, 0.5484956970458018, 0.5536143745840447, 0.5520177860361527, 0.5585319945907596, 0.5692096664877988, 0.5077230443914735, 0.5184484319479455, 0.5214144758215331, 0.5332094757764049, 0.5301644573325598, 0.5568605012927484, 0.5442187465018825, 0.5659655818196861, 0.5443686694004817, 0.5486783952826513, 0.5413828958232155, 0.5265117773338591, 0.5688567105986475, 0.5246530622903118, 0.5423155082303525, 0.5235077630976248, 0.5530280897316905, 0.5141030621044194, 0.5125862850436953, 0.5271163244708288, 0.5644452304744207, 0.5602713108006594, 0.512290439257263, 0.5352983364520357, 0.5440968230325598, 0.5187427426833111, 0.5466809633593293, 0.528071392895001, 0.5753390126009278, 0.5245600083802053, 0.5422804504729463, 0.5214196988186244, 0.5703601702344353, 0.5188643809608263, 0.5315164793686576, 0.527328482582814, 0.5364391254329428, 0.4873865915061913, 0.5451590704972203, 0.5270362148326684, 0.5241355613315642, 0.5746440487891494, 0.5467106391155842, 0.5282582255169493, 0.49896705814525727, 0.4980773264501324, 0.46108131832862226, 0.5541327679119508, 0.5348850488873839, 0.5093086164430428, 0.5218676375790913, 0.5544723771385106, 0.5761118752915053, 0.5439202160300997, 0.5212867746201163, 0.5560439550186044, 0.5627938721734669, 0.5384183580735071, 0.5575936374265194, 0.5484368367232652, 0.5463817006873282, 0.5306347942380937, 0.5763225996224919, 0.5366132411670276, 0.5331955733073155, 0.5388525276411654, 0.5649832332645267, 0.5636773286524595, 0.5339248943863771, 0.5482830936039588, 0.5279612956217659, 0.546967961967723, 0.5084887523645103, 0.540572607889545, 0.5143294499927071, 0.5179815225903099, 0.5531927244649418, 0.5474130019224596, 0.5307660369699387, 0.5505930140714486, 0.5253814446480161, 0.5365837443803321, 0.5180211125604395, 0.5391005904094842, 0.5481101788503697, 0.5311514137682588, 0.5497621970878362, 0.5363960009819767, 0.4972173955467952, 0.5228853561237976, 0.5163834315307363, 0.512068141335165, 0.5722722364098275, 0.5440030216280003, 0.5285103395203462, 0.5558211343611461, 0.5363460366872245, 0.5367426952288988, 0.48143567049597247, 0.5488427797151603, 0.539515833076636, 0.5137255359349565, 0.544802401773808, 0.5225846055284965, 0.525179241632498, 0.5225127885765131, 0.5608204174769648, 0.5399735097860109, 0.5495716679520184, 0.494332032208126, 0.5717920031029595, 0.5392809468218123, 0.5216924452327345, 0.536721231567347, 0.5328505653506351, 0.5465938166282532, 0.5429652685684516, 0.5538892069208663, 0.545525034871742, 0.5305562890938811, 0.5356004525570229, 0.5457385144345017, 0.5229180148107756, 0.5503221565837262, 0.5307161019954728, 0.5244752054269706, 0.5602876548497313, 0.4808650452966741, 0.5632585001795011, 0.5491498420844189, 0.5054580419450143, 0.5424024462956843, 0.5221469325983007, 0.4783570845388761, 0.5518136764806847, 0.5388953832663478, 0.5308341775925353, 0.5441037481488199, 0.5448814174790424, 0.5433721646441705, 0.5406734223775875, 0.5391487516180056, 0.4914630021897591, 0.5353526688888606, 0.5474197507197612, 0.5065405001110754, 0.5507152186955608, 0.5037407652539798, 0.5284491913304226, 0.5277027480772017, 0.5479833010656134, 0.5615389976899304, 0.5581692438709475, 0.5302212593743623, 0.562287799193192, 0.5762124428964189, 0.5378774127249834, 0.5433728330904148, 0.5272121225974221, 0.5588608945963698, 0.5243006282767128, 0.5569157550819608, 0.5231945732808242, 0.523645098731719, 0.46452337695265233, 0.527864566176368, 0.5145647690695551, 0.530059438633484, 0.5458842654060341, 0.5214989528142745, 0.5252557810150126, 0.5406011169105763, 0.5113114046320222, 0.503936280779482, 0.5378262133728205, 0.5531241980602923, 0.5426929767200485, 0.5232333394812776, 0.5598010427702695, 0.5055584567994156, 0.5178306886799715, 0.5580956753291555, 0.5138503314909596, 0.49165699394485235]
final halt list:[2.0047272727272727, 2.4059203810820007, 0.050616050616050616, 0.013780144065142498, 0.0, 0.014726507713884993, 0.15010006671114076, 0.0, 0.057749751078659144, 0.2427422175585869, 0.0, 0.028431372549019607, 0.015495867768595042, 0.0, 0.0, 0.01639344262295082, 0.08272058823529412, 0.07833273445921667, 0.0204211869814933, 0.04668838219326819, 0.0, 0.0, 0.005241090146750524, 0.0, 0.0009813542688910696, 0.0, 0.0, 0.0019834710743801653, 0.004163775156141568, 0.041483343808925204, 0.012478336221837088, 0.01500815660685155, 0.015645805592543277, 0.0, 0.003986710963455149, 0.037073490813648295, 0.006188569348380051, 0.011073825503355705, 0.026685393258426966, 0.010723860589812333, 0.008115086683880487, 0.04705102717031146, 0.0006428801028608164, 0.01537968599807754, 0.0006993006993006993, 0.0, 0.0010779734099892202, 0.0010869565217391304, 0.011635423400129283, 0.03688799463447351, 0.0013582342954159593, 0.020064724919093852, 0.0032185387833923397, 0.06385101429996674, 0.00033101621979476995, 0.016095890410958904, 0.0003372681281618887, 0.0, 0.008813559322033898, 0.0, 0.012671232876712329, 0.012667390517553384, 0.052594670406732116, 0.029241754505270317, 0.0, 0.014460861364350833, 0.007805182641273806, 0.0, 0.0, 0.0, 0.012824728707661954, 0.0, 0.0, 0.0055147058823529415, 0.0006611570247933885, 0.0, 0.024766690595836326, 0.0, 0.0, 0.0, 0.0012598425196850393, 0.03663587129659127, 0.014915019077349982, 0.0, 0.0, 0.01936108422071636, 0.0007328691828508611, 0.0003566333808844508, 0.000664451827242525, 0.0, 0.0, 0.021905424200278165, 0.001379310344827586, 0.008458646616541353, 0.00984251968503937, 0.0, 0.0, 0.0, 0.012324546388223211, 0.01625746516257465, 0.003131524008350731, 0.02442795299938157, 0.0, 0.007000350017500875, 0.026262626262626262, 0.0, 0.0006325110689437065, 0.0, 0.0, 0.0, 0.004173354735152488, 0.0, 0.0, 0.0, 0.028274293142671433, 0.0019847833278200462, 0.01808695652173913, 0.0, 0.0, 0.0, 0.0, 0.0006811989100817438, 0.0, 0.0, 0.0, 0.012329656067488644, 0.0, 0.0, 0.0183338694113863, 0.020840692334864006, 0.0009699321047526673, 0.0, 0.0, 0.0, 0.0016722408026755853, 0.0, 0.0003198976327575176, 0.011428571428571429, 0.0003147623544224111, 0.007950224680262703, 0.015755627009646302, 0.024315068493150686, 0.01632801161103048, 0.012838801711840228, 0.0031523642732049035, 0.010861948142957253, 0.008517350157728707, 0.005344021376085505, 0.0, 0.0, 0.0, 0.0, 0.0, 0.0, 0.031132398221005816, 0.0006837606837606838, 0.004807692307692308, 0.0058309037900874635, 0.02270416807861742, 0.016280752532561504, 0.0006133088009812941, 0.034482758620689655, 0.0, 0.020863836017569547, 0.01546738399462004, 0.005479452054794521, 0.006087792374239026, 0.005090909090909091, 0.03511883646683221, 0.0, 0.0, 0.0, 0.003728813559322034, 0.0, 0.0009871668311944718, 0.0, 0.00906555090655509, 0.0010377032168799724, 0.0, 0.00033921302578018993, 0.02286689419795222, 0.0, 0.006466337010270064, 0.0, 0.0, 0.0007415647015202076, 0.0, 0.00033003300330033004, 0.0, 0.03399929898352611, 0.0, 0.0, 0.022765316370940744, 0.0, 0.01655512504402959, 0.005488850771869639, 0.0, 0.0, 0.0, 0.0]
speed reward list:[0.0, 0.0, 0.0, 0.0, 0.0, 0.0, 0.0, 0.0, 0.0, 0.0, 0.0, 0.0, 0.0, 0.0, 0.0, 0.0, 0.0, 0.0, 0.0, 0.0, 0.0, 0.0, 0.0, 0.0, 0.0, 0.0, 0.0, 0.0, 0.0, 0.0, 0.0, 0.0, 0.0, 0.0, 0.0, 0.0, 0.0, 0.0, 0.0, 0.0, 0.0, 0.0, 0.0, 0.0, 0.0, 0.0, 0.0, 0.0, 0.0, 0.0, 0.0, 0.0, 0.0, 0.0, 0.0, 0.0, 0.0, 0.0, 0.0, 0.0, 0.0, 0.0, 0.0, 0.0, 0.0, 0.0, 0.0, 0.0, 0.0, 0.0, 0.0, 0.0, 0.0, 0.0, 0.0, 0.0, 0.0, 0.0, 0.0, 0.0, 0.0, 0.0, 0.0, 0.0, 0.0, 0.0, 0.0, 0.0, 0.0, 0.0, 0.0, 0.0, 0.0, 0.0, 0.0, 0.0, 0.0, 0.0, 0.0, 0.0, 0.0, 0.0, 0.0, 0.0, 0.0, 0.0, 0.0, 0.0, 0.0, 0.0, 0.0, 0.0, 0.0, 0.0, 0.0, 0.0, 0.0, 0.0, 0.0, 0.0, 0.0, 0.0, 0.0, 0.0, 0.0, 0.0, 0.0, 0.0, 0.0, 0.0, 0.0, 0.0, 0.0, 0.0, 0.0, 0.0, 0.0, 0.0, 0.0, 0.0, 0.0, 0.0, 0.0, 0.0, 0.0, 0.0, 0.0, 0.0, 0.0, 0.0, 0.0, 0.0, 0.0, 0.0, 0.0, 0.0, 0.0, 0.0, 0.0, 0.0, 0.0, 0.0, 0.0, 0.0, 0.0, 0.0, 0.0, 0.0, 0.0, 0.0, 0.0, 0.0, 0.0, 0.0, 0.0, 0.0, 0.0, 0.0, 0.0, 0.0, 0.0, 0.0, 0.0, 0.0, 0.0, 0.0, 0.0, 0.0, 0.0, 0.0, 0.0, 0.0, 0.0, 0.0, 0.0, 0.0, 0.0, 0.0, 0.0, 0.0]
tls reward list:[-0.007503814901956743, -0.007091767571242145, -0.0077373827678314504, -0.006504189766190528, -0.0063866856504925735, -0.0060283928744719415, -0.0062094849176065415, -0.005922233733718947, -0.0058984613065835075, -0.005559260084966192, -0.005554747540856513, -0.005618687389483403, -0.005945899123749551, -0.005328602264627463, -0.00548772321499301, -0.0057212151411455536, -0.005366327500278836, -0.005647845620650718, -0.005175957386385025, -0.005737682867158279, -0.005884647447351414, -0.0058760869766063045, -0.005693267860439479, -0.005445594154023751, -0.005698959719245185, -0.005724339753610528, -0.005513869247436411, -0.005542969272379266, -0.005742329318385841, -0.0056687723255179606, -0.005787595799242592, -0.005814448980953081, -0.0055042442360934505, -0.005297653807488718, -0.005697563880427407, -0.005418048820963556, -0.005820755354933637, -0.005553312759978534, -0.005809574394932452, -0.005503894398482365, -0.005881738990356907, -0.005593038124893763, -0.0053671363683741305, -0.0054790056095239395, -0.005360929939375147, -0.005462719296245412, -0.005413348895758267, -0.005888728990498262, -0.005448983010356209, -0.005774981800518426, -0.0056454640509349075, -0.005218420695965707, -0.00543518735504826, -0.005798182229879521, -0.0057035794925709, -0.005688030167390681, -0.0053578797015154675, -0.005568690246965128, -0.0058460161467566545, -0.005668168838484096, -0.005668543049169964, -0.005881770662505639, -0.005363858950190761, -0.005907003329768159, -0.0053211263622352754, -0.005417454206708212, -0.0053789105118250795, -0.005519939575936886, -0.005530676690145534, -0.0056631903868618865, -0.005413189482620587, -0.005618084184014415, -0.005383200410842574, -0.005777803159455583, -0.0053749779797190415, -0.005563682433959554, -0.005606839596268147, -0.005333656910298127, -0.005453057226817915, -0.005200707003848019, -0.0055729837087415725, -0.0056249719854346665, -0.005933696117581363, -0.005424548863933202, -0.005359963915163637, -0.005315592149731112, -0.005549042010230774, -0.005555164335600455, -0.005555657514097475, -0.005357811074628704, -0.005682314051230949, -0.005917539086917651, -0.005509435094978193, -0.005225351632968578, -0.00555076091051473, -0.005683800537378024, -0.0058818438682726295, -0.005964035921231659, -0.005334582780141194, -0.005765843478051854, -0.005770498990708077, -0.005332925013816277, -0.005772320749863662, -0.005773127398850179, -0.005236842947201346, -0.005286414788660436, -0.005462570338649507, -0.005726217178329136, -0.005524098148413882, -0.005686251338670106, -0.005551788481254967, -0.005326126770427853, -0.005349591822610634, -0.005526640337160965, -0.005296603707087605, -0.005358988028910044, -0.00565564279005576, -0.005042826148693926, -0.005839866658234096, -0.005664088690720169, -0.005772521724172499, -0.005568400100534213, -0.005578996030353824, -0.005498712781327654, -0.005410636822910008, -0.005622224647676373, -0.0054547739524761505, -0.005596180864441396, -0.005506533673976054, -0.005734031475424172, -0.005447859720556785, -0.005646939158512227, -0.005372057351045991, -0.005901764204002107, -0.0056763285298848986, -0.0057127385835673275, -0.005310227611387311, -0.00569182396433415, -0.005316101375148566, -0.005382594321907238, -0.005432307546950475, -0.005555118816748763, -0.005814814215031653, -0.00557019367520176, -0.005768110821922598, -0.005668346381347376, -0.004983824727318103, -0.005684952543884691, -0.005154904049998773, -0.005006401591762992, -0.005373987000175028, -0.00562719227049732, -0.0054377730650755724, -0.005524306791852575, -0.005750738952864149, -0.005502067626961875, -0.005434746702693661, -0.005518825235880809, -0.0056944919970859115, -0.005723944628677888, -0.00525684056509479, -0.005463902273704217, -0.005575968130485264, -0.005786790545999854, -0.005795291520524442, -0.005525515385952116, -0.005362632587035205, -0.0054224051415124154, -0.005682165846540231, -0.005379787437327631, -0.0054596016448850496, -0.0056664237455149695, -0.005528106103577122, -0.0055682423876352635, -0.0055325658004177665, -0.0055251325656495666, -0.005623407946725614, -0.005680280572800073, -0.005499551897967691, -0.005534891367251565, -0.005914301336575996, -0.005534483768631586, -0.005634877938115316, -0.0057180152577128995, -0.005635140203900919, -0.006004995394485474, -0.00554442045605883, -0.005476762500519081, -0.005634108339750935, -0.00564072428815732, -0.005419072025864378, -0.005960427735163724, -0.005689378883854814, -0.00552821169679377, -0.00539342245021083, -0.005593626243002925, -0.005611282220949247, -0.005919797741781884, -0.005664882675126827, -0.005734326467771696]
target reward list:[-0.35254406369992386, -0.09843611077447635, 0.4638322660161518, 0.5009089370040153, 0.5698053549406248, 0.5817934465190084, 0.5149802476539258, 0.5445442011053974, 0.5345659511802252, 0.5543705302058959, 0.5725714783751431, 0.5541143844352853, 0.5595602737077944, 0.5573463883007802, 0.5640197178057526, 0.5749308816289442, 0.5130893718917524, 0.5240962775685963, 0.5265904332079182, 0.5389471586435631, 0.5360491047799112, 0.5627365882693548, 0.549912014362322, 0.5714111759737099, 0.5500676291197271, 0.5544027350362617, 0.546896765070652, 0.5320547466062384, 0.5745990399170334, 0.5303218346158298, 0.5481031040295951, 0.5293222120785779, 0.5585323339677839, 0.5194007159119081, 0.5182838489241227, 0.5325343732917923, 0.5702659858293544, 0.565824623560638, 0.5181000136521955, 0.5408022308505182, 0.5499785620229167, 0.5243357808082049, 0.5520480997277035, 0.533550398504525, 0.580699942540303, 0.5300227276764506, 0.5476937993687045, 0.5273084278091226, 0.5758091532447916, 0.5246393627613447, 0.5371619434195927, 0.5325469032787796, 0.541874312787991, 0.49318477373607084, 0.5508626499897912, 0.5327242450000591, 0.5294934410330796, 0.5802127390361146, 0.5525566552623407, 0.5339263943554334, 0.5046356011944272, 0.503959097112638, 0.4664451772788131, 0.5600397712417189, 0.5402061752496192, 0.514726070649751, 0.5272465480909164, 0.5599923167144475, 0.5816425519816508, 0.5495834064169616, 0.5266999641027369, 0.5616620392026187, 0.5681770725843095, 0.5441961612329628, 0.5629686154062383, 0.5540005191572246, 0.5519885402835963, 0.5359684511483918, 0.5817756568493099, 0.5418139481708756, 0.538768557016057, 0.5444774996266002, 0.570916929382108, 0.5691018775163927, 0.5392848583015408, 0.5535986857536898, 0.5335103376319967, 0.5525231263033236, 0.5140444098786078, 0.5459304189641737, 0.5200117640439382, 0.5238990616772276, 0.55870215955992, 0.5526383535554281, 0.5363167978804535, 0.5562768146088266, 0.5312632885162887, 0.5425477803015637, 0.5233556953405807, 0.5448664338875361, 0.5538806778410778, 0.5364843387820751, 0.5555345178376999, 0.542169128380827, 0.5024542384939966, 0.528171770912458, 0.5218460018693859, 0.5177943585134941, 0.5777963345582413, 0.5496892729666704, 0.5340621280016011, 0.561147261131574, 0.5416956285098352, 0.5422693355660598, 0.4867322742030601, 0.5542017677440704, 0.5451714758666917, 0.5187683620836504, 0.5506422684320421, 0.5282486942192167, 0.5309517633566705, 0.5280811886770473, 0.5663994135073186, 0.5454722225673385, 0.5549823047749284, 0.49995425685580236, 0.5772467770554357, 0.5448771276862537, 0.5271989789067105, 0.5424552630427711, 0.538298425071192, 0.5522407557867653, 0.5483373259194976, 0.5597909711248685, 0.5512013634016267, 0.5362690276774484, 0.5409106801684103, 0.5514303383988358, 0.5282341161859242, 0.5557047509056335, 0.5361484095424234, 0.5300303242437193, 0.5661024690647629, 0.4864352389718759, 0.5690266110014237, 0.5548181884657662, 0.5104418666723324, 0.5480873988395691, 0.5273018366482994, 0.48336348613063906, 0.5571876634808597, 0.5445225755368451, 0.5362719506576108, 0.5496280549406725, 0.5506321564319067, 0.5488742322711323, 0.5461081690802811, 0.5446675768538863, 0.4971574941868449, 0.5410766135175384, 0.552676591284856, 0.5120044023847796, 0.5562911868260462, 0.5095275557999798, 0.534244482850947, 0.5332282634631539, 0.5533459336526487, 0.5669614028314428, 0.5638514097174878, 0.5356010468116899, 0.5677474008380771, 0.5818788666419339, 0.5434055188285605, 0.54894107547805, 0.5327446883978398, 0.5643860271620195, 0.5299240362234384, 0.5625960356547609, 0.5286941251787919, 0.5291799900989707, 0.4704376782892284, 0.5333990499449996, 0.5201996470076704, 0.5357774538911969, 0.551519405609935, 0.5275039482087599, 0.5308002014710714, 0.5460778794110954, 0.516945512971773, 0.5095770050676395, 0.543245285398685, 0.559084625795456, 0.5483823556039032, 0.5287615511780713, 0.5651944652204803, 0.5111520830424185, 0.5234419709009208, 0.5640154730709374, 0.5195152141660865, 0.49739132041262407]
safe reward list [0.0, 0.0, 0.0, 0.0, 0.0, 0.0, 0.0, 0.0, 0.0, 0.0, 0.0, 0.0, 0.0, 0.0, 0.0, 0.0, 0.0, 0.0, 0.0, 0.0, 0.0, 0.0, 0.0, 0.0, 0.0, 0.0, 0.0, 0.0, 0.0, 0.0, 0.0, 0.0, 0.0, 0.0, 0.0, 0.0, 0.0, 0.0, 0.0, 0.0, 0.0, 0.0, 0.0, 0.0, 0.0, 0.0, 0.0, 0.0, 0.0, 0.0, 0.0, 0.0, 0.0, 0.0, 0.0, 0.0, 0.0, 0.0, 0.0, 0.0, 0.0, 0.0, 0.0, 0.0, 0.0, 0.0, 0.0, 0.0, 0.0, 0.0, 0.0, 0.0, 0.0, 0.0, 0.0, 0.0, 0.0, 0.0, 0.0, 0.0, 0.0, 0.0, 0.0, 0.0, 0.0, 0.0, 0.0, 0.0, 0.0, 0.0, 0.0, 0.0, 0.0, 0.0, 0.0, 0.0, 0.0, 0.0, 0.0, 0.0, 0.0, 0.0, 0.0, 0.0, 0.0, 0.0, 0.0, 0.0, 0.0, 0.0, 0.0, 0.0, 0.0, 0.0, 0.0, 0.0, 0.0, 0.0, 0.0, 0.0, 0.0, 0.0, 0.0, 0.0, 0.0, 0.0, 0.0, 0.0, 0.0, 0.0, 0.0, 0.0, 0.0, 0.0, 0.0, 0.0, 0.0, 0.0, 0.0, 0.0, 0.0, 0.0, 0.0, 0.0, 0.0, 0.0, 0.0, 0.0, 0.0, 0.0, 0.0, 0.0, 0.0, 0.0, 0.0, 0.0, 0.0, 0.0, 0.0, 0.0, 0.0, 0.0, 0.0, 0.0, 0.0, 0.0, 0.0, 0.0, 0.0, 0.0, 0.0, 0.0, 0.0, 0.0, 0.0, 0.0, 0.0, 0.0, 0.0, 0.0, 0.0, 0.0, 0.0, 0.0, 0.0, 0.0, 0.0, 0.0, 0.0, 0.0, 0.0, 0.0, 0.0, 0.0, 0.0, 0.0, 0.0, 0.0, 0.0, 0.0]
speed list [15.314354188121962, 15.33928495732866, 14.869358965894847, 15.064883245670345, 15.045664318681135, 15.236127968252088, 14.800824335880694, 15.234142528308418, 15.06933032000253, 14.826369038842149, 15.145294423283946, 15.05298258933276, 14.974607587018275, 15.206163018252674, 15.176985259371046, 15.401050189803103, 14.717286800708598, 14.731701437238577, 14.87264849577749, 14.858676289867295, 15.099431932988288, 15.2056159148593, 15.1980330802492, 15.38669364729436, 15.069509750775966, 15.162001136183893, 15.24164252788633, 15.151656635299084, 15.363011552039797, 14.97520544519799, 14.883604540985628, 15.05435878292698, 15.398172722102537, 14.932153963452384, 15.20515351050985, 15.072608296783441, 15.115327405716398, 15.05578088077369, 14.905644941079238, 15.136527316033808, 15.158078022572578, 15.09076135017375, 15.318651847124796, 14.869921160762066, 15.125906654461021, 15.161832963469866, 14.894048388612642, 15.025392071051664, 15.21419352150803, 15.133648865991605, 15.207407343332374, 15.190889485566343, 15.307084036569698, 14.705948956723248, 15.25942944130629, 14.949118672576938, 14.971244406995305, 15.190376846855264, 15.194017510511912, 15.147795338539193, 14.871213379263088, 14.89341084142663, 13.89226459848249, 15.203363049066738, 15.1111111906324, 15.057780767848023, 15.000833580777147, 15.002219509259739, 15.304557623033986, 14.965563179727797, 15.169215557364078, 14.934176468018613, 15.242182912014014, 15.184789715131531, 15.201093965853746, 15.156683711676324, 15.103625770291513, 15.117133869876568, 15.348088460699183, 15.17366535760382, 15.069526799402729, 15.021140520695116, 15.0042702241602, 15.188624256861434, 15.306073839323739, 15.184152903311745, 15.088961241855396, 15.221796920546852, 15.078551633501744, 15.293576840394138, 15.217923713894667, 15.088176626216825, 14.92081340591018, 15.098930259388235, 15.05047100474642, 15.123094459651027, 15.115669933048702, 15.210438713288735, 15.239927842196206, 14.9584900905495, 15.015903827868872, 15.259869581592502, 15.07478661057069, 14.924731064412965, 14.865235398954825, 15.010402778060028, 15.150219768110885, 14.76787267753034, 15.10697689448264, 15.255062436068144, 15.137080616074769, 15.245440933214484, 15.332226220985454, 15.129891105806115, 14.541517460707446, 15.134892445518675, 15.016668829088994, 15.036790431582798, 15.061061732491645, 14.938132080970176, 14.966559424890214, 14.920715162616897, 15.182128670105843, 15.148788991850385, 14.796639409559518, 15.01226024591088, 15.049537547675303, 14.909454921177636, 15.115447966024185, 15.237179854254117, 15.003319992063183, 15.221564494350641, 15.177757547504516, 15.070980152938112, 14.98962011890613, 15.204269673095483, 14.986040202227644, 14.972220545109334, 15.118132878786264, 15.113224504465652, 15.092756228688874, 14.901753466550945, 15.098979817181874, 14.731813644449106, 15.30067317591624, 14.912999683731616, 15.21699354095114, 15.174463403035391, 15.271283170156154, 14.709527079628424, 15.165093949739955, 15.082746182054489, 15.412543622321131, 15.157074158841963, 15.112811014563825, 14.912680506788783, 15.103754736831664, 14.975733224122948, 14.587469756943015, 14.80075832675946, 15.162126475369302, 14.907170508972952, 14.993643733941857, 14.959109706744345, 14.939642660416126, 15.114906516330135, 15.090266972234895, 15.297080512478509, 15.09918406974506, 15.073652354777204, 15.30886845539944, 15.345665401887448, 15.108916407528168, 15.191034394976073, 14.97905288710566, 15.22170402026693, 15.153003392911257, 14.985508338977185, 14.943404253614522, 15.272843693762255, 15.058453769816085, 15.133301468204609, 14.77583333704744, 15.037541095867807, 15.023628090422392, 14.972802301573784, 15.08148020704063, 15.203257761411004, 14.922410609946064, 14.40200780586124, 14.99119532370456, 15.141095008231654, 15.190306234990063, 15.212326866098753, 15.056388507381522, 14.862178296817559, 15.017329280166742, 15.247849126658833, 15.147020991791036, 15.029145823038931]
ec list [59.68876777428426, 58.715678512206495, 58.42678425835352, 57.694509869853995, 57.54323887792825, 57.545414956780974, 57.37814772660413, 57.47039796122449, 57.43177282872563, 57.23199290320238, 57.45566945474234, 57.6145242406582, 57.4511656624131, 57.341261255304794, 57.233736594616225, 57.42824566389967, 57.314172503640975, 57.12636967482645, 56.992841039147805, 57.58913084822931, 57.53218135941726, 57.36957328063052, 57.26113275106761, 57.11384740944746, 57.505267800748804, 57.51791991856394, 57.2989465071497, 57.36632350654991, 57.17356424533325, 57.50239350834645, 57.65063108231991, 57.4799301221548, 57.3872165544166, 57.276301722202156, 57.548994768307494, 57.08457426243962, 57.21697630875953, 57.47088490109344, 57.47330975343904, 57.21315443058768, 57.27262534095031, 57.49602395462386, 57.47031742738257, 57.42805343108119, 57.300872155327255, 57.359042168090006, 57.044126669764744, 57.49334802292042, 57.33247036671722, 57.54154569478799, 57.613916782205855, 57.46044156762007, 57.39639819482891, 57.60700977763144, 57.460718043354035, 57.33390626337305, 57.419862224042916, 57.08893837944441, 57.51679136211576, 57.1753523104806, 57.34984458968557, 57.395125850870016, 58.41581632994325, 57.67054241545793, 57.162097725150865, 57.3316725363831, 57.45016027354887, 57.14685667253107, 57.199384065995666, 57.26965454078617, 57.42851512381093, 57.16089756807133, 57.292948683328305, 57.4005377795183, 57.201308044721195, 57.5845257612712, 57.334903231615954, 57.334905613419416, 57.01301580646384, 57.28069125006605, 57.52154624370841, 57.57929110992874, 57.525016116778914, 57.33223128884803, 57.09675187904946, 57.4544057014845, 57.36244654422949, 57.2508654354094, 57.39253973469089, 57.1168401286668, 57.34902639730514, 57.41479392140484, 57.357231987170444, 57.29823234763544, 57.409144421118256, 57.56086512216724, 57.32808254901249, 57.430715394532506, 57.277343247849835, 57.194621546334446, 57.37088831888746, 57.38575417498196, 57.22746996678492, 57.28452437139713, 57.18030393307996, 57.41348018589963, 57.340063999782345, 57.335803246302355, 57.3351378421007, 57.29863447497272, 57.26303408145501, 57.32716557578286, 57.35183256747552, 57.177075885232505, 57.607733376737535, 57.393374259889065, 57.17892671634443, 57.35531644620275, 57.546379008243946, 57.32620623331857, 57.36860170603542, 57.34847104607823, 57.24660362602615, 57.256877780958405, 57.0594137152666, 57.4590636176584, 57.282468614637494, 57.34489385833243, 57.32249178931235, 57.302199420280374, 57.135858432039925, 57.30032616056712, 57.12049349778505, 57.47028451731792, 57.24145552159629, 57.148389382378504, 57.364321321675106, 57.53352515708248, 57.29029538851478, 57.41887062712514, 57.2137083133006, 57.252106765337025, 57.75354845026809, 57.31857491036572, 57.15566114988138, 57.62739129281902, 57.167781978255654, 57.4381778316943, 57.23301451199161, 56.97019971640148, 57.20782895565531, 57.20793246465493, 57.36262360904891, 57.39016673499515, 57.530331137012006, 57.23008804963698, 57.36977324003583, 57.497200188813316, 57.78502305207951, 57.316660288601945, 57.48819698128482, 57.253188440121704, 57.05543033960649, 57.37625681263307, 57.20888605578898, 57.295440852039555, 57.32897063125608, 57.255998037281394, 57.19627221337746, 57.22121593546564, 57.57074786324756, 57.30415103624528, 57.208714528947525, 57.34640897371389, 57.18948536752903, 57.529885616977225, 57.16208896702481, 57.38262067239893, 57.183564079535316, 57.3626071458396, 57.41917945072477, 57.31787562105339, 57.291455258042475, 57.36410515592888, 57.31352865927448, 57.361914821131556, 57.274395754354124, 57.41514725160463, 57.33892106486161, 57.3232170883582, 57.39812719199509, 57.53209468769904, 57.478951825375056, 57.28414645369844, 57.22802875946611, 57.57053924728851, 57.32356296922699, 57.42685327527561, 57.4012338248562, 57.41669206185821]
jerk list [0.13825470054170913, 0.12976494050336115, 0.3883525195600551, 0.3997400022990658, 0.3823592857647169, 0.37462021263488765, 0.36746597159406863, 0.37075122447546366, 0.37677464412298367, 0.36765689792156836, 0.3834123913096886, 0.38647079527689415, 0.3907568036633279, 0.3623782039387852, 0.37343186702471604, 0.3616602828622936, 0.38353350721089297, 0.3714376663887524, 0.3674079114212577, 0.3868523380635091, 0.37636885912495993, 0.3783305832162635, 0.36847750875656543, 0.35410699552198244, 0.398491421584494, 0.3716960702755806, 0.36892831670863047, 0.38102469765486624, 0.37050050808811713, 0.38152754412216855, 0.39956937939318327, 0.38493325975302783, 0.36209259337827226, 0.3917652385371793, 0.37372492478439245, 0.3653500521876858, 0.38891908402917813, 0.39377890521498016, 0.3840813313154901, 0.3604101124934743, 0.3751202324879576, 0.3893864396560091, 0.3785661605995622, 0.394676638805213, 0.3900317406486735, 0.3895404729196196, 0.38276738935949645, 0.40162951369789357, 0.3869740727919354, 0.39306604994925776, 0.3834760972003092, 0.37701821912635525, 0.37834253739555107, 0.40372514843607843, 0.40253604011486727, 0.40728598110888803, 0.3908262470311541, 0.381214038777552, 0.38878520010310913, 0.3912255340606333, 0.4196792759609971, 0.40204977300946126, 0.41583473871070115, 0.39530286254263014, 0.3854080629588162, 0.3913736359789443, 0.39796004243775485, 0.3926096600610658, 0.3686227698666673, 0.40857822571049807, 0.39724000939495635, 0.3988858507616518, 0.3901357820381145, 0.3905131855699835, 0.39048355151598274, 0.4030593675759771, 0.3824848095507754, 0.40108934413793257, 0.37783732381084, 0.40180345351090674, 0.40840140420486043, 0.4030235338708291, 0.4091316772493007, 0.3930491153268994, 0.3888814616361182, 0.39548606163499933, 0.39266115324410633, 0.3928710080591452, 0.4002751996307087, 0.37024747579143324, 0.3977340238543564, 0.4023774419424463, 0.4085868254977805, 0.39160179565671416, 0.4040229984437359, 0.4057635104920219, 0.40111871091799534, 0.40397488204485593, 0.38012746087880706, 0.41599760688716336, 0.40843612252078826, 0.387479682482827, 0.40121667539183997, 0.41321121163986696, 0.3949810187796475, 0.4041923479344677, 0.3928679487075785, 0.4149028746087962, 0.409147605993996, 0.3943707491499002, 0.39190315256573816, 0.3944111741245904, 0.38763027424403307, 0.40116272290729227, 0.4127184277200659, 0.3977217298129233, 0.3971078485787278, 0.38991143421346286, 0.4147690100377484, 0.4209188599639893, 0.41623194788034634, 0.4177786150395925, 0.409225960870889, 0.38522787196766595, 0.4069533024235298, 0.4029616375123393, 0.39633807679948463, 0.41312042256873716, 0.3892727428273314, 0.39318356741007265, 0.3964142471387702, 0.397271611439474, 0.387068718189912, 0.41768905878084456, 0.401057543497436, 0.39531137675961636, 0.39541319263890956, 0.40974746751733626, 0.4114227726263486, 0.39282076834688645, 0.40380808412866526, 0.4112174290500772, 0.41772864214110667, 0.4066698147303542, 0.38334736917922263, 0.404660038899485, 0.3881731652104316, 0.39801466417190595, 0.3919486239818766, 0.4084009755888555, 0.39500887467301493, 0.40674360222508793, 0.3901746837350336, 0.39391630539313355, 0.4147616144854678, 0.40207223320753455, 0.40513288580546475, 0.40838437189654614, 0.41641944301847783, 0.40705499636892184, 0.3919457809930364, 0.3925533452210187, 0.41218765092908805, 0.4084030698115842, 0.41784743678287223, 0.40366581051001255, 0.40650875683532756, 0.37628538156299035, 0.3963722616006796, 0.38290706048071094, 0.39610747926390283, 0.3913892331793878, 0.4080112241296488, 0.3951867654695126, 0.41496876873300953, 0.3942331576297257, 0.3866770931272878, 0.40611962777195815, 0.404770763252719, 0.3942413590368815, 0.400737324952475, 0.39718884877432087, 0.3992929092208275, 0.41182486744937213, 0.4100424539527189, 0.4245710359541964, 0.3865829120062607, 0.39383346982183326, 0.41270379115500005, 0.40801606414017383, 0.40416150022252795, 0.4139483833716801, 0.40000797978524816, 0.39736518915602337, 0.4015209161841178, 0.4225331645970049, 0.409547383408295, 0.40954773049996274, 0.41257857657228836, 0.41626117041558575]