
Env:SUMO, Algorithm:MADDPG, Device:cuda:1
-----------------------------------------
{'algo': 'MADDPG', 'env': 'SUMO', 'seedVal': 20150427, 'gamma': 0.8, 'epsilon': 0.001, 'critic_lr': 0.005, 'actor_lr': 0.0001, 'memory_capacity': 1000000, 'batch_size': 512, 'train_eps': 200, 'eval_eps': 10, 'epsilon_start': 3, 'max_speed': 28, 'target_update': 4, 'hidden_dim': 256, 'soft_tau': 0.1, 'max_action': 2, 'device': device(type='cuda', index=1), 'simulation_steps': 3600, 'pathToSumoFiles': 'rou_net2_single', 'model_dest_path': 'models/', 'model_dest_path_leader': 'ep200_', 'model_dest_path_follow': '', 'logName': 'ep200_gamma0.800000_tua0.100000.txt', 'procID': 9}
seed 20150427
当前的gamma是0.8, 当前的soft tau是0.1
-----------------------------------------
model saved successfully!
Complete training!
final reward list:[0.04507351840099122, 0.5067590206350594, 0.5258474897228073, 0.5009694639191127, 0.5372717508722563, 0.5630405284913494, 0.5299684139731355, 0.5200304818109024, 0.5106514789447205, 0.5405506502912634, 0.5387962797599944, 0.5436719726814176, 0.5211627207796576, 0.5386682564747801, 0.5227362767574779, 0.5434992710293679, 0.5308079941268654, 0.5460945562233815, 0.5164261412620759, 0.5421212818051777, 0.539780676513001, 0.5849930725251375, 0.5446138472843569, 0.5641481263430066, 0.541355245662542, 0.5575961724161227, 0.5644675707219673, 0.5420755739987373, 0.5833825056732335, 0.5177282460455556, 0.5406272372523906, 0.5443393113069945, 0.558362650852704, 0.5219000693953482, 0.5337307248307289, 0.5147854800209222, 0.5843102710569711, 0.5347249607211247, 0.5463664841074085, 0.558001727796066, 0.5458731302343323, 0.5155983840707477, 0.5506368009019063, 0.5379812218094908, 0.5342376244893527, 0.5460078187868765, 0.5403019346094681, 0.5495281759167058, 0.5650386856450549, 0.5284595438338885, 0.5311046149828341, 0.5253389407260138, 0.5750890611313727, 0.49298479935568523, 0.554081851669098, 0.5203824842639869, 0.536387085952645, 0.5674576738585392, 0.5298017398246502, 0.5432834652045322, 0.5381919815867718, 0.5434822812285959, 0.45672784119668564, 0.5241297538996103, 0.5187949629408573, 0.5216958853238008, 0.5225622335793478, 0.5425296077260645, 0.5841048896768994, 0.5562339924452573, 0.5459037282436916, 0.5706846703388355, 0.5555136209730038, 0.5273108933845421, 0.5576266842777428, 0.5539326265487422, 0.5525002660443752, 0.5374460252889708, 0.5689581828273083, 0.5418369301089188, 0.5295174056963717, 0.5231188004620793, 0.54246336299029, 0.5379888524947152, 0.5298780585611246, 0.5450026561338229, 0.5374888455343354, 0.5804033434109014, 0.5608243939606999, 0.5399671685257336, 0.5362366209267176, 0.5428725478615968, 0.5493595278394473, 0.5501193991372965, 0.5159272577965827, 0.532380092859347, 0.5296481753622639, 0.5247329712226058, 0.5447732294542263, 0.5325385969652184, 0.5500952910493041, 0.53618269161533, 0.5272676113656628, 0.5566533072881513, 0.5306460595094377, 0.522767435873047, 0.5343584182881179, 0.49936230194829845, 0.5220697703430308, 0.5555661281511293, 0.5065678124342112, 0.5461455444548928, 0.5437461465823007, 0.5484981124426286, 0.4976070708945829, 0.5514067045141077, 0.5196553490601956, 0.5162402166410432, 0.562849100395101, 0.5297463809212777, 0.5432235059252528, 0.5110095428025705, 0.5746736477906059, 0.5316012363702489, 0.5329106233514971, 0.5101461364906323, 0.5631819300217767, 0.5348344115334532, 0.5155003341268618, 0.5495744556648607, 0.5463980264145932, 0.5409418737012287, 0.539639801527615, 0.5472123325014757, 0.5293298989504657, 0.5427794509353039, 0.5222208524016948, 0.5382866898805571, 0.513428815581613, 0.5519801591072874, 0.5426361731200748, 0.5212233986154436, 0.5390293707572738, 0.4905691493784782, 0.5582391789330788, 0.5478942224692892, 0.5120268156308327, 0.5296599536688847, 0.5185111118336075, 0.5015802956456483, 0.5429704442578324, 0.5609593955253849, 0.526795096248597, 0.5484423070943975, 0.5474446218262365, 0.5307343429746263, 0.5346394604040713, 0.522251499668264, 0.441541992162981, 0.535664151061527, 0.5289454590628604, 0.5109464288057943, 0.5429221652060886, 0.5081638275990643, 0.5142250212533819, 0.5222890425514065, 0.5233189113032933, 0.5527402206965125, 0.5334412625472019, 0.5108282168894244, 0.5589629773633198, 0.552311071417214, 0.5165451275225567, 0.5458215420902962, 0.5323343993015026, 0.5431048109075564, 0.5278389444667297, 0.5248535181579823, 0.505129469370733, 0.5432645727428401, 0.47222664390369246, 0.5411804203747568, 0.5137738814767805, 0.5203385862834163, 0.5372018972866037, 0.5470743215797614, 0.5314534572746894, 0.5273834055386579, 0.497186609582958, 0.4752110171656919, 0.5538212137426001, 0.5457028026055053, 0.5338104944900751, 0.5302290375978048, 0.5314776434485233, 0.5027034219039738, 0.5104648273382023, 0.5298911474883827, 0.5192391197121328, 0.5168901368959502]
final halt list:[1.267103347889374, 0.047683923705722074, 0.0016655562958027982, 0.00469630557294928, 0.0014316392269148174, 0.0, 0.008669556518839614, 0.0, 0.036176568204447396, 0.07867132867132867, 0.0, 0.031199220019499513, 0.007575757575757576, 0.0, 0.0019524894240156199, 0.012704781009695755, 0.019926425505824647, 0.004310344827586207, 0.01211734693877551, 0.003619254433586681, 0.0, 0.0033076074972436605, 0.0, 0.0, 0.0, 0.0, 0.015614617940199336, 0.004628099173553719, 0.013879250520471894, 0.015089594467148696, 0.038808038808038806, 0.016318537859007835, 0.009983361064891847, 0.0, 0.026901361673862503, 0.0432928829124303, 0.02875864579541318, 0.0016778523489932886, 0.009831460674157303, 0.015750670241286863, 0.010697159719660641, 0.0414181577203446, 0.0016082341588935349, 0.026914450496635694, 0.0031479538300104933, 0.0009398496240601503, 0.0014367816091954023, 0.0, 0.0, 0.028169014084507043, 0.0, 0.017464424320827943, 0.0, 0.016295310941137345, 0.011577902745616937, 0.022610483042137718, 0.003711201079622132, 0.0, 0.011864406779661017, 0.0, 0.0010277492291880781, 0.009410061527325372, 0.05853487556957589, 0.025170068027210883, 0.0, 0.005972964476579692, 0.015298157976896659, 0.0, 0.0, 0.0, 0.03321275896086814, 0.0, 0.0, 0.0011025358324145535, 0.0003307972213033411, 0.001965280052407468, 0.008617594254937163, 0.00032092426187419767, 0.0, 0.0, 0.00031486146095717883, 0.006369426751592357, 0.012486992715920915, 0.0, 0.0, 0.013230074217489512, 0.0, 0.0003566333808844508, 0.001328462304882099, 0.0, 0.0, 0.008695652173913044, 0.0, 0.002192295646727216, 0.004921259842519685, 0.0, 0.0, 0.0, 0.02670318384115029, 0.021566025215660253, 0.0, 0.024744819053510673, 0.0, 0.004198740377886634, 0.010111223458038422, 0.0, 0.0006325110689437065, 0.0, 0.0, 0.0, 0.00032102728731942215, 0.0, 0.0, 0.0, 0.06308943089430895, 0.0, 0.04624478442280946, 0.0, 0.00075046904315197, 0.0006772773450728074, 0.0, 0.0, 0.0, 0.0, 0.0, 0.02237354085603113, 0.025135869565217392, 0.0, 0.0003215434083601286, 0.0017667844522968198, 0.0, 0.0, 0.0, 0.0, 0.00033444816053511704, 0.0, 0.0, 0.01607717041800643, 0.00031486146095717883, 0.005183137525915688, 0.004182754182754183, 0.02363013698630137, 0.0, 0.04780592222618623, 0.0007005253940455342, 0.00805886475122635, 0.013573232323232324, 0.005679919812896759, 0.0, 0.0003223726627981947, 0.0, 0.0, 0.0, 0.0, 0.024982888432580425, 0.0006837606837606838, 0.0020611473720371005, 0.01004211208292841, 0.031504065040650404, 0.044122965641952984, 0.0018404907975460123, 0.029379760609358, 0.0, 0.022693997071742314, 0.023529411764705882, 0.01301815690304899, 0.00768984299903877, 0.019636363636363636, 0.019865200425682867, 0.02806122448979592, 0.0, 0.008999653859466944, 0.015249068112504236, 0.0, 0.003290556103981573, 0.000664451827242525, 0.005230125523012552, 0.005878284923928077, 0.01959481899701096, 0.00033944331296673454, 0.031399317406143344, 0.0, 0.002282236591860023, 0.0, 0.0, 0.0, 0.0003831417624521073, 0.0016501650165016502, 0.0, 0.04940434477925718, 0.0, 0.0, 0.022765316370940744, 0.0, 0.016549295774647886, 0.0024013722126929675, 0.0, 0.0, 0.0, 0.015430072225869994]
speed reward list:[0.0, 0.0, 0.0, 0.0, 0.0, 0.0, 0.0, 0.0, 0.0, 0.0, 0.0, 0.0, 0.0, 0.0, 0.0, 0.0, 0.0, 0.0, 0.0, 0.0, 0.0, 0.0, 0.0, 0.0, 0.0, 0.0, 0.0, 0.0, 0.0, 0.0, 0.0, 0.0, 0.0, 0.0, 0.0, 0.0, 0.0, 0.0, 0.0, 0.0, 0.0, 0.0, 0.0, 0.0, 0.0, 0.0, 0.0, 0.0, 0.0, 0.0, 0.0, 0.0, 0.0, 0.0, 0.0, 0.0, 0.0, 0.0, 0.0, 0.0, 0.0, 0.0, 0.0, 0.0, 0.0, 0.0, 0.0, 0.0, 0.0, 0.0, 0.0, 0.0, 0.0, 0.0, 0.0, 0.0, 0.0, 0.0, 0.0, 0.0, 0.0, 0.0, 0.0, 0.0, 0.0, 0.0, 0.0, 0.0, 0.0, 0.0, 0.0, 0.0, 0.0, 0.0, 0.0, 0.0, 0.0, 0.0, 0.0, 0.0, 0.0, 0.0, 0.0, 0.0, 0.0, 0.0, 0.0, 0.0, 0.0, 0.0, 0.0, 0.0, 0.0, 0.0, 0.0, 0.0, 0.0, 0.0, 0.0, 0.0, 0.0, 0.0, 0.0, 0.0, 0.0, 0.0, 0.0, 0.0, 0.0, 0.0, 0.0, 0.0, 0.0, 0.0, 0.0, 0.0, 0.0, 0.0, 0.0, 0.0, 0.0, 0.0, 0.0, 0.0, 0.0, 0.0, 0.0, 0.0, 0.0, 0.0, 0.0, 0.0, 0.0, 0.0, 0.0, 0.0, 0.0, 0.0, 0.0, 0.0, 0.0, 0.0, 0.0, 0.0, 0.0, 0.0, 0.0, 0.0, 0.0, 0.0, 0.0, 0.0, 0.0, 0.0, 0.0, 0.0, 0.0, 0.0, 0.0, 0.0, 0.0, 0.0, 0.0, 0.0, 0.0, 0.0, 0.0, 0.0, 0.0, 0.0, 0.0, 0.0, 0.0, 0.0, 0.0, 0.0, 0.0, 0.0, 0.0, 0.0]
tls reward list:[-0.007745067958261137, -0.0068430454725410955, -0.006415128996342396, -0.006130705254980801, -0.006181096456952028, -0.00591012257237416, -0.005954774961660596, -0.005980351348489628, -0.005938831835502441, -0.005702822299097064, -0.005561341707811297, -0.005736902031193037, -0.0059231434882376114, -0.005598200192655735, -0.005785149022127307, -0.005909361624621298, -0.005309244507130358, -0.005786465099907457, -0.005359150902962411, -0.005999495184600098, -0.005942864272989043, -0.005776596703116938, -0.006029288945541454, -0.005618323069689239, -0.005685516762545369, -0.00560946279204557, -0.005447420781910984, -0.005585827950329881, -0.005552607497707374, -0.005549638715506303, -0.005643740078602144, -0.005734952142422865, -0.005325149443515564, -0.005399790589002966, -0.005609450192019715, -0.005506394842771493, -0.005759156300572503, -0.0054651285737655755, -0.005784424976725093, -0.00547295985721826, -0.005713404251454777, -0.005692881145092162, -0.005263223055226385, -0.005609387962452373, -0.00542465642542754, -0.0054436759562871105, -0.005364385783788422, -0.0058895115020715216, -0.005312301968101933, -0.005744175359010371, -0.00549234449982867, -0.005292254587545588, -0.005263529421936411, -0.005681943211044987, -0.005673995389239965, -0.005898750502997363, -0.00554863219763049, -0.005477857838451754, -0.005920738696124309, -0.005802229894737064, -0.005763047917764171, -0.005717960800827165, -0.005338007646929294, -0.0057825278305065645, -0.005318731627380665, -0.005558953199144199, -0.005307547265407533, -0.0056227880919222225, -0.005554823722122543, -0.0056579410838910014, -0.00553498523566043, -0.005564749997666531, -0.005385298289490675, -0.005798189422836681, -0.0054151678578863854, -0.005685309908573377, -0.005717099503919616, -0.005218826841734432, -0.005456907025753944, -0.005293378192748584, -0.005564978681977462, -0.005517405490060222, -0.0057595696854211495, -0.005384970292183795, -0.005465867381173719, -0.005342046563201269, -0.005667888677039821, -0.005611187818550674, -0.005365538423174638, -0.005324269994368268, -0.005693799216529394, -0.0058421105531375715, -0.00569611633791047, -0.005117505918863734, -0.005512551914695218, -0.005582915851510004, -0.005931522427153358, -0.006049549004177041, -0.005432092565327271, -0.00558711946996851, -0.005659609147495731, -0.005365357434144585, -0.005768819756965947, -0.0055989254044589865, -0.0052602224753858255, -0.005306545986847018, -0.005569643419863843, -0.005784750254955072, -0.005505733028091171, -0.005613010524162511, -0.005600783858356284, -0.005454239002179597, -0.005413543411811725, -0.005543208119089906, -0.005334137244202549, -0.005375851934816778, -0.00568789831577603, -0.005190950063947839, -0.005858511241672512, -0.005594521323169617, -0.0058584226309290836, -0.00557440323368715, -0.005625136950708581, -0.005583730777833824, -0.005373679898485165, -0.005551906378561027, -0.005494528604246319, -0.005628288148843274, -0.005498793802403504, -0.005652998705164924, -0.005474171196121161, -0.005670766495816107, -0.005354542092337729, -0.00586909243222141, -0.005533954229416416, -0.0057989581903044795, -0.0053282408497334986, -0.005661010920755729, -0.0053104225228756755, -0.005386120624283426, -0.005384368211827877, -0.005644214774258952, -0.005828663803301665, -0.005575582868339332, -0.005742281683702858, -0.005593711457867278, -0.00508700598904618, -0.005824281466925002, -0.005276026032178233, -0.005027880189910574, -0.0054430190562464375, -0.005767641198849251, -0.005661542917396122, -0.005556655432012629, -0.005771101558563338, -0.005434894237809109, -0.005470581399336241, -0.005613880742745519, -0.0056374309914007815, -0.00568399569657155, -0.0052821456057319475, -0.005443757852988977, -0.005597021140079727, -0.0057472414557897715, -0.005760619908580955, -0.005477294933076889, -0.005325127447107533, -0.00551121086870218, -0.00568561493790582, -0.005408466059712871, -0.005499022525115521, -0.005560530086737017, -0.005573050076103974, -0.005502379240855709, -0.0055428219727749525, -0.005595425539726304, -0.005692523617824669, -0.005758200343168289, -0.005521247542676564, -0.005513586346356772, -0.005896672550951641, -0.005582368347150158, -0.00552842904402443, -0.0056478168192229065, -0.005567558245993779, -0.0059841921395682954, -0.00566420508961842, -0.00554482799121224, -0.005547020417587507, -0.005670615734280368, -0.005313710938915885, -0.005897464959892247, -0.005668495228733124, -0.0054629587551841, -0.00544670359148491, -0.005575336126552192, -0.005631311049091461, -0.005843079178944587, -0.005539142466148243, -0.0057212124061527475]
target reward list:[0.052818586359252344, 0.5136020661076005, 0.5322626187191497, 0.5071001691740935, 0.5434528473292085, 0.5689506510637236, 0.5359231889347962, 0.526010833159392, 0.516590310780223, 0.5462534725903604, 0.5443576214678058, 0.5494088747126107, 0.5270858642678953, 0.544266456667436, 0.5285214257796051, 0.5494086326539892, 0.5361172386339957, 0.551881021323289, 0.5217852921650382, 0.5481207769897777, 0.5457235407859901, 0.5907696692282545, 0.5506431362298982, 0.5697664494126958, 0.5470407624250874, 0.5632056352081681, 0.5699149915038784, 0.5476614019490671, 0.5889351131709408, 0.5232778847610617, 0.5462709773309926, 0.5500742634494173, 0.5636878002962196, 0.5272998599843511, 0.5393401750227487, 0.5202918748636937, 0.5900694273575436, 0.5401900892948903, 0.5521509090841336, 0.5634746876532842, 0.5515865344857871, 0.5212912652158398, 0.5559000239571327, 0.5435906097719432, 0.5396622809147803, 0.5514514947431637, 0.5456663203932566, 0.5554176874187772, 0.5703509876131567, 0.5342037191928989, 0.5365969594826626, 0.5306311953135595, 0.5803525905533091, 0.49866674256673027, 0.559755847058338, 0.5262812347669843, 0.5419357181502754, 0.572935531696991, 0.5357224785207745, 0.5490856950992692, 0.5439550295045361, 0.5492002420294231, 0.4620658488436149, 0.5299122817301167, 0.5241136945682379, 0.527254838522945, 0.5278697808447553, 0.5481523958179867, 0.5896597133990219, 0.5618919335291482, 0.551438713479352, 0.5762494203365021, 0.5608989192624945, 0.5331090828073787, 0.5630418521356291, 0.5596179364573155, 0.5582173655482948, 0.5426648521307054, 0.5744150898530622, 0.5471303083016673, 0.5350823843783492, 0.5286362059521396, 0.5482229326757112, 0.5433738227868989, 0.5353439259422984, 0.5503447026970242, 0.5431567342113751, 0.5860145312294521, 0.5661899323838746, 0.5452914385201019, 0.5419304201432471, 0.5487146584147343, 0.5550556441773578, 0.5552369050561601, 0.5214398097112779, 0.5379630087108569, 0.5355796977894173, 0.5307825202267827, 0.5502053220195535, 0.5381257164351869, 0.5557549001968, 0.5415480490494746, 0.5330364311226287, 0.5622522326926104, 0.5359062819848235, 0.528073981859894, 0.5399280617079817, 0.5051470522032535, 0.527575503371122, 0.5611791386752918, 0.5121685962925675, 0.5515997834570725, 0.5491596899941125, 0.5540413205617186, 0.5029412081387855, 0.5567825564489244, 0.5253432473759717, 0.5214311667049912, 0.5687076116367735, 0.5353409022444473, 0.5490819285561819, 0.5165839460362577, 0.5802987847413145, 0.5371849671480828, 0.5382843032499822, 0.5156980428691934, 0.5686764586260231, 0.5404626996822965, 0.5209991279292653, 0.5552274543700257, 0.5518721976107145, 0.5466126401970448, 0.5449943436199528, 0.5530814249336972, 0.5348638531798822, 0.5485784091256083, 0.5275490932514283, 0.5439477008013128, 0.5187392381044886, 0.5573662797315707, 0.5480205413319027, 0.5268676133897026, 0.5448580345605755, 0.49614473224681754, 0.5639814606167818, 0.5534879339271565, 0.517113821619879, 0.5354842351358097, 0.5237871378657858, 0.5066081758355588, 0.5484134633140788, 0.5667270367242341, 0.5324566391659932, 0.55399896252641, 0.5532157233848, 0.5361692372124355, 0.5401100418034075, 0.5278653804110095, 0.44717942315438175, 0.5413481467580986, 0.5342276046685922, 0.5163901866587833, 0.5485191863461684, 0.5139110690548541, 0.5199856411619629, 0.5277663374844834, 0.5286440387504009, 0.5582514315652145, 0.5391268774851078, 0.5162366829491373, 0.5644619998884353, 0.5578716015039511, 0.5221181775986606, 0.5513239213311519, 0.5378772212742775, 0.5487002364472827, 0.5335314680845545, 0.5306117185011506, 0.5106507169134096, 0.5487781590891968, 0.478123316454644, 0.5467627887219069, 0.5193023105208051, 0.5259864031026392, 0.5427694555325975, 0.5530585137193297, 0.5371176623643079, 0.5329282335298702, 0.5027336300005455, 0.4808816328999722, 0.5591349246815159, 0.5516002675653974, 0.5394789897188083, 0.5356919963529888, 0.5369243470400081, 0.5082787580305259, 0.5160961383872937, 0.5357342266673273, 0.5247782621782809, 0.522611349302103]
safe reward list [0.0, 0.0, 0.0, 0.0, 0.0, 0.0, 0.0, 0.0, 0.0, 0.0, 0.0, 0.0, 0.0, 0.0, 0.0, 0.0, 0.0, 0.0, 0.0, 0.0, 0.0, 0.0, 0.0, 0.0, 0.0, 0.0, 0.0, 0.0, 0.0, 0.0, 0.0, 0.0, 0.0, 0.0, 0.0, 0.0, 0.0, 0.0, 0.0, 0.0, 0.0, 0.0, 0.0, 0.0, 0.0, 0.0, 0.0, 0.0, 0.0, 0.0, 0.0, 0.0, 0.0, 0.0, 0.0, 0.0, 0.0, 0.0, 0.0, 0.0, 0.0, 0.0, 0.0, 0.0, 0.0, 0.0, 0.0, 0.0, 0.0, 0.0, 0.0, 0.0, 0.0, 0.0, 0.0, 0.0, 0.0, 0.0, 0.0, 0.0, 0.0, 0.0, 0.0, 0.0, 0.0, 0.0, 0.0, 0.0, 0.0, 0.0, 0.0, 0.0, 0.0, 0.0, 0.0, 0.0, 0.0, 0.0, 0.0, 0.0, 0.0, 0.0, 0.0, 0.0, 0.0, 0.0, 0.0, 0.0, 0.0, 0.0, 0.0, 0.0, 0.0, 0.0, 0.0, 0.0, 0.0, 0.0, 0.0, 0.0, 0.0, 0.0, 0.0, 0.0, 0.0, 0.0, 0.0, 0.0, 0.0, 0.0, 0.0, 0.0, 0.0, 0.0, 0.0, 0.0, 0.0, 0.0, 0.0, 0.0, 0.0, 0.0, 0.0, 0.0, 0.0, 0.0, 0.0, 0.0, 0.0, 0.0, 0.0, 0.0, 0.0, 0.0, 0.0, 0.0, 0.0, 0.0, 0.0, 0.0, 0.0, 0.0, 0.0, 0.0, 0.0, 0.0, 0.0, 0.0, 0.0, 0.0, 0.0, 0.0, 0.0, 0.0, 0.0, 0.0, 0.0, 0.0, 0.0, 0.0, 0.0, 0.0, 0.0, 0.0, 0.0, 0.0, 0.0, 0.0, 0.0, 0.0, 0.0, 0.0, 0.0, 0.0, 0.0, 0.0, 0.0, 0.0, 0.0, 0.0]
speed list [15.309286785464321, 15.160447799246377, 15.093031415490627, 15.083737696596506, 15.0106715090196, 15.23793525299654, 14.81414141418339, 15.236037086646512, 15.06421362006334, 14.777374614422172, 15.11948954221333, 14.98576914894501, 14.956641915714272, 15.224764235306539, 15.154674603605017, 15.396644968358157, 14.71081444110945, 14.829076224130164, 14.850635755620646, 14.88302128996081, 15.08093499733836, 15.180188419024004, 15.1838048875037, 15.373112575164535, 15.048034567026667, 15.168830562065583, 15.237485287825796, 15.119487754986322, 15.319315221229541, 14.990356455935835, 14.85455528721582, 15.04786693513432, 15.436844707677235, 14.918879614660067, 15.174168564052483, 15.04916220721459, 15.087259603184835, 15.042945396264242, 14.96294477192748, 15.16430447419425, 15.20265281305408, 15.113897196472651, 15.327694008233069, 14.866530797114017, 15.144135766985691, 15.143741522489867, 14.92090474493148, 15.02861994424365, 15.219373437268075, 15.135616460793674, 15.224465539188204, 15.17624608065488, 15.2942896455549, 14.720753394272506, 15.222367025002077, 14.927227039834703, 14.993614706858295, 15.168313127555624, 15.193168519702722, 15.136218437829429, 14.866954980210176, 14.953847430513997, 13.957317533874045, 15.229190886652589, 15.09279733136832, 15.065703758807619, 15.012175411704453, 15.018195776687504, 15.295235095249685, 14.964126433041292, 15.156798865956917, 14.958396658871486, 15.22208688125151, 15.183971651889703, 15.195858884115188, 15.151424397619275, 15.100255248550663, 15.111400069232216, 15.344775767861393, 15.174891339946996, 15.06824971242132, 15.071546057670021, 14.989534226530996, 15.179970217948036, 15.316632077101858, 15.16314854311219, 15.078484197700206, 15.22989392861867, 15.058028106015469, 15.288209496082876, 15.218536956059415, 15.096571045400463, 14.898882863777684, 15.053024765098089, 15.059195431681555, 15.106315790925425, 15.104141303759576, 15.237782813685929, 15.235124416266947, 15.02225871209239, 15.03944912925513, 15.2605569130252, 15.048656966145888, 14.935364423816088, 14.858587109883729, 14.985619893415599, 15.157344522953998, 14.769293984436656, 15.109016509721487, 15.24107219764345, 15.116918010193137, 15.241747621385372, 15.314374482524903, 15.080343049133017, 14.535098158200157, 15.120714184893954, 14.985738778118746, 15.018111485640963, 15.084682769284298, 14.961705983773184, 14.935250304469225, 14.910924065242197, 15.185473769523584, 15.12395154800737, 14.789664924500164, 14.997821978580802, 15.054377146036673, 14.895565804535309, 15.104582193190412, 15.231022418916115, 14.974700802374509, 15.22825864692566, 15.173277014915614, 15.037269240744356, 15.021743215933038, 15.199220446930655, 15.014360820376629, 14.961258373799632, 15.111871016720107, 15.1231211718965, 15.1312862069645, 14.916032212296193, 15.10271580065033, 14.611164489816856, 15.317685750076459, 14.931200308620046, 15.217293164322388, 15.177143926440749, 15.269089701969394, 14.695224745749625, 15.164221044033686, 15.056361483843938, 15.408808340769326, 15.144135861432224, 15.135385474641499, 14.899129888772634, 15.12773591943523, 14.960707102346657, 14.512293516496932, 14.802990991180886, 15.143697750108831, 14.923963649759923, 14.988092202081083, 14.98462873662705, 14.950080937915324, 15.123022095731166, 15.089969814844693, 15.28461399528497, 15.130326005260134, 15.06410772854731, 15.305046864182223, 15.320669773026548, 15.093581939338373, 15.199835379580481, 14.955808800121094, 15.210577170340803, 15.116641386380712, 14.988957485274932, 14.920124562192305, 15.252013919476298, 15.047796129760833, 15.12655998856875, 14.764558383069474, 15.03455169479171, 15.05318580332862, 14.971742767385685, 15.06985852713505, 15.155979648440564, 14.938011978104802, 14.262893205566202, 14.987586372484305, 15.139918666793346, 15.176184688640454, 15.199715297636182, 15.055488822181, 14.860109023556628, 15.016053920502667, 15.244247909039053, 15.137172325868603, 15.004687619390298]
ec list [59.3038767146899, 57.8300646997392, 57.630188802995285, 57.55901906883984, 57.35781651072273, 57.54795841461708, 57.28475564579461, 57.4152442542631, 57.43079752110672, 57.4832569288673, 57.455921766224606, 57.61362968068795, 57.42556474911888, 57.494978414936455, 57.3568326762784, 57.61792105454056, 57.278185981354994, 57.212184936332086, 57.196047767700854, 57.69550068432607, 57.57446649892724, 57.50289824286024, 57.471909776270664, 57.308622397062564, 57.50591204480296, 57.376807281426295, 57.220951383862236, 57.38446839321056, 57.20964845714701, 57.58923295117136, 57.58425387324359, 57.446574479957, 57.23587121883669, 57.18809885484398, 57.43915746779678, 57.21870357113993, 57.240238603665084, 57.32117183134145, 57.496621458319225, 57.349647975781345, 57.293651709301834, 57.60470209772988, 57.4061773244655, 57.50621796857194, 57.35870896060874, 57.49463793870247, 56.94001891727545, 57.38617359516147, 57.39854841756749, 57.446344645432774, 57.51687460765668, 57.44258543453233, 57.40104296218257, 57.56972774640388, 57.441995374411626, 57.31299294348568, 57.56393228430744, 57.05467724665481, 57.4703379593256, 57.2749799533225, 57.48537627835734, 57.360839225947466, 58.274277832349554, 57.62851145312308, 57.36331446475886, 57.33614524294059, 57.421751021308594, 57.20891065456589, 57.297153637441056, 57.16856661580175, 57.452001766304036, 57.07702211012503, 57.26697693990155, 57.33685918844199, 57.220815575202714, 57.58525306295427, 57.25309181609298, 57.19501276630597, 57.1290480027241, 57.26787512599285, 57.58325506272835, 57.55907713786934, 57.42017581850071, 57.2959021891283, 57.12799753840547, 57.4846226218601, 57.31786150231243, 57.44432031929431, 57.29616721275885, 57.07939931102575, 57.34834652963273, 57.51042562321877, 57.30575418387885, 57.25161567324052, 57.36890755770724, 57.45484222227366, 57.28001289412372, 57.418435036652866, 57.35775599866354, 57.139689424062674, 57.41093447675655, 57.466299496758666, 57.19689776039052, 57.2797026636943, 57.157676698137145, 57.48492680720631, 57.23031576194062, 57.36217493307791, 57.30783122769734, 57.26012658689456, 57.29242602687662, 57.293078126668604, 57.44019201185687, 57.1080479306251, 57.64093578835168, 57.36107235025087, 57.27103997561141, 57.36453171149867, 57.4814216758663, 57.244600350416874, 57.416101125177356, 57.39551860012992, 57.34457281789354, 57.28384791073029, 57.034000770828584, 57.387942724548296, 57.38736116216964, 57.28821801653553, 57.28309813943002, 57.31847310094604, 57.161965465577204, 57.288029287938116, 57.08187447383714, 57.46678123378504, 57.155243862477214, 57.1668471351233, 57.436395795782055, 57.43510838573532, 57.28679533112949, 57.21110326165557, 57.20485569750625, 57.249830245113436, 57.700725831016044, 57.424671501750474, 57.215705714030825, 57.64148257624753, 57.17069465919223, 57.50353663828292, 57.43659047881476, 56.95804024553735, 57.0995874558943, 57.29042547568188, 57.447403950535765, 57.356853830505806, 57.52630635506, 57.283973428167535, 57.42159399274771, 57.45306065890004, 57.77838502553997, 57.33797540318641, 57.530375413599316, 57.30984020273391, 57.07667546964114, 57.460909959806486, 57.30780154846047, 57.18723732700055, 57.27932843493694, 57.309160464137086, 57.204264501217395, 57.2246821433344, 57.51469862483429, 57.16205396542545, 57.239407082781135, 57.3363628379252, 57.29991013972005, 57.5856176043787, 57.174197586226754, 57.61395304992963, 57.139237841603546, 57.349359915994484, 57.54929610673519, 57.418140486619194, 57.30457857904474, 57.2931203268951, 57.2231335742793, 57.25222267012162, 57.28417339041936, 57.36907386179126, 57.3344080240576, 57.60295163948628, 57.29572474627372, 57.498923113315804, 57.58999289616707, 57.23633107024827, 57.29219400823347, 57.50338453899439, 57.20712965454356, 57.33069700604573, 57.28754896259725, 57.392160918193184]
jerk list [0.2274431527058956, 0.39122809101641465, 0.38456157336887115, 0.40500793865279794, 0.38737441768493025, 0.3811940572942938, 0.38587515350742035, 0.362306269608211, 0.37320183200853163, 0.38500423830242536, 0.38312166291750366, 0.386855696613079, 0.38782432384292825, 0.3817019508298688, 0.385676589338691, 0.36740040462485046, 0.39450716304182204, 0.3845755673372215, 0.3877553975960869, 0.41431560785041704, 0.39730943997657464, 0.3897482673049604, 0.39183742696041074, 0.3809531396067075, 0.40554435021526397, 0.38522595184947356, 0.3694700925952727, 0.3870657192357067, 0.3718761581885512, 0.399777306337939, 0.4055037112056779, 0.39237657584537894, 0.3640588543108665, 0.39347468780367917, 0.3756395444454598, 0.3758069338087759, 0.38989115176081723, 0.390059133837723, 0.38116881699567545, 0.37348666712137535, 0.36885374786209385, 0.3917844107938812, 0.37364852988198827, 0.40456638107580983, 0.38698321996586277, 0.3917501248302656, 0.37251113189610363, 0.4020927787401153, 0.3890092263024926, 0.3959832964328516, 0.38879063684274606, 0.37261410910489845, 0.3827095470530261, 0.40215677217112206, 0.4034359087599349, 0.40100109520775296, 0.404135103257485, 0.3837312062957443, 0.3984818708980335, 0.4073352539744519, 0.4200339490859311, 0.40257985232485977, 0.4199109270921919, 0.39339160502288584, 0.4018325260147592, 0.39922533164280233, 0.4051654598445224, 0.39150225155198665, 0.38330324014907036, 0.4008147786260176, 0.3960949431110424, 0.3957529756688656, 0.38473125070425057, 0.39361118815543883, 0.3905431832887433, 0.40650991519940977, 0.39489295257455137, 0.3901936588505228, 0.38637935818562463, 0.4010685981029523, 0.41001752495536314, 0.4008990968013202, 0.4100689539322069, 0.3945384681146313, 0.39325881870860013, 0.40352022192085857, 0.39600000558236825, 0.3986551414247047, 0.3946324148449336, 0.3764530139624426, 0.3932420044579912, 0.40321092992620544, 0.41960454272074116, 0.3912857572602501, 0.4026149269587341, 0.39758553523474577, 0.4049074820935171, 0.40817366015658946, 0.3839682222816997, 0.39596012023708715, 0.40969357186355493, 0.3915863347859254, 0.3964120405098556, 0.4044848570145943, 0.4018750699445146, 0.41099377289147954, 0.3953091129435611, 0.418879474349961, 0.40576490404455495, 0.3894041176953654, 0.40287558184246164, 0.4012751073023187, 0.3901858337932111, 0.3934401909246072, 0.41376018822672583, 0.39929505625385064, 0.3988461538478135, 0.4017370885995373, 0.39890466062993274, 0.41044812883342324, 0.4237364055923231, 0.4169595976847891, 0.3995865193748067, 0.389830570979058, 0.4037126454409899, 0.40520154817557197, 0.40884988454955395, 0.41209890926344095, 0.3908352255752759, 0.3886389997455165, 0.40308222288227785, 0.39747829025343206, 0.37893582758624367, 0.4103420599097486, 0.3965533760601407, 0.40110392959976876, 0.38939275456667893, 0.4112746685631897, 0.4088022583381934, 0.3810040700209003, 0.40088068150180617, 0.41310204589954835, 0.41475621435833043, 0.4157269868965065, 0.3817074349937349, 0.40736158639756725, 0.39113289508626414, 0.40944442662728087, 0.40074370808354237, 0.40469585093175764, 0.38945366214801985, 0.411356291819466, 0.4010227455876427, 0.4022507973361114, 0.40946759656068676, 0.3973998906268784, 0.401505641366988, 0.4112889405179376, 0.4207393526549287, 0.40545968272379085, 0.39120045786845686, 0.3919230414411802, 0.41068787562245773, 0.4089012719078665, 0.4140203994130545, 0.39119248702079296, 0.4001089236156693, 0.3769354640062909, 0.39499297092413904, 0.38929742769893, 0.39346518034942024, 0.37809029972526625, 0.4097266050759021, 0.3989737643548253, 0.4223479770879435, 0.3957576139423552, 0.3976897769857149, 0.41487822512694134, 0.3995018767058022, 0.39423892252636844, 0.4079001874522091, 0.4059832162226402, 0.4040957557849168, 0.41097318903518226, 0.40355316146876663, 0.41561747661649784, 0.38591159893581595, 0.3973890366618081, 0.4070734390958981, 0.4253509592614467, 0.41464530227777174, 0.4061749265173601, 0.40522600771256884, 0.4002797295254944, 0.4032517972206577, 0.41964082943905495, 0.41069981298045083, 0.4030754533636281, 0.4089559329829897, 0.40944372625641795]