
Env:SUMO, Algorithm:MADDPG, Device:cuda:0
-----------------------------------------
{'algo': 'MADDPG', 'env': 'SUMO', 'seedVal': 20150427, 'gamma': 0.8, 'epsilon': 0.001, 'critic_lr': 0.005, 'actor_lr': 0.0001, 'memory_capacity': 1000000, 'batch_size': 512, 'train_eps': 200, 'eval_eps': 10, 'epsilon_start': 3, 'max_speed': 28, 'target_update': 4, 'hidden_dim': 256, 'soft_tau': 0.05, 'max_action': 2, 'device': device(type='cuda', index=0), 'simulation_steps': 3600, 'pathToSumoFiles': 'rou_net2_single', 'model_dest_path': 'models/', 'model_dest_path_leader': 'ep200_', 'model_dest_path_follow': '', 'logName': 'ep200_gamma0.800000_tua0.050000.txt', 'procID': 8}
seed 20150427
当前的gamma是0.8, 当前的soft tau是0.05
-----------------------------------------
model saved successfully!
Complete training!
final reward list:[-0.3134359621769838, 0.4048078953584683, 0.5390398821367954, 0.5026452157564891, 0.5662882675954923, 0.5741273565255739, 0.4798105666392984, 0.5341739054286267, 0.5106453656258586, 0.5374294580216958, 0.5616123827640427, 0.5298953420915956, 0.5611856283672774, 0.5430167327174141, 0.536900631969074, 0.5535870059640587, 0.5276457138998663, 0.52191197442359, 0.5051547540576408, 0.5254108708935757, 0.5515850688719883, 0.5820764906576856, 0.5495594493224135, 0.5793855168525766, 0.5497043141099358, 0.543334242621404, 0.5508417094826225, 0.5455535136445024, 0.5691563700661864, 0.5497074155132897, 0.5496546621990213, 0.5455645734224924, 0.5572922633883234, 0.5060785627264321, 0.5267879259644157, 0.5170261154348822, 0.5744426382895769, 0.5249481733650336, 0.5217405342110898, 0.56540623992789, 0.5418616418823975, 0.5399385488632398, 0.559741721318806, 0.5274693493297891, 0.5641553052938688, 0.5492440378825045, 0.5438323170064333, 0.552419172156667, 0.5502246678772158, 0.5211938161344143, 0.5326816872955089, 0.5199105675423463, 0.5690244602512928, 0.5032221915553385, 0.5302797110777476, 0.5207209811355481, 0.5388054551957655, 0.5733139302348506, 0.5608209074023961, 0.5253968118069866, 0.5101535169088196, 0.5604169069752155, 0.47332564899619506, 0.5257009324092654, 0.5134558234797443, 0.5572275425942271, 0.5266148063896852, 0.529581389968518, 0.5601993119761792, 0.5776889743239346, 0.5544330412287589, 0.5670361760844038, 0.5646220115770837, 0.540529804907119, 0.5759694332527064, 0.5544679883086426, 0.5551566180852318, 0.5173194846675133, 0.5706036338791188, 0.5436415668971679, 0.5570276505376837, 0.5347780306232751, 0.5500641176980564, 0.5720316039633503, 0.563044590077193, 0.5323260514118414, 0.512208841866372, 0.5568050403978668, 0.5340213932847653, 0.5511274801613735, 0.549392675016176, 0.5294581780148467, 0.5471416827257485, 0.5478375205347493, 0.5119153990057653, 0.5381910470357251, 0.521405478441648, 0.5363988748459242, 0.5327061119651031, 0.5324130343697556, 0.5519264890476817, 0.5096939915411474, 0.5015653355355302, 0.5370122390017635, 0.5153141021987943, 0.5066923918454761, 0.5391243577077806, 0.5176262931685178, 0.5432348733470364, 0.5439019895864639, 0.5087264342371848, 0.5523610357724997, 0.495080534263108, 0.5572129807795129, 0.4693605494996028, 0.5515426210144826, 0.5285651839508048, 0.4971218010616233, 0.5739724556714301, 0.533365236109618, 0.527593331848947, 0.5309051150560744, 0.5519693552848687, 0.535073652481689, 0.5420323854639972, 0.49788133404097384, 0.5747472573061077, 0.541044650368835, 0.5284583851326436, 0.5406910421389672, 0.5357853079458, 0.5573191254110986, 0.5301390909934942, 0.5531905067795863, 0.5316018400289846, 0.5395085189636155, 0.5459540705395151, 0.5477819151040052, 0.5260698061661598, 0.5291551283035054, 0.5426603275011355, 0.5085479205741316, 0.5378461198527464, 0.5291200094551382, 0.5648426284140704, 0.5395337090219582, 0.5041229074411341, 0.5396738289537082, 0.5217665298909545, 0.5032161342557768, 0.5321646949358151, 0.5541439321971429, 0.5383869325108213, 0.554375154896175, 0.5265784463726224, 0.511575905655558, 0.5309712730630707, 0.5222360257235585, 0.4845132200441223, 0.5468808471041517, 0.5220201526863778, 0.49924778059474917, 0.5374114843155059, 0.5227977007224357, 0.49136390561776594, 0.5116883172280449, 0.536277681208877, 0.5529247314695668, 0.5515389607693515, 0.511916429754929, 0.5310976470578451, 0.5430047828790576, 0.5235730296121407, 0.5440573805007749, 0.5321282828045439, 0.5162267860344887, 0.5386802568263828, 0.49053000046873896, 0.5274715013694314, 0.5340891253778235, 0.4859179046022777, 0.5447942864965223, 0.5491868779974245, 0.5249953707187058, 0.5298986968079213, 0.513484943686209, 0.5147146165252756, 0.5352692653388544, 0.5258800302382771, 0.47261106145231896, 0.5462161919830242, 0.5316996023576704, 0.527083274091853, 0.5381535245761695, 0.547477002967487, 0.5077463670098966, 0.5252659487773574, 0.5328480758794246, 0.5208421973003469, 0.5402436268267019]
final halt list:[1.8732851985559567, 0.04942058623040218, 0.0063249001331557924, 0.00031318509238960227, 0.0, 0.0, 0.9226150767178118, 0.0, 0.015599070693660804, 0.044055944055944055, 0.0, 0.03217419564510887, 0.0037891836031691355, 0.013033561420658195, 0.013350700097688049, 0.018729096989966554, 0.02390438247011952, 0.005385996409335727, 0.001911436763300414, 0.005426917510853835, 0.0, 0.031985294117647056, 0.002445842068483578, 0.0, 0.0, 0.0, 0.013962765957446808, 0.001652892561983471, 0.002775850104094379, 0.029226901319924576, 0.027364045722202978, 0.0, 0.015645805592543277, 0.0, 0.0029910269192422734, 0.04364949130292091, 0.012377138696760102, 0.0036937541974479517, 0.05442415730337079, 0.015415549597855228, 0.012541497602360752, 0.04840848806366048, 0.0, 0.004806151874399231, 0.0, 0.0015669069257286117, 0.014018691588785047, 0.0, 0.0, 0.02649228705566734, 0.0, 0.013264315755418959, 0.00644122383252818, 0.019953441968739608, 0.00033090668431502316, 0.016101404590613225, 0.0020242914979757085, 0.0, 0.006440677966101695, 0.0, 0.014045906132237067, 0.029315960912052116, 0.0273492286115007, 0.029931972789115645, 0.0, 0.0, 0.017483609116453323, 0.0, 0.0, 0.0, 0.007563301545544229, 0.0, 0.0, 0.004411764705882353, 0.0, 0.0, 0.0, 0.0, 0.015699658703071672, 0.0, 0.015743073047858942, 0.020070086014654348, 0.014915019077349982, 0.0, 0.0, 0.034516129032258064, 0.005496518871381458, 0.006776034236804565, 0.0009966777408637873, 0.0, 0.0, 0.017043478260869566, 0.004137931034482759, 0.0, 0.007874015748031496, 0.0, 0.0, 0.0, 0.0249914412872304, 0.0, 0.0, 0.004330343334364367, 0.0, 0.024851242562128107, 0.02492421690804985, 0.0, 0.0, 0.0, 0.0, 0.0, 0.0, 0.0, 0.012580645161290323, 0.0, 0.002925877763328999, 0.0, 0.04659248956884562, 0.0, 0.007129455909943715, 0.0, 0.016062884483937116, 0.003746594005449591, 0.0, 0.0, 0.0, 0.01523994811932555, 0.0, 0.0, 0.013196009011908594, 0.0038869257950530037, 0.003555268261150614, 0.0, 0.0, 0.0, 0.002340354396522902, 0.0, 0.0, 0.015719899964272956, 0.0, 0.019350380096751902, 0.0064329366355741395, 0.024657534246575342, 0.0, 0.0035688793718772305, 0.0024518388791593695, 0.000700770847932726, 0.018302303565793626, 0.012020033388981636, 0.0, 0.0006451612903225806, 0.0, 0.0, 0.0, 0.0, 0.030116358658453114, 0.0003417634996582365, 0.024390243902439025, 0.01847051198963059, 0.025753981701118266, 0.009403254972875226, 0.0006134969325153375, 0.003627130939426913, 0.0, 0.0212298682284041, 0.005040322580645161, 0.002397260273972603, 0.014738865748157642, 0.010545454545454545, 0.020574671869457255, 0.0025519504192489974, 0.0, 0.016262975778546712, 0.011860386309725517, 0.0, 0.0, 0.037541528239202655, 0.00801673056814221, 0.02352127291594604, 0.0, 0.001697792869269949, 0.0, 0.0, 0.0, 0.0, 0.014844315713251267, 0.017055988134964777, 0.0015325670498084292, 0.0032981530343007917, 0.0, 0.03294777427269541, 0.0, 0.0, 0.023434884499497825, 0.0031435557107928748, 0.01689545934530095, 0.0023997257456290708, 0.0, 0.0, 0.0, 0.02625533311453889]
speed reward list:[0.0, 0.0, 0.0, 0.0, 0.0, 0.0, 0.0, 0.0, 0.0, 0.0, 0.0, 0.0, 0.0, 0.0, 0.0, 0.0, 0.0, 0.0, 0.0, 0.0, 0.0, 0.0, 0.0, 0.0, 0.0, 0.0, 0.0, 0.0, 0.0, 0.0, 0.0, 0.0, 0.0, 0.0, 0.0, 0.0, 0.0, 0.0, 0.0, 0.0, 0.0, 0.0, 0.0, 0.0, 0.0, 0.0, 0.0, 0.0, 0.0, 0.0, 0.0, 0.0, 0.0, 0.0, 0.0, 0.0, 0.0, 0.0, 0.0, 0.0, 0.0, 0.0, 0.0, 0.0, 0.0, 0.0, 0.0, 0.0, 0.0, 0.0, 0.0, 0.0, 0.0, 0.0, 0.0, 0.0, 0.0, 0.0, 0.0, 0.0, 0.0, 0.0, 0.0, 0.0, 0.0, 0.0, 0.0, 0.0, 0.0, 0.0, 0.0, 0.0, 0.0, 0.0, 0.0, 0.0, 0.0, 0.0, 0.0, 0.0, 0.0, 0.0, 0.0, 0.0, 0.0, 0.0, 0.0, 0.0, 0.0, 0.0, 0.0, 0.0, 0.0, 0.0, 0.0, 0.0, 0.0, 0.0, 0.0, 0.0, 0.0, 0.0, 0.0, 0.0, 0.0, 0.0, 0.0, 0.0, 0.0, 0.0, 0.0, 0.0, 0.0, 0.0, 0.0, 0.0, 0.0, 0.0, 0.0, 0.0, 0.0, 0.0, 0.0, 0.0, 0.0, 0.0, 0.0, 0.0, 0.0, 0.0, 0.0, 0.0, 0.0, 0.0, 0.0, 0.0, 0.0, 0.0, 0.0, 0.0, 0.0, 0.0, 0.0, 0.0, 0.0, 0.0, 0.0, 0.0, 0.0, 0.0, 0.0, 0.0, 0.0, 0.0, 0.0, 0.0, 0.0, 0.0, 0.0, 0.0, 0.0, 0.0, 0.0, 0.0, 0.0, 0.0, 0.0, 0.0, 0.0, 0.0, 0.0, 0.0, 0.0, 0.0, 0.0, 0.0, 0.0, 0.0, 0.0, 0.0]
tls reward list:[-0.007419771655919528, -0.008131651332152788, -0.006636051671571086, -0.006133659946074299, -0.006135676170074678, -0.005554577975844947, -0.00601987669567328, -0.005586770686441269, -0.005718381367205981, -0.005503331603916153, -0.005496453230560191, -0.005503644429201131, -0.005782233140479139, -0.00521028228996454, -0.0057588909054765835, -0.005630278418339756, -0.005032867873331064, -0.005365620335545155, -0.005275430649673717, -0.005955579132006082, -0.005902359077952804, -0.005689535595998764, -0.005703206583174593, -0.005560166008358188, -0.0057181022003437035, -0.005693333478160234, -0.0054000921367584696, -0.005440883929190429, -0.005848533974545741, -0.0054545345355889036, -0.005605926814295869, -0.005576919217619858, -0.005413748976210411, -0.00537590860239592, -0.005580049704209649, -0.005422740972444343, -0.005622690389636306, -0.005499819850513114, -0.005587090678008868, -0.005450460884563241, -0.005861062872119181, -0.005355782519605061, -0.005315095099332344, -0.0055936750306810785, -0.00540471365368095, -0.0053692192382862524, -0.00551841891246798, -0.005877796571832414, -0.005296619144784858, -0.005689604004864009, -0.0055953986042006024, -0.005313591221881847, -0.005492590680387589, -0.005648548980324633, -0.005417091314326897, -0.005937461214443131, -0.005523307050219067, -0.00549490159195483, -0.005880884655263653, -0.0058350369017245544, -0.005728699058670194, -0.005758497043959365, -0.005364852219379213, -0.0059811622539112435, -0.005205970281382709, -0.0053939511124758135, -0.0054386794108329944, -0.005648188796597751, -0.005581032999513743, -0.005730378739408631, -0.0054822306939202895, -0.005542405746765011, -0.005386094168474885, -0.00588770216373667, -0.005425802045842785, -0.005587571761046236, -0.005585335223343474, -0.005266090269753896, -0.005422872422049663, -0.005244359037550047, -0.005797910574833893, -0.005610819750840439, -0.005746096570447562, -0.005419436645296231, -0.005275532140844812, -0.00540579613078287, -0.005546916961986376, -0.005792099852465841, -0.005570288399592135, -0.005257122280264227, -0.005715136877710999, -0.005882551883860573, -0.005632314228416612, -0.005189944569178459, -0.005587772406335556, -0.005836977583457153, -0.005806636535909633, -0.005920043871246491, -0.005327470986358192, -0.005732714479145651, -0.005697625846139467, -0.005415793359327849, -0.005712998862830803, -0.00551403173008341, -0.0052852866498604165, -0.0051682355827629605, -0.005526937130028062, -0.005699378331616, -0.005591053355421678, -0.005686126711038636, -0.005614643803666658, -0.005320357421422729, -0.005444881160107432, -0.005534841120344029, -0.0052187202836860205, -0.005419374571885542, -0.005702393976554969, -0.005153738877608997, -0.005868316561915235, -0.0056484275846728806, -0.0057734237648595105, -0.005661609249922183, -0.005591525887871042, -0.0054398932651839515, -0.005446780663983041, -0.005669489249295304, -0.0054184618210679466, -0.00560495096037381, -0.0054590485141675, -0.005685096637307467, -0.005440886742420275, -0.0057941312981613854, -0.0054124111965898085, -0.006006902515999638, -0.005562299028763945, -0.005720131146557166, -0.005294452079386425, -0.005706964611070627, -0.005438070744336188, -0.005384287942676632, -0.005417819509938167, -0.005510135511924097, -0.005939441736116479, -0.005703703259413408, -0.005718674706059306, -0.005504225854105833, -0.00513264558961296, -0.005810591647927834, -0.005155060210478912, -0.0050350761652142905, -0.0053449247838262375, -0.0057319351062101636, -0.00572750910155424, -0.005588835847650223, -0.005742045065722058, -0.005331348447466418, -0.005514282164241904, -0.005531174038123484, -0.005674685542758756, -0.005669471028205531, -0.005491383740693401, -0.005367088462176886, -0.00561908306128857, -0.005907512680455869, -0.005711788828525912, -0.005573681707651891, -0.005418582627795456, -0.005514568870139369, -0.005760314520156259, -0.005517445808069182, -0.005542896997217093, -0.0055913599516826526, -0.005697248166595658, -0.005620353819032429, -0.00553742862070087, -0.005567094252741812, -0.005689729600393803, -0.005737323060152402, -0.005376953158981892, -0.005524341483546654, -0.005917679223544129, -0.0056423591333303125, -0.00548322708946846, -0.005686686671796716, -0.005674285028164643, -0.005861005882936795, -0.005699291562116962, -0.005504023210665488, -0.00569954532257613, -0.005577397024355405, -0.00544494344040975, -0.005843674285290834, -0.005649484932995329, -0.005508265034788984, -0.005561248285996131, -0.005452797039253674, -0.005519797967213839, -0.005813284255935035, -0.005708709805560145, -0.005730027775282007]
target reward list:[-0.3060161905210643, 0.4129395466906211, 0.5456759338083664, 0.5087788757025634, 0.5724239437655669, 0.5796819345014189, 0.48583044333497166, 0.539760676115068, 0.5163637469930644, 0.542932789625612, 0.5671088359946029, 0.5353989865207968, 0.5669678615077564, 0.5482270150073787, 0.5426595228745507, 0.5592172843823985, 0.5326785817731973, 0.5272775947591353, 0.5104301847073145, 0.5313664500255818, 0.5574874279499411, 0.5877660262536843, 0.555262655905588, 0.5849456828609347, 0.5554224163102794, 0.5490275760995642, 0.5562418016193809, 0.550994397573693, 0.575004904040732, 0.5551619500488787, 0.5552605890133172, 0.5511414926401123, 0.5627060123645338, 0.5114544713288282, 0.5323679756686255, 0.5224488564073265, 0.5800653286792132, 0.5304479932155467, 0.5273276248890986, 0.5708567008124532, 0.5477227047545167, 0.5452943313828449, 0.5650568164181383, 0.53306302436047, 0.5695600189475498, 0.5546132571207908, 0.5493507359189012, 0.5582969687284994, 0.5555212870220007, 0.5268834201392782, 0.5382770858997095, 0.5252241587642281, 0.5745170509316804, 0.5088707405356632, 0.5356968023920745, 0.5266584423499913, 0.5443287622459846, 0.5788088318268053, 0.5667017920576597, 0.5312318487087112, 0.5158822159674897, 0.5661754040191749, 0.47869050121557427, 0.5316820946631766, 0.5186617937611269, 0.5626214937067028, 0.5320534858005181, 0.5352295787651158, 0.565780344975693, 0.5834193530633431, 0.5599152719226793, 0.5725785818311688, 0.5700081057455586, 0.5464175070708557, 0.5813952352985492, 0.5600555600696889, 0.5607419533085753, 0.5225855749372672, 0.5760265063011686, 0.5488859259347179, 0.5628255611125175, 0.5403888503741155, 0.555810214268504, 0.5774510406086466, 0.5683201222180377, 0.5377318475426244, 0.5177557588283584, 0.5625971402503327, 0.5395916816843574, 0.5563846024416377, 0.5551078118938869, 0.5353407298987072, 0.5527739969541651, 0.5530274651039279, 0.517503171412101, 0.5440280246191822, 0.5272121149775576, 0.5423189187171708, 0.5380335829514613, 0.5381457488489013, 0.5576241148938212, 0.5151097849004751, 0.507278334398361, 0.5425262707318469, 0.5205993888486546, 0.511860627428239, 0.5446512948378086, 0.5233256715001339, 0.5488259267024581, 0.5495881162975026, 0.5143410780408514, 0.5576813931939225, 0.5005254154232155, 0.562747821899857, 0.47457926978328885, 0.556961995586368, 0.5342675779273597, 0.5022755399392322, 0.5798407722333454, 0.5390136636942908, 0.5333667556138064, 0.5365667243059966, 0.5575608811727396, 0.540513545746873, 0.5474791661279803, 0.5035508232902691, 0.5801657191271756, 0.5466496013292088, 0.5339174336468111, 0.5463761387762747, 0.5412261946882202, 0.56311325670926, 0.5355515021900841, 0.5591974092955859, 0.5371641390577485, 0.5452286501101726, 0.5512485226189014, 0.5534888797150758, 0.5315078769104961, 0.5345394162461821, 0.5480781470110736, 0.5140580560860557, 0.5437855615888628, 0.5348237127145515, 0.5705613031201296, 0.5450379348760639, 0.5092555530307471, 0.545484420601636, 0.5269215901014334, 0.508251210420991, 0.5375096197196413, 0.559875867303353, 0.5441144416123755, 0.5599639907438252, 0.5323204914383444, 0.5169072541030244, 0.5364855552273127, 0.5277671997616821, 0.490187905586881, 0.5525503181323572, 0.5275115364270713, 0.5046148690569261, 0.5430305673767943, 0.5287052134028916, 0.4970756944462918, 0.5172619989356969, 0.5416962638366724, 0.558439300339706, 0.5572992752895077, 0.5174338755629981, 0.5366405440550622, 0.5485961428307402, 0.5292702777787364, 0.5496777343198074, 0.5376657114252448, 0.5217938802872304, 0.5443699864267766, 0.4962673235288913, 0.5328484545284133, 0.5396134668613701, 0.4918355838258218, 0.5504366456298526, 0.554670105086893, 0.5306820573905026, 0.535572981836086, 0.5193459495691458, 0.5204139080873926, 0.5407732885495199, 0.5315795755608532, 0.47818845847667446, 0.551661135423434, 0.5375432766429612, 0.5327327590248483, 0.5436617896109585, 0.5530382512534833, 0.5131991640491504, 0.5307857467445712, 0.5386613601353597, 0.526550907105907, 0.5459736546019839]
safe reward list [0.0, 0.0, 0.0, 0.0, 0.0, 0.0, 0.0, 0.0, 0.0, 0.0, 0.0, 0.0, 0.0, 0.0, 0.0, 0.0, 0.0, 0.0, 0.0, 0.0, 0.0, 0.0, 0.0, 0.0, 0.0, 0.0, 0.0, 0.0, 0.0, 0.0, 0.0, 0.0, 0.0, 0.0, 0.0, 0.0, 0.0, 0.0, 0.0, 0.0, 0.0, 0.0, 0.0, 0.0, 0.0, 0.0, 0.0, 0.0, 0.0, 0.0, 0.0, 0.0, 0.0, 0.0, 0.0, 0.0, 0.0, 0.0, 0.0, 0.0, 0.0, 0.0, 0.0, 0.0, 0.0, 0.0, 0.0, 0.0, 0.0, 0.0, 0.0, 0.0, 0.0, 0.0, 0.0, 0.0, 0.0, 0.0, 0.0, 0.0, 0.0, 0.0, 0.0, 0.0, 0.0, 0.0, 0.0, 0.0, 0.0, 0.0, 0.0, 0.0, 0.0, 0.0, 0.0, 0.0, 0.0, 0.0, 0.0, 0.0, 0.0, 0.0, 0.0, 0.0, 0.0, 0.0, 0.0, 0.0, 0.0, 0.0, 0.0, 0.0, 0.0, 0.0, 0.0, 0.0, 0.0, 0.0, 0.0, 0.0, 0.0, 0.0, 0.0, 0.0, 0.0, 0.0, 0.0, 0.0, 0.0, 0.0, 0.0, 0.0, 0.0, 0.0, 0.0, 0.0, 0.0, 0.0, 0.0, 0.0, 0.0, 0.0, 0.0, 0.0, 0.0, 0.0, 0.0, 0.0, 0.0, 0.0, 0.0, 0.0, 0.0, 0.0, 0.0, 0.0, 0.0, 0.0, 0.0, 0.0, 0.0, 0.0, 0.0, 0.0, 0.0, 0.0, 0.0, 0.0, 0.0, 0.0, 0.0, 0.0, 0.0, 0.0, 0.0, 0.0, 0.0, 0.0, 0.0, 0.0, 0.0, 0.0, 0.0, 0.0, 0.0, 0.0, 0.0, 0.0, 0.0, 0.0, 0.0, 0.0, 0.0, 0.0, 0.0, 0.0, 0.0, 0.0, 0.0, 0.0]
speed list [15.460261746639818, 14.9991669215046, 14.890614376496682, 15.078338349506653, 14.996876332864565, 15.220446199532493, 14.410178303085212, 15.201005838493195, 15.045092775454508, 14.684563356971399, 15.103116088946779, 14.88820045486637, 14.871460368216885, 15.126285857030433, 15.101933175222703, 15.353888633736885, 14.688168965305222, 14.800262985726189, 14.810647699214663, 14.849548700518053, 15.097606514133192, 15.148905865244885, 15.169993903045816, 15.38440699535996, 15.071409998546951, 15.140552171082064, 15.234470891265161, 15.152482215380363, 15.354148084334195, 14.979723341814646, 14.8774754689444, 15.048696067620142, 15.427204860387635, 14.934806146906036, 15.195167589390257, 15.039272997894823, 15.130668072404518, 15.0626479471575, 14.909132416040135, 15.166387068798983, 15.20378555855031, 15.128053491746863, 15.32929514198789, 14.902239844367863, 15.113716374183596, 15.18474703334367, 14.906526028184532, 15.029210513737496, 15.240727584405313, 15.134100616980298, 15.226760625257885, 15.206024616466012, 15.298844284977003, 14.735933104013762, 15.248666824938264, 14.94238838415747, 14.99978823518384, 15.16179170056214, 15.194931544454928, 15.145274547143496, 14.880927553876548, 14.898333348349952, 14.069104784743613, 15.229209166981384, 15.114955712750195, 15.076877915332947, 15.01356744620062, 15.008876480065878, 15.273737190781146, 14.956311360676125, 15.176935825990101, 14.970872585105159, 15.228916681099076, 15.182798639458191, 15.205185575450775, 15.169326381101088, 15.121710248119841, 15.118849975894085, 15.330081831573656, 15.17139187149276, 15.05672512558338, 15.075558949323925, 15.007497741291191, 15.185159483301645, 15.3230076199586, 15.148011286152311, 15.084493595045533, 15.229874240688234, 15.06025776014681, 15.289214326513587, 15.191533316740273, 15.095486670101687, 14.91725659180387, 15.083613193747388, 15.03231434784693, 15.107647113818414, 15.104981294867175, 15.23174798592142, 15.234984223795214, 15.032928197897927, 15.023221673814636, 15.273151107399148, 15.046580519151219, 14.905026706813556, 14.840179170819969, 15.004307999437927, 15.161036590176481, 14.771790539755038, 15.121290484534724, 15.259827060778937, 15.13176493671171, 15.244881654175527, 15.279998450698116, 15.09080856827624, 14.611128753851087, 15.10470287037947, 14.985664278927434, 15.013356521839148, 15.06536849862104, 14.970862640658554, 14.934218124176343, 14.890138321570042, 15.187871214793716, 15.095739455827713, 14.790828292408472, 15.013350898681402, 15.05436076664471, 14.900696536853362, 15.111640215891917, 15.221503669934458, 14.990118765613394, 15.226770089166461, 15.148437231723165, 15.056396872408058, 15.021159235809652, 15.203450638600616, 15.024721823126887, 14.958190307121358, 15.116153130161159, 15.041180044925516, 15.133233483173631, 14.912673721879447, 15.09645280616468, 14.703681060101163, 15.32324222600741, 14.983534902288108, 15.20831370971727, 15.186624573108038, 15.26314547060012, 14.686976109485677, 15.160728182869052, 15.085270332143415, 15.396540214704181, 15.149687711514598, 15.137687791819978, 14.94118423613445, 15.114645295656283, 14.98023825617356, 14.600136274398862, 14.851166664098155, 15.154273450088613, 14.912665354577099, 14.99075729520812, 14.957750235238018, 14.959551849229872, 15.116855603225929, 15.092071475911652, 15.304989720589731, 15.117332054931051, 14.984664401935545, 15.317410268415388, 15.344369497619015, 15.081522493290592, 15.179792226790347, 14.968570394717357, 15.163525882764855, 15.117718184581596, 14.961079992352479, 14.935472796068051, 15.251447405141443, 15.114256340112387, 15.113103974826242, 14.803440551316472, 15.027376742447583, 14.969208335092196, 14.95186943822481, 15.060154083120864, 15.1764995959543, 14.927277118073162, 14.310236678863284, 14.99966871487634, 15.119093592012783, 15.173797580525555, 15.201618676170286, 15.056913889537766, 14.863665190085287, 15.024190514672203, 15.234765156720911, 15.142964234917617, 14.998505900211148]
ec list [59.58315968703656, 58.77707446284411, 57.938586379155176, 57.579358912775604, 57.38479654486638, 57.36043060179284, 57.91580036354176, 57.367590210079236, 57.42562505450545, 57.47830725244265, 57.430673267802824, 57.714458996127725, 57.634007160308286, 57.46175399610266, 57.50055079533735, 57.612733741707615, 57.3660407467944, 57.16139493105475, 57.261669641801625, 57.86482101459035, 57.60253791734254, 57.473505463160556, 57.34673038599318, 57.19848496189178, 57.462113868798895, 57.28925687274591, 57.248696073138774, 57.32652195226052, 57.30916984593039, 57.40662983902355, 57.447982396623026, 57.39089734348935, 57.273535011320284, 57.094160655744396, 57.467758345095675, 57.20920550827232, 57.23514659411915, 57.24886854139238, 57.495774576567186, 57.287673245487156, 57.30682862468473, 57.38042578356476, 57.300828552838645, 57.368712337271, 57.169796014225284, 57.34080379396914, 57.06189266449316, 57.33692182971784, 57.269151225893864, 57.53328152037056, 57.57022040068178, 57.409433386881, 57.51830463794897, 57.52185119570117, 57.429321515554115, 57.406782608020286, 57.51058136533134, 56.99889957958197, 57.38090594812127, 57.34799269229174, 57.42018810389839, 57.45027726561907, 58.3172472139625, 57.643315835976594, 57.152988129777725, 57.339236969715095, 57.424805605590706, 57.17467696870938, 57.321445229641064, 57.29595398658367, 57.53567634116893, 57.11364269499595, 57.34065764938918, 57.44793190612867, 57.19221128520774, 57.58796258016419, 57.20972162922732, 57.37718537822266, 57.131154834699515, 57.235523335255664, 57.70472178547906, 57.45812601246395, 57.46453312283694, 57.31488776604265, 57.036773691114576, 57.603253540784344, 57.29917548693511, 57.40106766458173, 57.40276034432126, 57.05085180565345, 57.37301558924146, 57.53022973010941, 57.41473351993979, 57.3191076814621, 57.40346813897319, 57.62936708533709, 57.29222564613181, 57.378026811458554, 57.34325208555073, 57.26187105381006, 57.47793408966095, 57.44914806192576, 57.20797552000976, 57.3070931132398, 57.197939782430346, 57.39290873135924, 57.390076729842804, 57.30213039627159, 57.341095693903235, 57.377630883387155, 57.36662763555081, 57.409800959798396, 57.546577311360174, 57.0653011447325, 57.61346944318734, 57.47018893068218, 57.29055476914665, 57.47468243502891, 57.61428590160045, 57.26461968556708, 57.43879942646212, 57.470217805657335, 57.34413194274637, 57.2377914110818, 57.14547493229792, 57.4301574847708, 57.3672002090405, 57.37690130884685, 57.25917218231569, 57.339404052035086, 57.151946553719235, 57.364667419186134, 57.19654916456017, 57.45133073032656, 57.117025069632916, 57.13858430727428, 57.38519418494911, 57.601754093013646, 57.37195594309798, 57.473383401019795, 57.32932753661168, 57.30903115143261, 57.819630542710584, 57.38936274750436, 57.23601428764698, 57.4733305970311, 57.2168672264612, 57.43420702060319, 57.30613024173919, 56.91417353260463, 57.20580683637706, 57.3149711401832, 57.68799212774086, 57.40352514209684, 57.55268127973744, 57.28609131576346, 57.36928210306257, 57.52288044218844, 57.82343488930973, 57.32147109478323, 57.57418217899979, 57.28583187297389, 57.02003169472038, 57.40293688837454, 57.23908383057448, 57.23229419105257, 57.29593133746177, 57.41526355861439, 57.344212313498126, 57.333724100718875, 57.55469964160905, 57.27348252874099, 57.24076508798367, 57.39967641022006, 57.26162117793423, 57.48293156196336, 57.25522148098542, 57.59644790742249, 57.27376187394762, 57.23047496629959, 57.42615648107075, 57.44214560203717, 57.176592383145966, 57.344301803486736, 57.40038692613239, 57.26904880382759, 57.313399915380415, 57.431022359407216, 57.39612433552826, 57.45047119219532, 57.339544027980054, 57.50212875357639, 57.56888041310389, 57.28708883067154, 57.272816053172825, 57.48333748398869, 57.26466799262762, 57.336544100262145, 57.388257064749226, 57.44939662679199]
jerk list [0.13105696943730027, 0.39745876846002387, 0.3894935269376244, 0.40341869592042656, 0.3807851113513474, 0.36380187086186094, 0.3730388839102136, 0.3599537492562875, 0.3773525938486633, 0.39162108155475284, 0.3863276879984592, 0.4076622748911746, 0.4135778308579644, 0.37832532425078225, 0.38560411140296497, 0.3726560115323376, 0.38785089711869547, 0.3892680245178077, 0.39273695080716287, 0.3977731184504897, 0.3916490655204885, 0.3806418524708934, 0.38004584469325314, 0.36929014166602686, 0.3918052853219654, 0.3715553699129675, 0.36062246014407423, 0.3734429774984824, 0.3664728287837507, 0.37831022512073226, 0.3834629614957651, 0.3750312514398485, 0.35360642130834097, 0.3716688032606021, 0.37306018850519224, 0.36898268897682657, 0.37836012080275044, 0.37607829205023663, 0.38261501787941893, 0.3657591837465401, 0.3725750317830305, 0.36440837837839535, 0.3652257542740052, 0.3875960123975499, 0.38272766362535354, 0.3721614924053635, 0.3775364250648105, 0.3859703756026299, 0.38044781309210235, 0.38759699025578487, 0.38010092623061487, 0.3732834406946292, 0.3833832262230766, 0.39024325202983856, 0.3813941522360437, 0.40081863920363003, 0.3885098793219992, 0.37230724340783516, 0.3869001386341109, 0.4049114968291799, 0.4056077522255695, 0.41263800718726934, 0.3941760298938054, 0.38541023391593254, 0.38030239797935206, 0.3951970398318939, 0.39096957485469697, 0.3965992537897881, 0.38336679207600083, 0.4028261426365079, 0.39451790793696756, 0.39080222478113785, 0.394390202925659, 0.3901584528895113, 0.3910344290631463, 0.3946649980048817, 0.3895981250577104, 0.39904321689077016, 0.3733372842261119, 0.3849709540294062, 0.4099827725948625, 0.39000037346699673, 0.40080845742519233, 0.3862354526868101, 0.38015521374492556, 0.411023164212823, 0.39525030272255196, 0.4103184508037025, 0.4103078174505468, 0.3753018601156898, 0.39022299036140995, 0.41443322814716804, 0.4127326427689706, 0.3956952657717124, 0.40566015013244905, 0.41459917626117443, 0.4058906586509696, 0.39865888946089995, 0.39052826802702917, 0.4181453799520662, 0.4176459708724182, 0.38695984160556596, 0.39922606883269374, 0.41060080812159233, 0.40115232275290436, 0.4054088907866869, 0.40875996858129804, 0.42032178010609944, 0.40916877275116387, 0.3916551601932863, 0.40643365237964785, 0.3979936027919123, 0.4022361636501615, 0.4069051618458748, 0.4043500720177995, 0.4102254171089704, 0.4077514986878819, 0.4087326994766575, 0.4237304055430576, 0.4164969777054051, 0.4213852996811563, 0.42310424281191633, 0.4125724407874202, 0.3965510814199837, 0.41975471967791494, 0.4170562286503627, 0.4098704287573718, 0.4185111887422309, 0.385736000207716, 0.39223442415896037, 0.4059611813042475, 0.4170764443464324, 0.4015926981620272, 0.42698980431815076, 0.4069395379143306, 0.39889123100948326, 0.40302959874260746, 0.4152999452407218, 0.424715304001299, 0.3949804602345385, 0.4100486508193502, 0.4202784130784256, 0.43333624317972164, 0.4235439590241927, 0.3909040477451344, 0.39902333479424945, 0.396800923481853, 0.40676541763506574, 0.3936997754757662, 0.40208351014105675, 0.38897056134751884, 0.4162914697626556, 0.4147582557103821, 0.4063161239930691, 0.4108535231991319, 0.39918169103897366, 0.40349763140714223, 0.40552909684565464, 0.4154169730316152, 0.4115588120649372, 0.3988642426043944, 0.3887841544335289, 0.41410270211049494, 0.40626988765794103, 0.41195764221859105, 0.4007571351292908, 0.4010991913455675, 0.3868464729535119, 0.39874556070726935, 0.3964046113258773, 0.398647656830054, 0.39473816014038676, 0.4063661092677721, 0.4023434954904157, 0.419144871008193, 0.3978870253142681, 0.3956807585780498, 0.4124748063703125, 0.40400301943850747, 0.3915265923928322, 0.4136402789672042, 0.40910290990078363, 0.4031291951200251, 0.4091140390187106, 0.41680676361144864, 0.4203788929856673, 0.40007282010550693, 0.41058119933462783, 0.4185630402004514, 0.4234445855732064, 0.4116283356412486, 0.41813837465464493, 0.4061773021069763, 0.40647640110111694, 0.41317619132687583, 0.42326482491789996, 0.4179980709233344, 0.4093382391507526, 0.41848481866480025, 0.42404745544382505]