
Env:SUMO, Algorithm:MADDPG, Device:cuda:0
-----------------------------------------
{'algo': 'MADDPG', 'env': 'SUMO', 'seedVal': 20150427, 'gamma': 0.7, 'epsilon': 0.001, 'critic_lr': 0.005, 'actor_lr': 0.0001, 'memory_capacity': 1000000, 'batch_size': 512, 'train_eps': 40, 'eval_eps': 10, 'epsilon_start': 3, 'max_speed': 28, 'target_update': 4, 'hidden_dim': 256, 'soft_tau': 0.001, 'max_action': 2, 'device': device(type='cuda', index=0), 'simulation_steps': 3600, 'pathToSumoFiles': 'rou_net2_single', 'model_dest_path': 'models/', 'model_dest_path_leader': 'single_acce2_speed_8_', 'model_dest_path_follow': '', 'logName': '_acce2_speed_8_gamma0.700000_tua0.001000.txt', 'procID': 0}
seed 20150427
当前的gamma是0.7, 当前的soft tau是0.001
-----------------------------------------
model saved successfully!
Complete training!
final reward list:[-0.5951138898140002, 0.13838429060821159, 0.40880397551612285, 0.44090196011854926, 0.4369136047607564, 0.452481773800609, 0.465345564163142, 0.4124348179884075, 0.4376705562633648, 0.4126203459725357, 0.44232028989544725, 0.4720643029395388, 0.4450502329826933, 0.45704807999911756, 0.4447581507295292, 0.42660792754861443, 0.46151170207376646, 0.4819192833834084, 0.428335919233794, 0.43057216438277446, 0.4206993162191666, 0.444774600295285, 0.4433062682710774, 0.4532263315635919, 0.46541675223450674, 0.4395680870837569, 0.44447692920528764, 0.4397495349977564, 0.47553628993136754, 0.4474979938668796, 0.46458206204883185, 0.44370885636449237, 0.46705519840833615, 0.43988661200289314, 0.4420523513450652, 0.45604897978510217, 0.45425905430357855, 0.45739097655508265, 0.44661684803490337, 0.4538921485535331]
final halt list:[10.695500523194978, 0.37611477316789454, 0.020105820105820106, 0.000711997152011392, 0.007008483954260421, 0.009615384615384616, 0.008984375, 0.011483550589695841, 0.0007062146892655367, 0.00030111412225233364, 0.004995316890415236, 0.0, 0.0, 0.001466275659824047, 0.0, 0.007471049682480389, 0.0014566642388929353, 0.0, 0.0, 0.00234192037470726, 0.0, 0.0, 0.01012555690562981, 0.0, 0.0, 0.0, 0.0, 0.0, 0.0, 0.0, 0.0, 0.0, 0.003290826820238585, 0.004864489228630994, 0.000304228780042592, 0.0, 0.0, 0.0057405281285878304, 0.01507338357794526, 0.0]
speed reward list:[0.0, 0.0, 0.0, 0.0, 0.0, 0.0, 0.0, 0.0, 0.0, 0.0, 0.0, 0.0, 0.0, 0.0, 0.0, 0.0, 0.0, 0.0, 0.0, 0.0, 0.0, 0.0, 0.0, 0.0, 0.0, 0.0, 0.0, 0.0, 0.0, 0.0, 0.0, 0.0, 0.0, 0.0, 0.0, 0.0, 0.0, 0.0, 0.0, 0.0]
tls reward list:[-0.0009395099862315242, -0.00190336301338738, -0.0013246414910846045, -0.0012319519600766757, -0.0012233258027022312, -0.0011699844073691777, -0.0010861563316569242, -0.0010784460025887296, -0.0011472146376640784, -0.0009989113035543348, -0.0010381226512640388, -0.0010229722929611506, -0.001128444409242668, -0.0009632831855683648, -0.001111908881409034, -0.001073620739537936, -0.0011115683063966544, -0.0010104937946910373, -0.0010843364855848572, -0.001039345846877011, -0.0009639234635613737, -0.0010450909746527845, -0.0010554249302083087, -0.00108364649312022, -0.0010442325001317097, -0.001002772519237582, -0.0010767023658441938, -0.0010617793162883554, -0.0010243580151301662, -0.0010068207700423516, -0.000964751414472363, -0.0009814773866201807, -0.0011047424957020882, -0.0010417068048346719, -0.000996689752489931, -0.0009680105172436532, -0.0009863815309101964, -0.000877691251316338, -0.000958835618528923, -0.0009799093795521763]
target reward list:[-0.5941743798277686, 0.14028765362159895, 0.4101286170072074, 0.442133912078626, 0.43813693056345865, 0.4536517582079782, 0.466431720494799, 0.4135132639909962, 0.43881777090102897, 0.41361925727609006, 0.4433584125467113, 0.47308727523249994, 0.446178677391936, 0.4580113631846859, 0.44587005961093823, 0.4276815482881523, 0.4626232703801632, 0.48292977717809943, 0.4294202557193789, 0.43161151022965144, 0.42166323968272795, 0.44581969126993776, 0.4443616932012857, 0.45430997805671214, 0.46646098473463843, 0.44057085960299447, 0.44555363157113187, 0.4408113143140447, 0.47656064794649766, 0.448504814636922, 0.46554681346330423, 0.4446903337511126, 0.46815994090403823, 0.44092831880772776, 0.44304904109755516, 0.4570169903023458, 0.4552454358344887, 0.458268667806399, 0.4475756836534323, 0.4548720579330853]
safe reward list [0.0, 0.0, 0.0, 0.0, 0.0, 0.0, 0.0, 0.0, 0.0, 0.0, 0.0, 0.0, 0.0, 0.0, 0.0, 0.0, 0.0, 0.0, 0.0, 0.0, 0.0, 0.0, 0.0, 0.0, 0.0, 0.0, 0.0, 0.0, 0.0, 0.0, 0.0, 0.0, 0.0, 0.0, 0.0, 0.0, 0.0, 0.0, 0.0, 0.0]
speed list [9.892997856806701, 15.461203832934716, 15.739774799810105, 15.904017305120627, 15.591429140293997, 15.79524059919513, 16.051011203008695, 15.938903575211373, 15.976898071428913, 15.802283197824035, 16.109071215637936, 16.243930181606338, 15.532956837282041, 16.21699261344893, 15.726806861511013, 15.843012364556728, 15.973418008736248, 16.15164015919202, 15.728980234259124, 15.974206752173139, 16.017611329922925, 16.046704760796995, 16.015014468343686, 15.822662658559903, 15.978036024903078, 16.15593889582358, 16.05011206382089, 15.78500163648525, 16.1836319573492, 16.027002750428426, 15.879347465776974, 16.1107011075473, 15.68057121780755, 15.868047563747366, 16.007761023440242, 15.898769884068358, 16.15533191419925, 16.265302011842287, 16.212117433188503, 15.817068363590854]
ec list [66.20376434278641, 60.40047525593128, 58.795042760784206, 58.09288006477482, 58.31296345474166, 58.26123213247246, 58.52990491638391, 58.31123220901804, 58.33029388755113, 58.5570390038111, 58.843588994294855, 58.673950914967, 58.23085476323831, 58.29989962197837, 58.14373222989045, 58.048899881205685, 58.07279393388222, 58.64728489734752, 58.052057764036036, 58.23745855556652, 58.51502808662318, 58.204483151576795, 58.2494416886498, 58.37923843167862, 58.30984940842731, 58.258588842340544, 57.958566933307225, 58.16864684330977, 58.01590730772365, 58.22877771284487, 57.994719241762596, 58.05741193949982, 58.22097806566963, 58.24241590148204, 58.28226083014954, 57.81768296035505, 57.9206918161826, 58.25974259122459, 58.20666198319492, 57.83826227063301]
jerk list [0.13497227973077064, 0.30563102388452407, 0.38575626836969024, 0.37938134493224795, 0.39582216943503296, 0.3744691546359538, 0.3403984935560344, 0.3441086191475806, 0.3566050288367676, 0.35407194185094293, 0.332926987089172, 0.32340822342750514, 0.3786513554612857, 0.31889200463692047, 0.3646076121568452, 0.35307468974496214, 0.3455557573640149, 0.34501082673002675, 0.367749359447222, 0.34668467889124327, 0.35132604890026387, 0.3376050325781705, 0.3543974889703846, 0.36469807913234026, 0.3512429206652989, 0.3389186664820873, 0.349157820169318, 0.37334509594898185, 0.3372043958140782, 0.3405338809331911, 0.35380872573436933, 0.343529991107642, 0.36795571706788305, 0.3559140397094872, 0.33327566530441866, 0.3468792239255637, 0.3446801685194582, 0.3272019562671838, 0.33434188812389554, 0.3470666494178581]