
Env:SUMO, Algorithm:MADDPG, Device:cuda:0
-----------------------------------------
{'algo': 'MADDPG', 'env': 'SUMO', 'seedVal': 20150427, 'gamma': 0.8, 'epsilon': 0.001, 'critic_lr': 0.005, 'actor_lr': 0.0001, 'memory_capacity': 1000000, 'batch_size': 512, 'train_eps': 40, 'eval_eps': 10, 'epsilon_start': 3, 'max_speed': 28, 'target_update': 4, 'hidden_dim': 256, 'soft_tau': 0.005, 'max_action': 2, 'device': device(type='cuda', index=0), 'simulation_steps': 3600, 'pathToSumoFiles': 'rou_net2_single', 'model_dest_path': 'models/', 'model_dest_path_leader': 'single_acce2_speed_8_', 'model_dest_path_follow': '', 'logName': '_acce2_speed_8_gamma0.800000_tua0.005000.txt', 'procID': 6}
seed 20150427
当前的gamma是0.8, 当前的soft tau是0.005
-----------------------------------------
model saved successfully!
Complete training!
final reward list:[-0.5963411162222936, 0.05569666714651553, 0.4351082651608931, 0.45038600939188783, 0.43523247653357783, 0.4551746908015445, 0.46037428148854537, 0.43207282330936586, 0.4632732364226193, 0.4331112172857416, 0.4501007418923462, 0.4791975570397408, 0.436740020331946, 0.4702546290123512, 0.43661278334769577, 0.44627948363324416, 0.4469557813145449, 0.4737867017384851, 0.4150011514654687, 0.44506594720777637, 0.43549341528710656, 0.44231780010278837, 0.4290032262333235, 0.43556153607298315, 0.4559571478731168, 0.4500898019800019, 0.42260008394960874, 0.4378399515172249, 0.47241523714117645, 0.44968067240502435, 0.4575122946450781, 0.456506178801473, 0.4625581661902616, 0.4163197808796657, 0.43752924126046394, 0.43163669932709453, 0.4517250155740051, 0.43411197218357456, 0.4633701141145213, 0.4540570209265487]
final halt list:[13.538890826648064, 0.6003868471953578, 0.023960535588442564, 0.0010672358591248667, 0.0018443378827001106, 0.00038446751249519417, 0.003125, 0.0, 0.0, 0.0, 0.0, 0.0, 0.0, 0.0, 0.0018181818181818182, 0.010459469555472544, 0.0, 0.0, 0.024514811031664963, 0.0, 0.0, 0.0, 0.0032401782098015392, 0.0, 0.0003714710252600297, 0.0, 0.0, 0.0010608203677510608, 0.0, 0.0, 0.0, 0.0, 0.0, 0.0010420284821118443, 0.0, 0.0006668889629876625, 0.0, 0.0019127773527161439, 0.012688342585249802, 0.0]
speed reward list:[0.0, 0.0, 0.0, 0.0, 0.0, 0.0, 0.0, 0.0, 0.0, 0.0, 0.0, 0.0, 0.0, 0.0, 0.0, 0.0, 0.0, 0.0, 0.0, 0.0, 0.0, 0.0, 0.0, 0.0, 0.0, 0.0, 0.0, 0.0, 0.0, 0.0, 0.0, 0.0, 0.0, 0.0, 0.0, 0.0, 0.0, 0.0, 0.0, 0.0]
tls reward list:[-0.0009486963300989085, -0.001826432761423513, -0.001279578946844169, -0.001261425308488406, -0.0012913029753009086, -0.0011151120448767758, -0.0010453666447959114, -0.001048007693533911, -0.0010796775592118244, -0.0009354223516294193, -0.0009654887788254458, -0.0009534828264701052, -0.001075599331133244, -0.0009515005159920488, -0.0010629195560831184, -0.0010217247415261986, -0.001061268751173091, -0.0009942915370954165, -0.001026169073412498, -0.0009130471000286223, -0.0009084588939910875, -0.001019622130309154, -0.0010187084464057074, -0.001009971541133581, -0.0010452354761900523, -0.0009593644871628847, -0.00100669253535049, -0.0010218193473396256, -0.0010340921065644512, -0.0010350975582415112, -0.0009319276671192663, -0.0009461862184205415, -0.0010650229299338425, -0.0010070350293439252, -0.000992021466233978, -0.0009481645940623168, -0.0009608578259862348, -0.0008705486884781245, -0.00092793166892028, -0.0009823944246411436]
target reward list:[-0.5953924198921946, 0.05752309990793906, 0.43638784410773734, 0.4516474347003761, 0.4365237795088786, 0.45628980284642123, 0.46141964813334135, 0.43312083100289983, 0.46435291398183115, 0.43404663963737106, 0.45106623067117174, 0.4801510398662108, 0.4378156196630792, 0.47120612952834323, 0.4376757029037789, 0.44730120837477033, 0.448017050065718, 0.47478099327558054, 0.41602732053888114, 0.44597899430780497, 0.43640187418109766, 0.4433374222330976, 0.43002193467972916, 0.43657150761411656, 0.457002383349307, 0.45104916646716475, 0.4236067764849592, 0.4388617708645645, 0.47344932924774086, 0.45071576996326584, 0.45844422231219734, 0.4574523650198936, 0.46362318912019546, 0.4173268159090096, 0.4385212627266979, 0.4325848639211568, 0.4526858733999914, 0.43498252087205264, 0.4642980457834416, 0.4550394153511898]
safe reward list [0.0, 0.0, 0.0, 0.0, 0.0, 0.0, 0.0, 0.0, 0.0, 0.0, 0.0, 0.0, 0.0, 0.0, 0.0, 0.0, 0.0, 0.0, 0.0, 0.0, 0.0, 0.0, 0.0, 0.0, 0.0, 0.0, 0.0, 0.0, 0.0, 0.0, 0.0, 0.0, 0.0, 0.0, 0.0, 0.0, 0.0, 0.0, 0.0, 0.0]
speed list [7.572902642606513, 15.41384591288539, 15.628457314082459, 15.871049210332137, 15.560674337247923, 15.801683177221523, 16.035933361877564, 15.920669730273893, 15.962729675001883, 15.784944820652617, 16.0681094128852, 16.225112195969654, 15.50483043598815, 16.214598357039858, 15.727468373955698, 15.816598845580735, 15.93659342932687, 16.130008450955422, 15.668320579761604, 15.917459991180854, 16.005684354961573, 16.02710909841521, 15.988788412916223, 15.777749008621752, 16.002864317496694, 16.138381295883356, 16.031305855426506, 15.737315366312384, 16.152865698352866, 16.013986026266945, 15.85805868703886, 16.09475902146212, 15.684262748069008, 15.871197025179802, 16.026168121333914, 15.900425438611535, 16.144637137187456, 16.24717132807796, 16.22212385322272, 15.820767857675786]
ec list [73.08607404490412, 60.071466247086676, 59.00809275514655, 58.22690101485354, 58.643339478590725, 58.25203460701345, 58.476577252918815, 58.432061702562805, 58.30874001719729, 58.47633893681694, 58.7982627261378, 58.55790119778864, 58.08303803633452, 58.34160693833456, 58.04605653884744, 58.00656922809684, 58.108260034267204, 58.68951106830028, 58.10699679566116, 58.148506451622296, 58.33162007386753, 58.41331480868732, 58.31219959276101, 58.33072159518142, 58.19395537040587, 58.13256486210023, 57.86145732772922, 58.102556643095284, 58.126978047275635, 58.279801276167454, 57.91919091590824, 58.006624952634915, 58.049999744612585, 58.183915098433886, 58.066991093706044, 57.8580580043462, 57.84976385876808, 58.269890693274306, 58.213008331483344, 57.90584020974142]
jerk list [0.2482795223009434, 0.2876383589706775, 0.43717889192016846, 0.4078405284355604, 0.417289149436129, 0.39578237537986694, 0.35700011820534777, 0.3567570417897411, 0.37500069445334644, 0.35048541396488725, 0.3362660334886857, 0.3288534738183955, 0.37134668194894277, 0.3292200865917684, 0.35995988481212265, 0.36126400419398425, 0.3485797663294137, 0.34773292667943173, 0.36307786201520215, 0.33630745467671724, 0.3437452484733058, 0.35312705067085187, 0.3476295975033467, 0.36282619596534343, 0.3529216047784248, 0.34074241582038295, 0.3461468177457747, 0.3692738278081513, 0.33776177354816467, 0.34511104544048876, 0.35513066098884105, 0.34064081483905356, 0.3557639939603925, 0.3521806488348734, 0.3250549789228661, 0.33850345580427765, 0.3227795898296168, 0.3244527332306984, 0.3316042845019661, 0.342435010062437]