
Env:SUMO, Algorithm:MADDPG, Device:cuda:1
-----------------------------------------
{'algo': 'MADDPG', 'env': 'SUMO', 'seedVal': 20150427, 'gamma': 0.999, 'epsilon': 0.001, 'critic_lr': 0.005, 'actor_lr': 0.0001, 'memory_capacity': 1000000, 'batch_size': 512, 'train_eps': 40, 'eval_eps': 10, 'epsilon_start': 3, 'max_speed': 28, 'target_update': 4, 'hidden_dim': 256, 'soft_tau': 0.05, 'max_action': 2, 'device': device(type='cuda', index=1), 'simulation_steps': 3600, 'pathToSumoFiles': 'rou_net2_single', 'model_dest_path': 'models/', 'model_dest_path_leader': 'single_acce2_speed_8_', 'model_dest_path_follow': '', 'logName': '_acce2_speed_8_gamma0.999000_tua0.050000.txt', 'procID': 23}
seed 20150427
当前的gamma是0.999, 当前的soft tau是0.05
-----------------------------------------
model saved successfully!
Complete training!
final reward list:[-0.7343449026718747, -0.3584727664100734, -0.44590602667540996, -0.1525998316698509, 0.045184607002838995, 0.14105389956920225, 0.2038798561889964, 0.1601644186580927, 0.18792770910224596, 0.2542760558920142, 0.3091007155326404, 0.3557284978804368, 0.28770434916017934, 0.3196800642914586, 0.35821562966458803, 0.18856246759282244, -0.28392386478212533, 0.044543375476189716, 0.1730159397987795, -0.3721146919474249, -0.189038108713464, -0.631133849707046, -0.4889607205343088, -0.7796970361580423, -0.7189972358341556, -0.3057854517916151, -0.24448313969299454, -0.32249963036949164, -0.2529931306895131, -0.23394333365543898, -0.24488490706524507, -0.3276525753736277, -0.3458855209388625, -0.3319961062236579, -0.3005774664599229, -0.2270536827019845, -0.6935530078425186, -0.5686564605648443, -0.7400658538490115, -0.770492925180781]
final halt list:[8.678033794162827, 1.563623545999295, 38.929538354737936, 0.5585648962363701, 0.4922566371681416, 0.23867996930161167, 0.16810007818608289, 0.21036301582376668, 0.18566890222379104, 0.05222088835534214, 0.015552099533437015, 0.009001161440185831, 0.13930163447251115, 0.07001166861143523, 0.003633720930232558, 0.11926605504587157, 20.845821325648416, 0.25084745762711863, 0.06457009033121446, 28.01129779837775, 3.6231330323028828, 10.491262613832143, 3.0219224283305226, 141.5487071977638, 105.74195544554455, 0.9626986701265001, 1.2580527086383602, 1.3095909732016926, 1.1099020674646354, 1.1472253680634201, 1.2071688942891858, 1.1776173285198557, 1.4868529170090385, 1.2169550173010382, 0.8983940704138357, 1.2692179700499169, 7.574937810945274, 16.840714551544472, 55.77112542629784, 131.51368037042235]
speed reward list:[0.0, 0.0, 0.0, 0.0, 0.0, 0.0, 0.0, 0.0, 0.0, 0.0, 0.0, 0.0, 0.0, 0.0, 0.0, 0.0, 0.0, 0.0, 0.0, 0.0, 0.0, 0.0, 0.0, 0.0, 0.0, 0.0, 0.0, 0.0, 0.0, 0.0, 0.0, 0.0, 0.0, 0.0, 0.0, 0.0, 0.0, 0.0, 0.0, 0.0]
tls reward list:[-0.0004881290334460631, -0.0013357430853661253, -0.0011844682669745455, -0.0015011770116896246, -0.001832662029818534, -0.0019851409512378782, -0.0016137756669845215, -0.0018012590238673512, -0.0017373201433242202, -0.0013582593756444837, -0.0016029020565466122, -0.0013746203931096028, -0.0013590942097012962, -0.0012423575396895926, -0.0013905679957964383, -0.0014526845818742314, -0.0009592933059229834, -0.0016586482782361617, -0.0016129908271794852, -0.001372322242721287, -0.0014994654746090994, -0.0004997562336949037, -0.0008842283245288024, -0.0002741757663269274, -0.0005666460981903944, -0.0018870483618224736, -0.0014103238777527824, -0.0014638708779749355, -0.0014542754773376092, -0.0013089380547403086, -0.001382477123611348, -0.0014541339169008036, -0.0014897513897734276, -0.001484402784795941, -0.001443188430647379, -0.0014249382982572244, -0.0007461391348643468, -0.0015135122661915873, -0.0005442828654190506, -0.00024464534982404765]
target reward list:[-0.7338567736384285, -0.35713702332470726, -0.44472155840843536, -0.1510986546581613, 0.04701726903265753, 0.1430390405204401, 0.205493631855981, 0.16196567768196005, 0.1896650292455702, 0.2556343152676587, 0.310703617589187, 0.3571031182735464, 0.28906344336988066, 0.3209224218311483, 0.35960619766038454, 0.19001515217469667, -0.2829645714762022, 0.046202023754425885, 0.17462893062595897, -0.37074236970470353, -0.1875386432388549, -0.6306340934733511, -0.48807649220977994, -0.7794228603917156, -0.7184305897359652, -0.3038984034297927, -0.24307281581524173, -0.3210357594915167, -0.25153885521217545, -0.23263439560069868, -0.24350242994163368, -0.3261984414567269, -0.34439576954908907, -0.3305117034388619, -0.29913427802927556, -0.22562874440372727, -0.692806868707654, -0.5671429482986527, -0.7395215709835923, -0.7702482798309569]
safe reward list [0.0, 0.0, 0.0, 0.0, 0.0, 0.0, 0.0, 0.0, 0.0, 0.0, 0.0, 0.0, 0.0, 0.0, 0.0, 0.0, 0.0, 0.0, 0.0, 0.0, 0.0, 0.0, 0.0, 0.0, 0.0, 0.0, 0.0, 0.0, 0.0, 0.0, 0.0, 0.0, 0.0, 0.0, 0.0, 0.0, 0.0, 0.0, 0.0, 0.0]
speed list [9.282227733936182, 15.692838431915753, 4.710682891320846, 14.187729829908907, 15.24181653552789, 15.720440935683309, 16.04223992675715, 15.961834149171452, 15.829605469849746, 15.408569721706069, 15.609677458568356, 15.598728230556695, 14.720537472733449, 15.407577810940333, 15.541161180635864, 15.583582779781057, 7.593623577329015, 13.489581980468085, 14.4547278336458, 5.424489762948013, 10.504974765745457, 8.011645674770943, 12.957203539588201, 0.48046889569362783, 1.130080060543801, 15.043533097383786, 16.072444281896065, 15.919606284137213, 16.278883223238488, 16.302938551067324, 15.834659282279523, 16.01187940615252, 16.04415935711636, 16.118699152886013, 16.276083802601057, 15.892708609509706, 5.846855622431572, 5.954463597928216, 2.393830489291727, 1.014998106696669]
ec list [65.95159184222463, 59.86143535385709, 102.60369235800715, 58.908215290640435, 59.56930168887948, 59.97523109024535, 59.60784251194256, 59.94614016741239, 59.662188262060226, 59.30196787363489, 60.23500494106735, 59.887634795610055, 59.460102188630096, 59.74209501449047, 59.14451969334049, 58.86207222532391, 87.8324580303796, 61.54194067442042, 60.41885662323471, 98.33237906847114, 67.24297413530418, 65.10662982626413, 65.41884997736958, 364.3103354216987, 196.22688383133948, 61.6217441646479, 59.47637805919231, 59.847990699785534, 59.4689636575978, 59.523599416882746, 59.917783432381206, 59.87425445434668, 59.67389733346778, 59.9667457342446, 59.90587384455279, 59.79176505087196, 75.62679317720395, 86.81412645636775, 182.72471844097032, 338.3644331365948]
jerk list [0.16389014575486327, 0.10112105227794886, 0.27250572160023157, 0.30861248537955016, 0.276994818058887, 0.3406208643457172, 0.2861178277435908, 0.38408235973738103, 0.39601823056474406, 0.4307526613783764, 0.5566886616329085, 0.5396406571579978, 0.49660321287309955, 0.5045667966770218, 0.5505504419759116, 0.4461158619359392, 0.3367273780192543, 0.6613335714965712, 0.6733658565330821, 0.45079829287806683, 0.5286394167382558, 0.24721247237688196, 0.1748437373539856, 0.1106854375639873, 0.13127481453642773, 0.2093248071628721, 0.10113948907661, 0.1028458952585396, 0.10065367009460628, 0.09460715059586756, 0.09930631301779115, 0.09894971172647517, 0.09901401719415173, 0.09797911278286421, 0.09520827731514467, 0.1038981876944319, 0.597711022673439, 0.4190532663612001, 0.24617364117436796, 0.11325783245915083]