
Env:SUMO, Algorithm:MADDPG, Device:cuda:0
-----------------------------------------
{'algo': 'MADDPG', 'env': 'SUMO', 'seedVal': 20150427, 'gamma': 0.9, 'epsilon': 0.001, 'critic_lr': 0.005, 'actor_lr': 0.0001, 'memory_capacity': 1000000, 'batch_size': 512, 'train_eps': 40, 'eval_eps': 10, 'epsilon_start': 3, 'max_speed': 28, 'target_update': 4, 'hidden_dim': 256, 'soft_tau': 0.1, 'max_action': 2, 'device': device(type='cuda', index=0), 'simulation_steps': 3600, 'pathToSumoFiles': 'rou_net2_single', 'model_dest_path': 'models/', 'model_dest_path_leader': 'single_acce2_speed_8_', 'model_dest_path_follow': '', 'logName': '_acce2_speed_8_gamma0.900000_tua0.100000.txt', 'procID': 14}
seed 20150427
当前的gamma是0.9, 当前的soft tau是0.1
-----------------------------------------
model saved successfully!
Complete training!
final reward list:[-0.7708232305016767, -0.3104585006299971, -0.27115100238502116, -0.24219657524119212, -0.31907669108741704, -0.24370586594417817, -0.19472527860065106, -0.26504926196769896, -0.2582235001874529, -0.28235922419894866, -0.24767721560836806, -0.28994442363628975, -0.398502947343613, -0.23347380495928746, -0.3189135726302482, -0.3635584732169263, -0.3043571597409406, -0.32753921699216343, -0.32158847097544485, -0.288426157814133, -0.23156138833840761, -0.28719934801881486, -0.2508320256068883, -0.30333873465463634, -0.3224930071686677, -0.3355323151306515, -0.24505160388137406, -0.3209878802012398, -0.25979929372482363, -0.2317967291316984, -0.24755840284692424, -0.32845911654506604, -0.3443696702638079, -0.33108791575643126, -0.29978904237894827, -0.2535975513643978, -0.19364602804442144, -0.24152459177408955, -0.21068975627010095, -0.2557931736887079]
final halt list:[5.795514127585203, 1.6250971250971251, 1.2268258426966292, 1.1884779516358464, 1.5517495395948435, 1.4744721689059501, 1.107073075420086, 1.0495509445648807, 1.2050269299820466, 0.7154447115384616, 0.7521021488632824, 0.8032116788321167, 1.5131086142322097, 0.7950819672131147, 1.2664008698803915, 1.4815367400223798, 1.0985454545454545, 1.0575321725965179, 1.3480475382003396, 0.9438432290143317, 1.0393198724760893, 1.0347169811320756, 1.0048465266558966, 1.3369565217391304, 0.9988888888888889, 0.8932511356262167, 1.2444200512257593, 1.2764456981664316, 1.1120783460282917, 1.146525679758308, 1.2086877278250303, 1.1566787003610108, 1.490139687756779, 1.216534071255621, 0.8953057442865967, 1.2267343485617597, 1.1512039660056657, 0.863914373088685, 1.0312995245641838, 1.2750540735400144]
speed reward list:[0.0, 0.0, 0.0, 0.0, 0.0, 0.0, 0.0, 0.0, 0.0, 0.0, 0.0, 0.0, 0.0, 0.0, 0.0, 0.0, 0.0, 0.0, 0.0, 0.0, 0.0, 0.0, 0.0, 0.0, 0.0, 0.0, 0.0, 0.0, 0.0, 0.0, 0.0, 0.0, 0.0, 0.0, 0.0, 0.0, 0.0, 0.0, 0.0, 0.0]
tls reward list:[-0.00026301634301081775, -0.001483808273367515, -0.0014345587089206015, -0.0014073430490675685, -0.0014893112582071203, -0.001397282067413217, -0.0013453853002046619, -0.0013314964667248894, -0.0014083003633316206, -0.001408640698277451, -0.001364191092909197, -0.0014544604858394582, -0.001566858994905749, -0.0013622480839151933, -0.0014329679029895645, -0.0015298816834306518, -0.0014470435320078873, -0.0014780854756940478, -0.0014947149027341037, -0.0013898662147771215, -0.0012954583210583266, -0.0014040427801698882, -0.0013668446793542685, -0.001424900478248283, -0.0015197330858295764, -0.0015496845379871118, -0.0013987323833843897, -0.001457561108001963, -0.0014598067254516566, -0.0013124544903618724, -0.0013919162180738261, -0.0014433495815371195, -0.001489643661330295, -0.0014918225031606866, -0.0014400739831210946, -0.0013220017351605491, -0.0013563872786074092, -0.00135655623289059, -0.0013657579529889054, -0.0014145050366738937]
target reward list:[-0.7705602141586658, -0.3089746923566295, -0.26971644367610054, -0.2407892321921245, -0.3175873798292099, -0.242308583876765, -0.1933798933004464, -0.2637177655009741, -0.2568151998241212, -0.2809505835006712, -0.2463130245154589, -0.2884899631504503, -0.39693608834870725, -0.23211155687537227, -0.31748060472725864, -0.3620285915334957, -0.3029101162089326, -0.3260611315164694, -0.32009375607271073, -0.28703629159935584, -0.23026593001734932, -0.285795305238645, -0.249465180927534, -0.301913834176388, -0.3209732740828381, -0.33398263059266436, -0.24365287149798967, -0.3195303190932378, -0.258339486999372, -0.2304842746413365, -0.24616648662885043, -0.32701576696352885, -0.3428800266024776, -0.3295960932532706, -0.29834896839582714, -0.2522755496292373, -0.1922896407658141, -0.24016803554119898, -0.20932399831711204, -0.254378668652034]
safe reward list [0.0, 0.0, 0.0, 0.0, 0.0, 0.0, 0.0, 0.0, 0.0, 0.0, 0.0, 0.0, 0.0, 0.0, 0.0, 0.0, 0.0, 0.0, 0.0, 0.0, 0.0, 0.0, 0.0, 0.0, 0.0, 0.0, 0.0, 0.0, 0.0, 0.0, 0.0, 0.0, 0.0, 0.0, 0.0, 0.0, 0.0, 0.0, 0.0, 0.0]
speed list [8.119538657195701, 15.720883292587324, 16.104233589118923, 15.985489706801006, 15.748824926302262, 15.87470103861193, 16.1335658658217, 16.229936589300483, 16.10625431122274, 16.07480833322072, 16.223190491979548, 16.307076799929824, 15.771918524839577, 16.388049847111066, 15.899105806245878, 15.798065127519179, 16.258007931577023, 16.24041106822388, 15.811045518116401, 16.160163327883133, 16.045363262270936, 16.145101701505066, 16.238169990344467, 16.013197268719203, 16.178507857626087, 15.978162485782258, 16.098207414324133, 15.989270356621654, 16.281419274084538, 16.300398499278238, 15.84103034238701, 16.033354480824737, 16.054041359375617, 16.112739034836643, 16.277348390664187, 16.022406458922195, 16.176708808596697, 16.25914042364635, 16.16277123367834, 15.967252561004928]
ec list [62.88361982817178, 59.91437144545596, 59.54385147929321, 59.152155666611684, 59.972894935882266, 59.601408106219594, 59.68739926905969, 59.691230809127994, 59.611423844771075, 60.17183967120468, 60.48578411041324, 60.290057858754146, 59.655432852145736, 59.66228626004198, 59.73497196193108, 59.9295192008717, 59.52331441737803, 60.374326235296614, 59.745733919423664, 59.74763903622958, 60.1961534679665, 59.77359510510721, 59.81351066469236, 59.78123082997791, 59.7995415444517, 60.37076764959971, 59.44336303245863, 59.82744354635275, 59.50557405131096, 59.45076571898719, 59.945210856388556, 59.71336782880103, 59.72889439434347, 59.84330492199044, 59.919862588948426, 59.73219225161151, 59.3965243844247, 60.15124334378748, 60.108125756217014, 59.49674571151397]
jerk list [0.1351353747952714, 0.10196691801975606, 0.09748619923378464, 0.10278239307234519, 0.09998570215195123, 0.10089897932152549, 0.09609203166931213, 0.09524060144133739, 0.1028485141349459, 0.09539133621681904, 0.09340348512375553, 0.09608004149715292, 0.09968007897339369, 0.09373699079345399, 0.1004978006942473, 0.10245176617262712, 0.09573856031222902, 0.09651360772056412, 0.10161458223185975, 0.09561569737431677, 0.09557054701539142, 0.10072747003131663, 0.09612729785489414, 0.10063662666999718, 0.0968932583144075, 0.09700085716931699, 0.09686245958500884, 0.10206618192969036, 0.09992670029222948, 0.09345821466861025, 0.09886443792973518, 0.09722457383217191, 0.09888329885946476, 0.09784282220885858, 0.09468265596560646, 0.09996740629745281, 0.09881160639776514, 0.09740802911891805, 0.09803257874285168, 0.10199961537909416]