
Env:SUMO, Algorithm:MADDPG, Device:cuda:0
-----------------------------------------
{'algo': 'MADDPG', 'env': 'SUMO', 'seedVal': 20150427, 'gamma': 0.9, 'epsilon': 0.001, 'critic_lr': 0.005, 'actor_lr': 0.0001, 'memory_capacity': 1000000, 'batch_size': 512, 'train_eps': 40, 'eval_eps': 10, 'epsilon_start': 3, 'max_speed': 28, 'target_update': 4, 'hidden_dim': 256, 'soft_tau': 0.001, 'max_action': 2, 'device': device(type='cuda', index=0), 'simulation_steps': 3600, 'pathToSumoFiles': 'rou_net2_single', 'model_dest_path': 'models/', 'model_dest_path_leader': 'single_acce2_speed_8_', 'model_dest_path_follow': '', 'logName': '_acce2_speed_8_gamma0.900000_tua0.001000.txt', 'procID': 10}
seed 20150427
当前的gamma是0.9, 当前的soft tau是0.001
-----------------------------------------
model saved successfully!
Complete training!
final reward list:[-0.6935133077390326, 0.007981803032379562, 0.37329900226082635, 0.4160552365514939, 0.4195437600182059, 0.45954799608664226, 0.4365517879900924, 0.4296088231319474, 0.42843123104216113, 0.43308355011828836, 0.4400221051146426, 0.4672823051496069, 0.4409340331693161, 0.4396774560466391, 0.43955205688669974, 0.43875104023239725, 0.4467337334983796, 0.47990001784298314, 0.4467215588960722, 0.44722191820556023, 0.44380001918126033, 0.4432197987409867, 0.44593753874182507, 0.4435637438933661, 0.4586632418980547, 0.4638706882835279, 0.4519526201799516, 0.45625580325783044, 0.4621879848186684, 0.45396579797791176, 0.46969211456969917, 0.43611250380910055, 0.4435167157248079, 0.4461588039879983, 0.4470328996322988, 0.4649298267414395, 0.45406909837716153, 0.4414739493231145, 0.45873115225464967, 0.4413766361794044]
final halt list:[18.11230305062018, 0.7056545313710302, 0.017618040873854827, 0.03275186899252403, 0.0029498525073746312, 0.009615384615384616, 0.0035197497066875244, 0.0, 0.0, 0.0, 0.0, 0.0, 0.0, 0.0, 0.0, 0.0033619723571161747, 0.0, 0.0, 0.0, 0.0, 0.0, 0.0, 0.0, 0.0, 0.0, 0.0, 0.0, 0.0031835868411743897, 0.0, 0.0, 0.0, 0.0, 0.01934156378600823, 0.0024313997915943034, 0.0, 0.0, 0.0, 0.0007648183556405354, 0.006349206349206349, 0.0003620564808110065]
speed reward list:[0.0, 0.0, 0.0, 0.0, 0.0, 0.0, 0.0, 0.0, 0.0, 0.0, 0.0, 0.0, 0.0, 0.0, 0.0, 0.0, 0.0, 0.0, 0.0, 0.0, 0.0, 0.0, 0.0, 0.0, 0.0, 0.0, 0.0, 0.0, 0.0, 0.0, 0.0, 0.0, 0.0, 0.0, 0.0, 0.0, 0.0, 0.0, 0.0, 0.0]
tls reward list:[-0.00047149136157979257, -0.00184829679840313, -0.001329305075170237, -0.001382607436728498, -0.0013532859359053665, -0.001149701927294663, -0.0010917152973970712, -0.0010883322541220524, -0.001074913890296702, -0.0009283446862468199, -0.0009873067086450854, -0.0010435423334266443, -0.0010968477307000733, -0.000986096937965927, -0.0011060478040682228, -0.0010775817824692571, -0.001108810252878501, -0.0010326069993258317, -0.001072976425595612, -0.0009934437586537673, -0.0009685551472762197, -0.0010326098836532292, -0.001030583020189559, -0.0010543267872860393, -0.0010589743641845172, -0.000976129211162867, -0.0010067583008521823, -0.0010603458836748517, -0.001040974533560478, -0.001020898984737989, -0.000945165512694889, -0.0009809458446127471, -0.001092613364368854, -0.0010185559783058213, -0.0009738577239911603, -0.000915967128439077, -0.0009433890896919035, -0.0008983778339983799, -0.0009422199739570285, -0.0009677541218392155]
target reward list:[-0.6930418163774527, 0.009830099830782672, 0.3746283073359966, 0.4174378439882225, 0.42089704595411126, 0.46069769801393684, 0.4376435032874894, 0.4306971553860695, 0.4295061449324578, 0.4340118948045352, 0.44100941182328773, 0.4683258474830335, 0.4420308809000161, 0.4406635529846051, 0.44065810469076794, 0.4398286220148665, 0.44784254375125804, 0.4809326248423089, 0.44779453532166785, 0.448215361964214, 0.4447685743285365, 0.4442524086246399, 0.4469681217620146, 0.444618070680652, 0.4597222162622392, 0.4648468174946907, 0.45295937848080375, 0.45731614914150526, 0.46322895935222896, 0.4549866969626497, 0.4706372800823941, 0.4370934496537132, 0.4446093290891768, 0.44717735996630403, 0.44800675735629, 0.4658457938698787, 0.45501248746685347, 0.44237232715711294, 0.45967337222860666, 0.44234439030124356]
safe reward list [0.0, 0.0, 0.0, 0.0, 0.0, 0.0, 0.0, 0.0, 0.0, 0.0, 0.0, 0.0, 0.0, 0.0, 0.0, 0.0, 0.0, 0.0, 0.0, 0.0, 0.0, 0.0, 0.0, 0.0, 0.0, 0.0, 0.0, 0.0, 0.0, 0.0, 0.0, 0.0, 0.0, 0.0, 0.0, 0.0, 0.0, 0.0, 0.0, 0.0]
speed list [6.877848492682953, 15.573772993052449, 15.739934949122429, 15.816182303108901, 15.568053728191844, 15.810200603038878, 16.028182501092868, 15.939788099699769, 15.936363817703352, 15.774164809284512, 16.037996538316264, 16.197241690393174, 15.521697614556569, 16.21301091030241, 15.724386989413143, 15.85344905691624, 15.960433593555042, 16.139263339657063, 15.727317075612621, 15.953990068424982, 16.023347129962687, 16.051295719819134, 16.0167162508473, 15.8254459238241, 16.006784690370953, 16.168143465561705, 16.044410086844312, 15.79807806270421, 16.185989181192557, 16.017542689770334, 15.882927247209409, 16.110717729142163, 15.652582329603955, 15.89998222596355, 16.03264819487053, 15.868135955550775, 16.144497457745327, 16.262640815096496, 16.222952479665974, 15.818724047881727]
ec list [75.85028142747156, 60.34977337843082, 58.848684733320276, 58.424635073443284, 58.63722525056711, 58.269520596094594, 58.383354386666184, 58.53788092825071, 58.3514199083059, 58.43814144737886, 58.925931482980076, 58.84686437046099, 58.2586471470938, 58.426678294063805, 58.002448543593474, 58.03572749312746, 58.19318797750236, 58.62394589149651, 58.15180317517107, 58.198114160766536, 58.454195225446426, 58.28099505629773, 58.20854978722468, 58.29813031372102, 58.30884271714507, 58.211528993744, 57.80034473509701, 58.157170739056426, 57.987331897339, 58.26148576311752, 57.93142683180144, 58.05160164488853, 58.239527748396476, 58.193754777416466, 58.17936570537945, 57.866474145078875, 57.877987104131186, 58.38708039006357, 58.16273543085528, 57.89734059658006]
jerk list [0.14249681618652496, 0.23555069513820978, 0.38704406304450695, 0.38132521012435033, 0.42051723114407363, 0.39915087016650225, 0.3456177317973333, 0.3566386855427476, 0.3615019540221264, 0.34354331777691804, 0.33231789575639153, 0.3497405808675165, 0.3863098463113399, 0.3275526637605217, 0.35919617592616543, 0.3421609325127084, 0.34729386814113444, 0.3415900342743015, 0.3742537885512747, 0.3399639285195158, 0.3447935100903604, 0.34826488895619434, 0.3440122833182105, 0.3584965343560747, 0.34795194268303625, 0.3330984365651591, 0.3375118975811645, 0.36165824204666186, 0.34035061816456014, 0.3500010881851235, 0.34863414491571726, 0.3345150422018004, 0.36562957568410825, 0.3460161228830958, 0.3314422100857693, 0.34209395477865445, 0.33736893089412184, 0.33289518525521616, 0.33303866666956583, 0.32888776770935835]