
Env:SUMO, Algorithm:MADDPG, Device:cuda:0
-----------------------------------------
{'algo': 'MADDPG', 'env': 'SUMO', 'seedVal': 20150427, 'gamma': 0.999, 'epsilon': 0.001, 'critic_lr': 0.005, 'actor_lr': 0.0001, 'memory_capacity': 1000000, 'batch_size': 512, 'train_eps': 40, 'eval_eps': 10, 'epsilon_start': 3, 'max_speed': 28, 'target_update': 4, 'hidden_dim': 256, 'soft_tau': 0.1, 'max_action': 2, 'device': device(type='cuda', index=0), 'simulation_steps': 3600, 'pathToSumoFiles': 'rou_net2_single', 'model_dest_path': 'models/', 'model_dest_path_leader': 'single_acce2_speed_8_', 'model_dest_path_follow': '', 'logName': '_acce2_speed_8_gamma0.999000_tua0.100000.txt', 'procID': 24}
seed 20150427
当前的gamma是0.999, 当前的soft tau是0.1
-----------------------------------------
model saved successfully!
Complete training!
final reward list:[-0.5845927198221796, -0.3708661663881851, -0.16694311169982506, -0.06316808664722849, 0.11058554451449414, 0.11977805649794412, -0.10907726586855303, -0.6364913485029448, -0.3757308559411444, -0.505095887845865, -0.2442730974314731, -0.29021663582270885, -0.39832981725243016, -0.2341288250815592, -0.31674599581941276, -0.3612324631340703, -0.3003119599099101, -0.3115323638660727, -0.3241547362691721, -0.28748375365423223, -0.23489334340706647, -0.2858750338508983, -0.23994664429203477, -0.30482972563966093, -0.32443328621331924, -0.3297042465353093, -0.24286253523186893, -0.32189473770195454, -0.255920521157324, -0.23237487055769535, -0.24717509155961942, -0.32605424077266737, -0.3458906511065891, -0.33214057617353204, -0.3042852448958267, -0.26303225682746195, -0.19281897696785746, -0.2428358692755121, -0.2071286028025876, -0.2601078233677237]
final halt list:[9.401676563045756, 1.595945945945946, 1.4156739811912227, 2.550337958022056, 0.2685355957211361, 0.24971537001897534, 0.7302388160107636, 72.61284046692607, 17.621037463976947, 3.2142427884615383, 0.7517907194020554, 0.7890739117732983, 1.5118021730985387, 0.7947892271662763, 1.266497461928934, 1.4804177545691906, 1.0817884405670666, 1.0215745647236942, 1.3482688391038697, 0.9461673493270919, 1.0216082182075805, 1.035458317615994, 0.9826332794830371, 1.3380434782608697, 0.9837037037037037, 0.8929614012325657, 1.2408491947291362, 1.27574047954866, 1.10917664127675, 1.1460928652321631, 1.207043108682453, 1.158540989526905, 1.5139687756778966, 1.232871972318339, 0.8974358974358975, 1.2457684495599188, 1.166784702549575, 0.849388379204893, 1.0285261489698891, 1.281283808150018]
speed reward list:[0.0, 0.0, 0.0, 0.0, 0.0, 0.0, 0.0, 0.0, 0.0, 0.0, 0.0, 0.0, 0.0, 0.0, 0.0, 0.0, 0.0, 0.0, 0.0, 0.0, 0.0, 0.0, 0.0, 0.0, 0.0, 0.0, 0.0, 0.0, 0.0, 0.0, 0.0, 0.0, 0.0, 0.0, 0.0, 0.0, 0.0, 0.0, 0.0, 0.0]
tls reward list:[-0.0008259475525174376, -0.0013392101000500127, -0.0018399436232082568, -0.002638981173831726, -0.0024449448400890184, -0.0018484200135556802, -0.001392212864620517, -0.0007678472988102949, -0.0013816984396158513, -0.0007014462391362469, -0.001349858892632993, -0.0014477800486454551, -0.0015636874715663906, -0.0013626147102237514, -0.0014289593718727711, -0.0015242919036547572, -0.0014491316499990678, -0.001439209213709075, -0.0015001584150956813, -0.0013914726746284216, -0.0012953669350294983, -0.0014004213043825823, -0.001351497801976465, -0.0014230670105896252, -0.0015181857806162878, -0.0015371533567105045, -0.0013860709205194754, -0.0014612108370463774, -0.001444549284878879, -0.0013050255092406213, -0.0013871937896950243, -0.0014544233067448902, -0.001483514087619043, -0.0014849725275269694, -0.0014341068631769528, -0.0013583298821900917, -0.001365764718512006, -0.0013480034192527486, -0.0013604257771555274, -0.001416742753275138]
target reward list:[-0.5837667722696622, -0.3695269562881351, -0.1651031680766168, -0.06052910547339679, 0.11303048935458317, 0.1216264765114998, -0.1076850530039325, -0.6357235012041342, -0.37434915750152853, -0.5043944416067287, -0.2429232385388401, -0.28876885577406336, -0.3967661297808637, -0.23276621037133544, -0.31531703644754, -0.3597081712304156, -0.298862828259911, -0.31009315465236353, -0.32265457785407636, -0.2860922809796038, -0.233597976472037, -0.28447461254651574, -0.2385951464900583, -0.30340665862907124, -0.32291510043270294, -0.32816709317859877, -0.2414764643113495, -0.3204335268649081, -0.25447597187244514, -0.23106984504845474, -0.2457878977699244, -0.3245998174659225, -0.3444071370189701, -0.33065560364600505, -0.3028511380326498, -0.2616739269452719, -0.19145321224934542, -0.24148786585625928, -0.2057681770254321, -0.2586910806144485]
safe reward list [0.0, 0.0, 0.0, 0.0, 0.0, 0.0, 0.0, 0.0, 0.0, 0.0, 0.0, 0.0, 0.0, 0.0, 0.0, 0.0, 0.0, 0.0, 0.0, 0.0, 0.0, 0.0, 0.0, 0.0, 0.0, 0.0, 0.0, 0.0, 0.0, 0.0, 0.0, 0.0, 0.0, 0.0, 0.0, 0.0, 0.0, 0.0, 0.0, 0.0]
speed list [9.635210264359369, 15.612410720890471, 12.978323980702026, 12.131948681577676, 15.509078312634408, 15.300721540535584, 16.211426852256906, 2.143275715059041, 7.4686214032028, 12.355658683422236, 16.218841108673725, 16.34601183574836, 15.765287777017942, 16.395604854607274, 15.900065117712776, 15.799188511030213, 16.276765907266604, 16.300070648541297, 15.811570452270622, 16.165059876145797, 16.080763275406024, 16.151791412641533, 16.276265428766383, 16.00747775547525, 16.21432693876868, 15.974631271447382, 16.1002215118842, 15.977045920462945, 16.278229933402248, 16.303417987064, 15.836599263330282, 16.042070734933226, 16.03272556156684, 16.086347814894545, 16.281411704639588, 15.990838606455679, 16.160629423105455, 16.30187109845832, 16.15928599148977, 15.966305127732806]
ec list [67.36943459772986, 60.12684875786687, 63.08029651276102, 64.69816727681369, 60.89505448841112, 59.46710718531191, 59.37673990448664, 145.36926917200265, 82.46795947190434, 61.51764600863827, 60.46167576124732, 60.25260021810582, 59.58283885404983, 59.76015724622866, 59.736509103407734, 59.95130452741562, 59.59910285567989, 60.33134437966089, 59.787236783437166, 59.73415956159724, 60.09223858259051, 59.790070845770984, 59.801277015370715, 59.86734433049202, 59.78048107678584, 60.243093338907926, 59.46106770699767, 59.72999385247521, 59.503599389703005, 59.5060030598817, 59.98870704523869, 59.87586983767829, 59.754491751024126, 59.845216253225296, 59.889046298465395, 59.75372811220973, 59.4344315397213, 60.03395159757206, 60.14982690037589, 59.4145517328665]
jerk list [0.16979687126564197, 0.10269233810178853, 0.4433087875177502, 0.4896683215695729, 0.42357504661168804, 0.35811612773962115, 0.1425720903807227, 0.20371894320157052, 0.3977838689518732, 0.1399614310948925, 0.09296189101935806, 0.0961073624282352, 0.10065157092357435, 0.09449607831376969, 0.10034939055105158, 0.10255659777461479, 0.09660701356889302, 0.09690946760157067, 0.10236664035838364, 0.0957370958117035, 0.095321781298858, 0.1016065949236687, 0.09545495921507223, 0.09941863538887379, 0.09800328108029295, 0.09765689717063292, 0.09944860834698337, 0.10085190370590437, 0.10009567458907098, 0.09522221271731553, 0.0990500106087994, 0.09992884468313178, 0.09898813030587285, 0.0978864738523617, 0.0947731415416781, 0.09886996407621314, 0.10018395838399947, 0.09765754957595091, 0.09965393736789468, 0.10212803209453489]