
Env:SUMO, Algorithm:MADDPG, Device:cuda:1
-----------------------------------------
{'algo': 'MADDPG', 'env': 'SUMO', 'seedVal': 20150427, 'gamma': 0.7, 'epsilon': 0.001, 'critic_lr': 0.005, 'actor_lr': 0.0001, 'memory_capacity': 1000000, 'batch_size': 512, 'train_eps': 40, 'eval_eps': 10, 'epsilon_start': 3, 'max_speed': 28, 'target_update': 4, 'hidden_dim': 256, 'soft_tau': 0.005, 'max_action': 2, 'device': device(type='cuda', index=1), 'simulation_steps': 3600, 'pathToSumoFiles': 'rou_net2_single', 'model_dest_path': 'models/', 'model_dest_path_leader': 'single_acce2_speed_8_', 'model_dest_path_follow': '', 'logName': '_acce2_speed_8_gamma0.700000_tua0.005000.txt', 'procID': 1}
seed 20150427
当前的gamma是0.7, 当前的soft tau是0.005
-----------------------------------------
model saved successfully!
Complete training!
final reward list:[-0.7967558895296288, -0.766453806197165, -0.27095447275406337, -0.1579710219602848, 0.13621006940965114, 0.38255992350079643, 0.46566356273763837, 0.4221310632916855, 0.44456249098813483, 0.4456804783397783, 0.42930198457173896, 0.47909201457488165, 0.44263048554044854, 0.45121777647981903, 0.4414629223179406, 0.4551820350440309, 0.44340006021901257, 0.46211896618901255, 0.4498385808589961, 0.43926090114911265, 0.4334205993662426, 0.4503330187946519, 0.43648864134445803, 0.4359967830846652, 0.4706840067227854, 0.47728985287013714, 0.4511873027356051, 0.44569589434076495, 0.4574126416744041, 0.4533017385249439, 0.45833328403525336, 0.44707705226254546, 0.45038621790190997, 0.45280434833333444, 0.447343065846215, 0.4500555204446031, 0.45278165917684515, 0.46150455563347226, 0.45511087258111205, 0.4498334065484303]
final halt list:[7.157447401421207, 7.036407766990291, 1.2116532116532117, 1.2661462029808375, 0.49041297935103245, 0.030384615384615385, 0.017584994138335287, 0.0, 0.0, 0.0, 0.014678326046221112, 0.0, 0.0, 0.0, 0.0, 0.015315651849084797, 0.0, 0.0, 0.0, 0.0, 0.0, 0.0, 0.0, 0.0, 0.0, 0.0, 0.0, 0.0014149274849663955, 0.0, 0.0, 0.0, 0.0, 0.0, 0.0020847810979847115, 0.0, 0.0, 0.0, 0.0, 0.016653449643140365, 0.0]
speed reward list:[0.0, 0.0, 0.0, 0.0, 0.0, 0.0, 0.0, 0.0, 0.0, 0.0, 0.0, 0.0, 0.0, 0.0, 0.0, 0.0, 0.0, 0.0, 0.0, 0.0, 0.0, 0.0, 0.0, 0.0, 0.0, 0.0, 0.0, 0.0, 0.0, 0.0, 0.0, 0.0, 0.0, 0.0, 0.0, 0.0, 0.0, 0.0, 0.0, 0.0]
tls reward list:[-5.592213372873756e-05, -0.0003523447514039483, -0.001426839816603627, -0.0015846529044511342, -0.001740127811783078, -0.0013168589603201964, -0.0011391298768851327, -0.001220476491200124, -0.001184093804466633, -0.0010359767684043099, -0.0010727595617927778, -0.0010427081251126954, -0.0012087635456763256, -0.0010500257852496392, -0.0011054449726456527, -0.0011203520410416044, -0.0011332376684840767, -0.0010580391652436748, -0.001076994078869369, -0.0010053894699683433, -0.0009979973669819277, -0.0010787068767424213, -0.0010832463093370863, -0.001067350908731214, -0.0010434431708959684, -0.0009769682721963088, -0.0010387120417201183, -0.001075031886486622, -0.001043909186652001, -0.0010459684958672377, -0.0009569984234038265, -0.0009748424855784224, -0.0010951617482171678, -0.0010094120662065894, -0.0009615302798528478, -0.0009616687578772631, -0.001000650826076734, -0.0009044032124065504, -0.0009399196967504838, -0.0009819911708243948]
target reward list:[-0.7966999673959, -0.7661014614457609, -0.26952763293745974, -0.1563863690558337, 0.1379501972214342, 0.3838767824611165, 0.46680269261452356, 0.42335153978288564, 0.4457465847926016, 0.4467164551081826, 0.4303747441335318, 0.4801347226999943, 0.44383924908612493, 0.4522678022650686, 0.4425683672905863, 0.4563023870850724, 0.4445332978874967, 0.4631770053542562, 0.45091557493786544, 0.44026629061908096, 0.4344185967332246, 0.4514117256713942, 0.43757188765379507, 0.4370641339933965, 0.47172744989368126, 0.47826682114233343, 0.4522260147773253, 0.44677092622725156, 0.45845655086105597, 0.4543477070208111, 0.4592902824586572, 0.44805189474812385, 0.45148137965012713, 0.453813760399541, 0.4483045961260678, 0.45101718920248035, 0.45378231000292185, 0.46240895884587896, 0.45605079227786255, 0.4508153977192547]
safe reward list [0.0, 0.0, 0.0, 0.0, 0.0, 0.0, 0.0, 0.0, 0.0, 0.0, 0.0, 0.0, 0.0, 0.0, 0.0, 0.0, 0.0, 0.0, 0.0, 0.0, 0.0, 0.0, 0.0, 0.0, 0.0, 0.0, 0.0, 0.0, 0.0, 0.0, 0.0, 0.0, 0.0, 0.0, 0.0, 0.0, 0.0, 0.0, 0.0, 0.0]
speed list [3.334002179424144, 6.868841092280054, 16.12803905998398, 15.598684601169431, 15.064885353768368, 15.703014585559494, 16.01746789590035, 15.953627577195071, 15.975618783326281, 15.808797734755624, 16.049763446066994, 16.23611705907321, 15.498870912693555, 16.21916093420937, 15.719116250346536, 15.84188831302768, 15.937782285921466, 16.093181442303223, 15.71744180967396, 15.950863421260285, 16.0119369210299, 16.047500180580403, 16.006373031245626, 15.815926131821525, 15.98033547258249, 16.149778597156715, 16.055293321868618, 15.784173400364258, 16.193221902506842, 16.01977624589935, 15.867613157222829, 16.100224699957444, 15.679349411110591, 15.884951062377437, 16.052848611771633, 15.892287550090654, 16.147874637668387, 16.250135000303388, 16.216357547911937, 15.816224343540116]
ec list [161.77894479722704, 68.36209839650726, 59.561590503301616, 59.71243219199127, 59.961601387068576, 58.733698009492, 58.70099855156638, 58.74450909307766, 58.53159602423107, 58.71968583145473, 58.99176781880428, 58.83957542529986, 58.42155688420001, 58.596413149311005, 58.31379160775928, 58.203444610287185, 58.37315927533365, 58.72942313435987, 58.13469171141247, 58.30321063515157, 58.61025317165103, 58.38030579683883, 58.408115420722076, 58.4531834623206, 58.24072079870847, 58.245983511961576, 57.94596371573707, 58.290964002057365, 58.10449255593534, 58.32026286766353, 57.9650148815059, 58.01147852864568, 58.25959460467362, 58.21931453872809, 58.095096418007955, 57.977583426617166, 58.10643239349553, 58.37456972101045, 58.26331224025722, 57.9459803447308]
jerk list [0.03937897941387213, 0.28771938128018903, 0.09718018992889804, 0.13263422260816943, 0.3009662568895717, 0.4151201189996574, 0.3762957623525536, 0.40098127103129194, 0.4111390038655738, 0.40122359056081336, 0.37189826417065414, 0.3592904475178135, 0.41367376712514276, 0.354663647817175, 0.39175849909722665, 0.3744896741139997, 0.36788912979141936, 0.35836862296209043, 0.39355893953940535, 0.3607757331291353, 0.36308503131462183, 0.3683439226670897, 0.37310007428298464, 0.38556924767090983, 0.36642008484686633, 0.35373085226320905, 0.35072639895503704, 0.39093650518399203, 0.3516375160054026, 0.35977997845981, 0.37190831252781814, 0.3506188412996274, 0.3842507086890429, 0.3693166605505413, 0.33980976931480444, 0.3552713549953388, 0.36395358712274933, 0.35168334414320085, 0.3462783856374302, 0.3541227731178976]