
Env:SUMO, Algorithm:MADDPG, Device:cuda:0
-----------------------------------------
{'algo': 'MADDPG', 'env': 'SUMO', 'seedVal': 20150427, 'gamma': 0.7, 'epsilon': 0.001, 'critic_lr': 0.005, 'actor_lr': 0.0001, 'memory_capacity': 1000000, 'batch_size': 512, 'train_eps': 40, 'eval_eps': 10, 'epsilon_start': 3, 'max_speed': 28, 'target_update': 4, 'hidden_dim': 256, 'soft_tau': 0.1, 'max_action': 2, 'device': device(type='cuda', index=0), 'simulation_steps': 3600, 'pathToSumoFiles': 'rou_net2_single', 'model_dest_path': 'models/', 'model_dest_path_leader': 'single_acce2_speed_8_', 'model_dest_path_follow': '', 'logName': '_acce2_speed_8_gamma0.700000_tua0.100000.txt', 'procID': 4}
seed 20150427
当前的gamma是0.7, 当前的soft tau是0.1
-----------------------------------------
model saved successfully!
Complete training!
final reward list:[-0.7656097330293947, -0.3045834235078216, -0.01401379178319121, 0.4044518142675055, 0.4324320449027839, 0.44636718511514617, 0.4513211255660104, 0.4207131035248253, 0.4515500289507105, 0.4402162565698427, 0.4481120175108138, 0.46828672218594086, 0.4359799892704766, 0.4486358985154164, 0.42402885836174703, 0.4291087946069318, 0.450553453213141, 0.47574935009229974, 0.445834580129189, 0.4494819077672024, 0.41247263418606006, 0.4436848209731165, 0.42324613168807723, 0.4205750772336841, 0.4611150360934088, 0.47747851518851947, 0.4581027662522338, 0.43995174887233074, 0.452640743787957, 0.4561396057411449, 0.46282064241216003, 0.44787376182552086, 0.44087983049908447, 0.43556290391172264, 0.4523444541233917, 0.4426515221633206, 0.47322162693408804, 0.4503293026934978, 0.4597826316452249, 0.4480154035092392]
final halt list:[7.410204400062412, 1.6114996114996114, 0.853178784685634, 0.01351832088224831, 0.0058997050147492625, 0.002306805074971165, 0.007809449433814916, 0.00031026993484331366, 0.0, 0.0, 0.0, 0.0, 0.0, 0.0, 0.0, 0.008961911874533234, 0.0, 0.0, 0.0, 0.0, 0.0, 0.0, 0.00850546780072904, 0.00035587188612099647, 0.0, 0.0, 0.00574300071787509, 0.0014149274849663955, 0.014166363966581911, 0.0, 0.0, 0.0, 0.0, 0.0006949270326615705, 0.0, 0.0013333333333333333, 0.0, 0.0, 0.01190003966679889, 0.0]
speed reward list:[0.0, 0.0, 0.0, 0.0, 0.0, 0.0, 0.0, 0.0, 0.0, 0.0, 0.0, 0.0, 0.0, 0.0, 0.0, 0.0, 0.0, 0.0, 0.0, 0.0, 0.0, 0.0, 0.0, 0.0, 0.0, 0.0, 0.0, 0.0, 0.0, 0.0, 0.0, 0.0, 0.0, 0.0, 0.0, 0.0, 0.0, 0.0, 0.0, 0.0]
tls reward list:[-0.0003086187428338519, -0.0014795620456126677, -0.0015781375445847602, -0.0014374737721538386, -0.0013064422367146968, -0.001232880471253163, -0.00111021085820839, -0.0011160856439392925, -0.001148643925175602, -0.0010317164733231986, -0.0010031449209582598, -0.0010560881214111935, -0.0011524221139242493, -0.0010108155527399601, -0.0011078317287691944, -0.0011311290843093271, -0.0011127714647442908, -0.001067169440693682, -0.001091477638402887, -0.0009892838114595225, -0.0009456431978672995, -0.0010693867778639283, -0.0010877746702171532, -0.0010672082198079204, -0.0010867451062945722, -0.0009646596345896248, -0.001064862396389005, -0.0010682584436683144, -0.00105539226153494, -0.001059427300471688, -0.0009693957171529796, -0.0009626597369583075, -0.001089559927252052, -0.001026835606325678, -0.0009964922533813804, -0.0009660401812239297, -0.0009680833364742632, -0.0009087613485157912, -0.0009797846318911362, -0.0009798728267542156]
target reward list:[-0.7653011142865609, -0.30310386146220897, -0.012435654238606427, 0.40588928803965924, 0.4337384871394986, 0.44760006558639936, 0.45243133642421873, 0.42182918916876466, 0.4526986728758861, 0.4412479730431659, 0.449115162431772, 0.46934281030735203, 0.43713241138440084, 0.4496467140681564, 0.4251366900905163, 0.4302399236912411, 0.4516662246778852, 0.4768165195329934, 0.44692605776759187, 0.45047119157866194, 0.4134182773839273, 0.4447542077509804, 0.4243339063582944, 0.4216422854534919, 0.46220178119970334, 0.47844317482310905, 0.45916762864862265, 0.441020007315999, 0.45369613604949194, 0.4571990330416166, 0.4637900381293131, 0.44883642156247916, 0.4419693904263365, 0.43658973951804836, 0.45334094637677314, 0.4436175623445445, 0.4741897102705622, 0.45123806404201355, 0.46076241627711606, 0.44899527633599345]
safe reward list [0.0, 0.0, 0.0, 0.0, 0.0, 0.0, 0.0, 0.0, 0.0, 0.0, 0.0, 0.0, 0.0, 0.0, 0.0, 0.0, 0.0, 0.0, 0.0, 0.0, 0.0, 0.0, 0.0, 0.0, 0.0, 0.0, 0.0, 0.0, 0.0, 0.0, 0.0, 0.0, 0.0, 0.0, 0.0, 0.0, 0.0, 0.0, 0.0, 0.0]
speed list [7.7746489093511615, 15.7216447317039, 15.767239156615979, 15.754451876191846, 15.526703266347987, 15.814527679054247, 16.01183165578145, 15.936693504544701, 15.969942758510548, 15.79614516059411, 16.082760951645138, 16.225712368071825, 15.557657379475422, 16.215341872760817, 15.691753064601537, 15.846166763362525, 15.954058834023808, 16.143522769797634, 15.704099394275982, 15.954737441703973, 16.012607852409012, 16.04409564177853, 16.001972882043315, 15.805564983952955, 16.0120002370647, 16.156945492441515, 16.04001936098035, 15.788904684599784, 16.186401714364106, 16.02239242109332, 15.8826239667521, 16.105153883603002, 15.679083526899776, 15.868536026653691, 16.028650740004025, 15.90305779929928, 16.147973271285426, 16.19926102520468, 16.221360895713417, 15.808116378602387]
ec list [76.69198511354674, 59.886304828239645, 59.91326658308594, 59.00534834165819, 58.93812494459079, 58.60236244832905, 58.750235523163205, 58.74403875004115, 58.46144769535968, 58.70139451735491, 58.951540299761454, 58.84627293745984, 58.319488723867316, 58.50735126633628, 58.086124118376794, 58.29358650892574, 58.22867860232321, 58.68276688734225, 58.15044830714936, 58.17021086464904, 58.438224571128934, 58.46284425546728, 58.350372026830364, 58.43450941401135, 58.46876753943308, 58.20520251546401, 57.92529096154472, 58.194622698095216, 58.08546929771136, 58.2830607652146, 57.998901982014644, 57.95359546874781, 58.17025556756885, 58.215707930327476, 58.13264136962582, 57.85833315507437, 57.9474676695977, 58.49920510195674, 58.30996051132337, 57.949247176023725]
jerk list [0.2712162440472279, 0.10397217563917675, 0.18253307103747285, 0.4399197259832109, 0.46765964790541215, 0.42654349625357296, 0.3886539614615225, 0.3935369223296267, 0.39722161614393164, 0.37243846329009644, 0.35716121786819394, 0.35285652384605515, 0.38341084455745905, 0.34664444984210396, 0.37972604502743174, 0.37262178506500326, 0.3681329784906161, 0.3579113698134041, 0.38577911802865894, 0.35124157287335106, 0.35997040319563633, 0.37092648391325084, 0.36252885249569106, 0.38732575680965103, 0.3710249026898413, 0.35220267276958117, 0.34334686546180543, 0.37238503286409624, 0.35047739955414964, 0.35124598567018533, 0.3629312317786552, 0.3522590595589297, 0.3738459823117558, 0.3574348292025694, 0.34482016186330255, 0.3504038624493268, 0.34702565290255677, 0.3672594728708091, 0.35091110709942525, 0.3496579274020345]