
Env:SUMO, Algorithm:MADDPG, Device:cuda:0
-----------------------------------------
{'algo': 'MADDPG', 'env': 'SUMO', 'seedVal': 20150427, 'gamma': 0.999, 'epsilon': 0.001, 'critic_lr': 0.005, 'actor_lr': 0.0001, 'memory_capacity': 1000000, 'batch_size': 512, 'train_eps': 40, 'eval_eps': 10, 'epsilon_start': 3, 'max_speed': 28, 'target_update': 4, 'hidden_dim': 256, 'soft_tau': 0.001, 'max_action': 2, 'device': device(type='cuda', index=0), 'simulation_steps': 3600, 'pathToSumoFiles': 'rou_net2_single', 'model_dest_path': 'models/', 'model_dest_path_leader': 'single_acce2_speed_8_', 'model_dest_path_follow': '', 'logName': '_acce2_speed_8_gamma0.999000_tua0.001000.txt', 'procID': 20}
seed 20150427
当前的gamma是0.999, 当前的soft tau是0.001
-----------------------------------------
model saved successfully!
Complete training!
final reward list:[-0.6435643639020375, -0.3153563351251646, -0.2707514246731585, -0.2629725660586467, -0.27432426070260413, 0.1394960775086656, 0.2219990309079124, 0.2671631897496581, 0.30941198614047866, 0.3550641366635591, 0.37886559755521065, 0.3875798592249315, 0.3961486218464941, 0.4199160285428953, 0.4032676064487768, 0.43347290155384877, 0.4212333271328683, 0.43822887750535616, 0.4137515122302323, 0.420659534283815, 0.40796670685431713, 0.4353591262812802, 0.42410289195427653, 0.4260434292247668, 0.4222512997210222, 0.4288611191020616, 0.36888040128605554, 0.3942836586481626, 0.40455792786887895, 0.37079353011904376, 0.4067012140918453, 0.4210658158364575, 0.415432438986525, 0.4214672095520862, 0.4335314994384445, 0.43181172219437197, 0.31195855769690484, 0.4442939207149521, 0.4601896008091679, 0.4721665571233758]
final halt list:[9.682960893854748, 1.6285936285936287, 1.2084942084942085, 4.2116532116532115, 10.810791104629967, 0.7905017234775948, 0.5254963020630595, 0.24151758173966686, 0.06993006993006994, 0.0, 0.0, 0.013375981389938936, 0.0, 0.0, 0.0, 0.022404779686333084, 0.0, 0.0003795066413662239, 0.0006791171477079797, 0.0, 0.0, 0.0, 0.016935483870967744, 0.0, 0.0, 0.0, 0.12964285714285714, 0.1352401129943503, 0.22551499819298879, 0.2035431586882774, 0.03647234678624813, 0.0014321518080916578, 0.13998357963875205, 0.03744798890429958, 0.0018231540565177757, 0.07951171230616957, 1.991209563994374, 0.004952380952380952, 0.01098901098901099, 0.0007207207207207207]
speed reward list:[0.0, 0.0, 0.0, 0.0, 0.0, 0.0, 0.0, 0.0, 0.0, 0.0, 0.0, 0.0, 0.0, 0.0, 0.0, 0.0, 0.0, 0.0, 0.0, 0.0, 0.0, 0.0, 0.0, 0.0, 0.0, 0.0, 0.0, 0.0, 0.0, 0.0, 0.0, 0.0, 0.0, 0.0, 0.0, 0.0, 0.0, 0.0, 0.0, 0.0]
tls reward list:[-0.0007261341302880444, -0.001487665874103359, -0.0014186995952787005, -0.0014717407462359999, -0.0014242927019435738, -0.0012391910594745244, -0.001324749118559566, -0.0014207618644331965, -0.0014252715994804083, -0.001115777201262399, -0.0010795325791919256, -0.0011499016501746102, -0.0012771962618037588, -0.0013112783787221972, -0.0014679470961972113, -0.0015361480196304292, -0.0016442857562105019, -0.001559016886363843, -0.0017241126268803606, -0.0014640574402160016, -0.0016678227174377117, -0.0017588822457864563, -0.0015803194050158574, -0.0015083688561883303, -0.0013825113547919665, -0.0011619076435994491, -0.0012203425789137625, -0.0011547837889286016, -0.0012276518595647431, -0.00127020123921916, -0.0014407886860778286, -0.001530304953884556, -0.0016303814272331562, -0.0014553613927350037, -0.001472071142699428, -0.001442728621952058, -0.0014471155790723852, -0.0013839546943331766, -0.0012659771373060033, -0.0012220444908663567]
target reward list:[-0.6428382297717496, -0.31386866925106127, -0.26933272507787975, -0.26150082531241076, -0.27289996800066063, 0.14073526856814014, 0.22332378002647205, 0.26858395161409127, 0.31083725773995907, 0.3561799138648215, 0.37994513013440256, 0.38872976087510613, 0.3974258181082978, 0.4212273069216176, 0.404735553544974, 0.43500904957347913, 0.4228776128890789, 0.4397878943917201, 0.41547562485711265, 0.422123591724031, 0.4096345295717548, 0.43711800852706667, 0.4256832113592923, 0.4275517980809551, 0.4236338110758142, 0.4300230267456611, 0.37010074386496916, 0.3954384424370912, 0.40578557972844376, 0.3720637313582629, 0.40814200277792306, 0.42259612079034203, 0.4170628204137581, 0.4229225709448212, 0.43500357058114386, 0.433254450816324, 0.3134056732759772, 0.4456778754092853, 0.4614555779464738, 0.4733886016142421]
safe reward list [0.0, 0.0, 0.0, 0.0, 0.0, 0.0, 0.0, 0.0, 0.0, 0.0, 0.0, 0.0, 0.0, 0.0, 0.0, 0.0, 0.0, 0.0, 0.0, 0.0, 0.0, 0.0, 0.0, 0.0, 0.0, 0.0, 0.0, 0.0, 0.0, 0.0, 0.0, 0.0, 0.0, 0.0, 0.0, 0.0, 0.0, 0.0, 0.0, 0.0]
speed list [9.11738351894045, 15.717489209426406, 16.128321379194585, 14.264471855120197, 7.771876494035088, 14.81504234383418, 15.466857911645873, 14.849154428469427, 14.246499496791188, 14.456811675135095, 15.095038092413535, 15.296866616135835, 15.055351859212376, 15.815115493753945, 15.63891867686668, 15.792672689499396, 15.90028659387154, 16.128942069285834, 15.614294518848155, 15.79225934080961, 15.677001656210331, 15.79950878861829, 15.740004655983517, 15.532745223945556, 15.43411327070209, 15.268504209255962, 14.5740325635747, 14.2978222643063, 14.401393496119617, 14.126423454467757, 14.26420541310933, 14.513043506818969, 14.033603973478034, 14.580096233524628, 15.127913184909794, 14.864877443276006, 13.015731538558201, 15.296604439740882, 15.815980213836045, 15.568049060704091]
ec list [67.54063264516377, 59.87035365541722, 59.514955496549014, 62.71335662988781, 74.52283107015023, 59.887850318111376, 60.03737603598199, 60.367002483311325, 60.359584035802236, 60.098220914211595, 59.97008507286005, 59.913687968243885, 59.140234560777685, 59.483822259047805, 58.836748272952256, 59.022852382064094, 59.20854430256378, 59.65612014172655, 59.11162319119692, 59.2955711710491, 60.17992939578203, 60.128499897107965, 59.90615565044041, 59.88552626741738, 59.846426883540495, 59.73904879457347, 60.05050076876568, 60.07907129471537, 60.49042513740424, 60.84804868240172, 61.02578069385922, 61.564423951215296, 61.650887867685526, 60.82951609943972, 60.39753815038151, 60.25920607894301, 62.887657911037245, 60.28375718452094, 59.703570996037605, 58.633476931390526]
jerk list [0.161409442040386, 0.10210071828368487, 0.09815876297005248, 0.14358652308888145, 0.5159752022273746, 0.38358034240249195, 0.3310205940265895, 0.384456172113504, 0.451342394872365, 0.4309491960886527, 0.40560819029128786, 0.4147221186834262, 0.4603008561298708, 0.4680993074403561, 0.46073137560402627, 0.4792508226398894, 0.49159927240060314, 0.46568223140847725, 0.5554335508866194, 0.5243262887968229, 0.61389453658891, 0.6061174825243901, 0.588004995065801, 0.5798477485939378, 0.5524529979567675, 0.4799846247806123, 0.4716886468169866, 0.4768109128536122, 0.48789321337451574, 0.5362375440856765, 0.6185390013303159, 0.6755947277790912, 0.6682656898893915, 0.603487921968932, 0.5699248826428344, 0.5628183732895634, 0.5304163045859472, 0.5201292143584554, 0.502454752749846, 0.44854045858178554]