
Env:SUMO, Algorithm:MADDPG, Device:cuda:1
-----------------------------------------
{'algo': 'MADDPG', 'env': 'SUMO', 'seedVal': 20150427, 'gamma': 0.99, 'epsilon': 0.001, 'critic_lr': 0.005, 'actor_lr': 0.0001, 'memory_capacity': 1000000, 'batch_size': 512, 'train_eps': 40, 'eval_eps': 10, 'epsilon_start': 3, 'max_speed': 28, 'target_update': 4, 'hidden_dim': 256, 'soft_tau': 0.1, 'max_action': 2, 'device': device(type='cuda', index=1), 'simulation_steps': 3600, 'pathToSumoFiles': 'rou_net2_single', 'model_dest_path': 'models/', 'model_dest_path_leader': 'single_acce2_speed_8_', 'model_dest_path_follow': '', 'logName': '_acce2_speed_8_gamma0.990000_tua0.100000.txt', 'procID': 19}
seed 20150427
当前的gamma是0.99, 当前的soft tau是0.1
-----------------------------------------
model saved successfully!
Complete training!
final reward list:[-0.7068867280493061, -0.30525083575300654, -0.2716844413013648, -0.085235244994964, 0.21986425640342605, 0.32105116453886245, 0.3262024497503494, 0.3589916601427409, 0.42121721268749057, 0.4244415700417235, 0.4414853316840618, 0.470044390493098, 0.45672722079010636, 0.47442888134561967, 0.44725067011390784, 0.4714687046526284, 0.47063703706740573, 0.4854899255470314, 0.4300261766058584, 0.45035295714133455, 0.4462325976496117, 0.4522144750783772, 0.43861032986202425, 0.4406842736251138, 0.45859183867016673, 0.480858917368704, 0.46494702573316266, 0.4578563182663679, 0.4930838717801357, 0.45806299126635747, 0.48103741633929953, 0.4572264485254996, 0.4473126855370459, 0.46028040648447266, 0.4567125137952399, 0.46186223288030503, 0.48248051919815343, 0.46507827195844526, 0.4728020003384117, 0.47852949733260497]
final halt list:[10.549782098558499, 1.6266511266511265, 1.2092696629213484, 3.379347054648687, 0.19194139194139195, 0.06443004193671369, 0.04752629528632645, 0.0241112828438949, 0.0021149101163200562, 0.0, 0.0, 0.0, 0.0, 0.0, 0.0, 0.012667660208643815, 0.0, 0.0, 0.01596467391304348, 0.0, 0.0, 0.0, 0.005248284214775939, 0.0, 0.0, 0.0, 0.0, 0.0007072135785007072, 0.0, 0.0, 0.0, 0.0, 0.019317714755445952, 0.0069468565474122956, 0.0, 0.0, 0.0, 0.0019105846388995033, 0.0094749309119621, 0.0]
speed reward list:[0.0, 0.0, 0.0, 0.0, 0.0, 0.0, 0.0, 0.0, 0.0, 0.0, 0.0, 0.0, 0.0, 0.0, 0.0, 0.0, 0.0, 0.0, 0.0, 0.0, 0.0, 0.0, 0.0, 0.0, 0.0, 0.0, 0.0, 0.0, 0.0, 0.0, 0.0, 0.0, 0.0, 0.0, 0.0, 0.0, 0.0, 0.0, 0.0, 0.0]
tls reward list:[-0.0005250264088700766, -0.0014856498211275211, -0.0014362131980536598, -0.0015902179751557239, -0.0018262946761798161, -0.0015852604422753021, -0.0015873449814357734, -0.0013765037591368114, -0.0013465471838532113, -0.0012320846171039919, -0.0011094954425404878, -0.0011182430127737119, -0.0011350898676738084, -0.001042123635009359, -0.001186809703724016, -0.001124746361899973, -0.0012523818683115718, -0.0011256752147880303, -0.001241231184915595, -0.0011347112972006543, -0.0012155485886304986, -0.0012968984838172425, -0.0013899668067083586, -0.0014155225133517244, -0.0012076741480905305, -0.0012463619965523973, -0.001310215612625555, -0.0012184712994110453, -0.0012181848772769962, -0.0011757487086209056, -0.0012020222896959583, -0.0011854206754986127, -0.001274160148389631, -0.0010417130777907752, -0.0010222557165720705, -0.0010139492086048345, -0.001142540135457189, -0.0010884869159649168, -0.0010689476930502524, -0.0011221852928150562]
target reward list:[-0.706361701640436, -0.303765185931879, -0.2702482281033111, -0.08364502701980828, 0.22169055107960586, 0.32263642498113776, 0.3277897947317852, 0.36036816390187765, 0.42256375987134376, 0.42567365465882745, 0.44259482712660236, 0.47116263350587173, 0.4578623106577801, 0.47547100498062905, 0.4484374798176319, 0.4725934510145283, 0.47188941893571734, 0.4866156007618195, 0.431267407790774, 0.4514876684385353, 0.4474481462382422, 0.4535113735621944, 0.4400002966687325, 0.4420997961384655, 0.4597995128182573, 0.4821052793652565, 0.4662572413457882, 0.45907478956577896, 0.4943020566574127, 0.4592387399749783, 0.48223943862899554, 0.45841186920099825, 0.44858684568543544, 0.4613221195622634, 0.45773476951181197, 0.4628761820889098, 0.48362305933361066, 0.4661667588744101, 0.47387094803146196, 0.47965168262542]
safe reward list [0.0, 0.0, 0.0, 0.0, 0.0, 0.0, 0.0, 0.0, 0.0, 0.0, 0.0, 0.0, 0.0, 0.0, 0.0, 0.0, 0.0, 0.0, 0.0, 0.0, 0.0, 0.0, 0.0, 0.0, 0.0, 0.0, 0.0, 0.0, 0.0, 0.0, 0.0, 0.0, 0.0, 0.0, 0.0, 0.0, 0.0, 0.0, 0.0, 0.0]
speed list [8.376788033188028, 15.713589557794409, 16.12688342602224, 12.852204658140943, 14.994612041759432, 15.114263967290686, 15.281314681495726, 15.624104034775101, 15.648521198167003, 15.512251825177557, 15.669246795789824, 15.868780830963836, 15.30262677468645, 16.021106018306497, 15.614011847100135, 15.721916576851068, 15.794157696074594, 15.970821187980516, 15.610122482980135, 15.802646551503098, 15.860746149037567, 15.94058954640641, 15.88200857141723, 15.678364675369572, 15.866225492412601, 15.975695264471291, 15.89940827948986, 15.701273643458075, 16.04183409389887, 15.759769268808084, 15.652706837898346, 15.918552965782062, 15.299677919018716, 15.739372439378712, 15.929876221413538, 15.796998761291709, 16.020145203876286, 16.10813901250382, 16.050186559702794, 15.683141803654367]
ec list [68.04837320970275, 59.88602976047695, 59.54329161590197, 62.63445433816534, 59.76910668914916, 59.46290224291626, 59.950522283896504, 59.347854999868424, 59.388412147769195, 59.56780880062535, 59.556131707688884, 59.48083102163053, 58.68971883414663, 58.88003308047221, 58.67335868672741, 58.530358711562826, 58.97766517377029, 59.29573428046112, 58.883947325244336, 58.82231530758752, 59.475678739977745, 59.066524089294525, 59.39022378616228, 59.55228005878065, 59.152856546708726, 59.50007076825732, 59.1142068551109, 58.90879636434944, 58.85403321122557, 59.00697187176092, 58.836139053769, 59.07129153759354, 59.1335824243658, 58.60709625725892, 58.6440770869597, 58.29750765624114, 58.59468372275593, 59.30084651472876, 58.974756821551914, 58.52574289003346]
jerk list [0.15940209605283231, 0.10237840249746982, 0.09635210410341456, 0.33122891243597236, 0.5242700943388763, 0.4963927278293258, 0.5164453373495107, 0.4792871440381564, 0.5362963364911038, 0.5428693947107688, 0.48937926737764953, 0.48068897674579475, 0.49308836124113575, 0.4427372582420543, 0.4475964476980993, 0.4429254426194359, 0.48217525533905714, 0.45773256585805283, 0.4891179935650204, 0.43332796597680995, 0.48598287636129306, 0.4481212760224764, 0.5223580997538708, 0.5328304630881142, 0.48381711959735596, 0.534546758110716, 0.5233957996125075, 0.49818497243190035, 0.4803899254304608, 0.4761906759558017, 0.49099462794309034, 0.4782456678639095, 0.5086960079215369, 0.43179711734144377, 0.403734504901203, 0.4208067308845047, 0.4429371528204396, 0.45560310030338047, 0.4483218547734216, 0.43662163841086815]