
Env:SUMO, Algorithm:MADDPG, Device:cuda:0
-----------------------------------------
{'algo': 'MADDPG', 'env': 'SUMO', 'seedVal': 20150427, 'gamma': 0.99, 'epsilon': 0.001, 'critic_lr': 0.005, 'actor_lr': 0.0001, 'memory_capacity': 1000000, 'batch_size': 512, 'train_eps': 40, 'eval_eps': 10, 'epsilon_start': 3, 'max_speed': 28, 'target_update': 4, 'hidden_dim': 256, 'soft_tau': 0.005, 'max_action': 2, 'device': device(type='cuda', index=0), 'simulation_steps': 3600, 'pathToSumoFiles': 'rou_net2_single', 'model_dest_path': 'models/', 'model_dest_path_leader': 'single_acce2_speed_8_', 'model_dest_path_follow': '', 'logName': '_acce2_speed_8_gamma0.990000_tua0.005000.txt', 'procID': 16}
seed 20150427
当前的gamma是0.99, 当前的soft tau是0.005
-----------------------------------------
model saved successfully!
Complete training!
final reward list:[-0.7589570785204082, -0.30272806457879836, -0.15965852583146703, 0.1977554816597989, 0.1586049115618678, 0.22248859264944484, 0.3145145739716863, 0.3074121706219588, 0.36176943642288545, 0.3303645037034657, 0.34072080350332334, 0.38324156453834546, 0.3912485489431014, 0.43268064875629936, 0.43190460755014076, 0.43543181032103206, 0.4699252229362482, 0.49564684245804475, 0.45918700527517115, 0.4530770666006885, 0.45029184229112235, 0.46498406423908073, 0.4383520025927371, 0.4738080379672496, 0.48883457279795467, 0.48902435586349013, 0.4771634396863868, 0.4685797648732913, 0.49722448617762893, 0.465519089445154, 0.47348280307664087, 0.4835617726262109, 0.47501908894530503, 0.4502683910995597, 0.4517207992929692, 0.4857881939602835, 0.4830111961917129, 0.4753021684610931, 0.47769083398410633, 0.4637119059581013]
final halt list:[15.976166328600407, 1.6252427184466018, 7.312329700272479, 0.12065941774815854, 0.23992673992673993, 0.18438095238095237, 0.04476449980537174, 0.02664188351920694, 0.0010574550581600281, 0.0, 0.005274588892336333, 0.00760233918128655, 0.002253944402704733, 0.0002924831822170225, 0.0, 0.021142433234421366, 0.0, 0.0, 0.0, 0.0, 0.0, 0.0, 0.01533494753833737, 0.0, 0.0, 0.0, 0.0, 0.0021208907741251328, 0.0, 0.0, 0.0, 0.0, 0.0, 0.0017355085039916696, 0.0, 0.0, 0.0, 0.004588910133843212, 0.0035573122529644267, 0.0007230657989877079]
speed reward list:[0.0, 0.0, 0.0, 0.0, 0.0, 0.0, 0.0, 0.0, 0.0, 0.0, 0.0, 0.0, 0.0, 0.0, 0.0, 0.0, 0.0, 0.0, 0.0, 0.0, 0.0, 0.0, 0.0, 0.0, 0.0, 0.0, 0.0, 0.0, 0.0, 0.0, 0.0, 0.0, 0.0, 0.0, 0.0, 0.0, 0.0, 0.0, 0.0, 0.0]
tls reward list:[-0.00043573007143915755, -0.001489154886435176, -0.0015631470733362583, -0.002005141627537881, -0.002243166489860906, -0.0017733348609141873, -0.0014595353617330366, -0.0015772444278638557, -0.0015739796553211024, -0.0012683506213199466, -0.0017646819887721676, -0.001836261070148686, -0.0016579072872489112, -0.0016927975876205072, -0.0015458469483303372, -0.0016781761695775334, -0.0014895768216979305, -0.0012334128781027515, -0.001440803927982563, -0.0014125627683719158, -0.001536187574839647, -0.0015942013703374655, -0.0014997941925610203, -0.0013337580063201042, -0.0014185785307638738, -0.0011618604041764653, -0.0012053528801034938, -0.0010730838108252104, -0.0009945729664715204, -0.0009306322530903666, -0.0009373157442578202, -0.0009374795953472704, -0.0011017040977022473, -0.0012199099948930466, -0.0011812681363801891, -0.0009380997982975471, -0.0011057554425542818, -0.0009392192493763134, -0.0009534935290885274, -0.0009379230091683987]
target reward list:[-0.7585213484489691, -0.30123890969236317, -0.15809537875813076, 0.1997606232873368, 0.1608480780517287, 0.22426192751035906, 0.3159741093334193, 0.3089894150498227, 0.3633434160782066, 0.33163285432478573, 0.34248548549209556, 0.3850778256084942, 0.39290645623035025, 0.4343734463439199, 0.4334504544984711, 0.4371099864906096, 0.47141479975794615, 0.49688025533614755, 0.4606278092031537, 0.4544896293690605, 0.45182802986596204, 0.4665782656094181, 0.4398517967852981, 0.47514179597356965, 0.49025315132871855, 0.4901862162676667, 0.47836879256649023, 0.4696528486841165, 0.49821905914410053, 0.4664497216982444, 0.4744201188208987, 0.4844992522215581, 0.4761207930430073, 0.4514883010944527, 0.45290206742934946, 0.486726293758581, 0.4841169516342671, 0.47624138771046926, 0.4786443275131949, 0.4646498289672697]
safe reward list [0.0, 0.0, 0.0, 0.0, 0.0, 0.0, 0.0, 0.0, 0.0, 0.0, 0.0, 0.0, 0.0, 0.0, 0.0, 0.0, 0.0, 0.0, 0.0, 0.0, 0.0, 0.0, 0.0, 0.0, 0.0, 0.0, 0.0, 0.0, 0.0, 0.0, 0.0, 0.0, 0.0, 0.0, 0.0, 0.0, 0.0, 0.0, 0.0, 0.0]
speed list [5.606922657527427, 15.714557147744943, 10.745971904781303, 15.27778953237932, 15.101998370099984, 14.98162354408827, 15.553004126739852, 15.564689713061046, 15.745918901968222, 15.740769352656825, 15.874045277022551, 15.341629727365905, 15.318614980579287, 16.006942469289747, 15.301168246089862, 15.245366648413965, 15.61308334030992, 15.794828515530412, 15.501540776766163, 15.60912377061167, 15.55366200473596, 15.692877465715094, 15.467632948762569, 15.67568625719369, 15.895430863831907, 15.986953929559865, 15.95351561946654, 15.712568569222128, 16.08159753710143, 15.914478668233395, 15.765184714132134, 15.897219013901584, 15.429832329181082, 15.529137776971556, 15.826665233011804, 15.801541380644014, 16.03190923802864, 16.248811099379168, 16.146318431055853, 15.757888819781238]
ec list [82.62008288493776, 59.952886317683614, 69.28328704405504, 60.53722849460295, 60.87644322438804, 60.37667425318312, 59.874709881784476, 59.73681192423633, 59.6766048338301, 59.142150732767384, 60.47471434842655, 61.27149612791226, 59.79430527974047, 60.46886566266028, 59.716716089798766, 60.19438382249022, 59.843005559521146, 59.53569519268887, 59.14991229098243, 59.62595506410859, 60.432665941440206, 60.128411966792534, 60.05315920641557, 59.38096715227695, 59.39967237260262, 58.92787794783907, 58.58103178600335, 58.67423068482787, 58.296757357514366, 58.254173889305065, 58.22889340962421, 58.33512200270365, 58.58744009952827, 59.054209283112066, 59.0257160499726, 58.17290612384933, 58.41211990111876, 58.51862882796018, 58.32967076474064, 57.979846097942975]
jerk list [0.20458184460439674, 0.10248318382025264, 0.30556044876205785, 0.5261891214548868, 0.632063761214405, 0.5913403150510319, 0.4984103456709629, 0.5422995404741723, 0.5676758210813356, 0.44655838297213846, 0.5998647266868592, 0.6991439571486491, 0.6350706248746821, 0.6801940437128593, 0.6462585014912683, 0.6632786381954433, 0.616470701061468, 0.5138394433614609, 0.5647675976207644, 0.5754972053128267, 0.6219836300019763, 0.6100898441008648, 0.5943976748537089, 0.5484162600654899, 0.5768899413321454, 0.5071835724272143, 0.4743378871154167, 0.4824463403261416, 0.4309352597586415, 0.3937099480772924, 0.42650067357772786, 0.4040243792732489, 0.44262409253850216, 0.5072914859558602, 0.4878005281179843, 0.424225709083664, 0.44163644036244476, 0.40036360588923825, 0.4113450175980983, 0.40159159675500966]