
Env:SUMO, Algorithm:MADDPG, Device:cuda:0
-----------------------------------------
{'algo': 'MADDPG', 'env': 'SUMO', 'seedVal': 20150427, 'gamma': 0.7, 'epsilon': 0.001, 'critic_lr': 0.005, 'actor_lr': 0.0001, 'memory_capacity': 1000000, 'batch_size': 512, 'train_eps': 40, 'eval_eps': 10, 'epsilon_start': 3, 'max_speed': 28, 'target_update': 4, 'hidden_dim': 256, 'soft_tau': 0.01, 'max_action': 2, 'device': device(type='cuda', index=0), 'simulation_steps': 3600, 'pathToSumoFiles': 'rou_net2_single', 'model_dest_path': 'models/', 'model_dest_path_leader': 'single_acce2_speed_8_', 'model_dest_path_follow': '', 'logName': '_acce2_speed_8_gamma0.700000_tua0.010000.txt', 'procID': 2}
seed 20150427
当前的gamma是0.7, 当前的soft tau是0.01
-----------------------------------------
model saved successfully!
Complete training!
final reward list:[-0.7374399147612736, -0.3054402707410728, -0.27153473452144633, -0.2408337312530438, -0.3194552598314399, -0.24209961652952816, -0.19447685738628823, -0.26464956405284773, -0.25702167501175627, -0.28109406106400625, -0.2459317206280046, -0.29376210782223977, -0.39746617178580235, -0.2316320633410261, -0.31865581450820624, -0.36320878310409355, -0.3007106200549778, -0.3125032012206224, -0.32318236413719315, -0.2877636252913745, -0.23579925674972424, -0.2874262496247205, -0.24494020045110412, -0.30256354903281923, -0.3219210789646689, -0.33209475918777115, -0.24859279813195778, -0.3188462653661135, -0.2526928740384317, -0.2348351945705556, -0.2477837370851774, -0.32925865372387025, -0.3448439721335403, -0.33396291744683637, -0.30306018190830425, -0.2519656480335856, -0.1974475884031145, -0.2428034704785388, -0.2085621002223688, -0.2531335466868658]
final halt list:[9.72064393939394, 1.6278166278166277, 1.2110252808988764, 1.1849875489149768, 1.554327808471455, 1.455453149001536, 1.1035560765924188, 1.0792815113038092, 1.2072557471264367, 0.7284469810753981, 0.7524135783245095, 0.7899503359626059, 1.5136652938974167, 0.7967789165446559, 1.2645886190648785, 1.484520701230884, 1.084, 1.0227014755959138, 1.364346349745331, 0.9324166179052077, 1.019830028328612, 1.035081101471143, 0.9822222222222222, 1.3380434782608697, 0.9829566506113375, 0.8919532770927969, 1.2422246615440908, 1.2767983074753173, 1.1099020674646354, 1.1472809667673716, 1.2077133313088368, 1.16028880866426, 1.4917830731306492, 1.2186851211072665, 0.9079394501081248, 1.2291807718348002, 1.1679064824654624, 0.8474770642201835, 1.0289338089575901, 1.279379956741168]
speed reward list:[0.0, 0.0, 0.0, 0.0, 0.0, 0.0, 0.0, 0.0, 0.0, 0.0, 0.0, 0.0, 0.0, 0.0, 0.0, 0.0, 0.0, 0.0, 0.0, 0.0, 0.0, 0.0, 0.0, 0.0, 0.0, 0.0, 0.0, 0.0, 0.0, 0.0, 0.0, 0.0, 0.0, 0.0, 0.0, 0.0, 0.0, 0.0, 0.0, 0.0]
tls reward list:[-0.0004334516372505315, -0.0014852552761687812, -0.0014236020589770246, -0.0014024638603136609, -0.0014796024220976424, -0.0014143200657861334, -0.0013540379004825824, -0.0013425640644801385, -0.0014072695514459987, -0.0014064762009405164, -0.0013445472275097636, -0.0014390721268211244, -0.0015588154811669909, -0.0013654421723687648, -0.0014203768910946697, -0.0015310960350558268, -0.0014543227358046061, -0.0014369781241572233, -0.0015040212625903454, -0.0013963517565799945, -0.0012892209338875194, -0.0013932757830530948, -0.0013614953668503046, -0.0014216221814970181, -0.0015254062037418632, -0.0015520661297597133, -0.001392928999214074, -0.0014734672221806127, -0.0014478854719471423, -0.0013038759124697765, -0.0013772572361150652, -0.0014530102020266708, -0.0014914507217120166, -0.001484063900687765, -0.0014421441868753741, -0.0013396622854901768, -0.001367061677928796, -0.0013447781514892541, -0.001356072913891002, -0.0014137907033366021]
target reward list:[-0.7370064631240228, -0.303955015464904, -0.27011113246246926, -0.23943126739273016, -0.3179756574093423, -0.24068529646374207, -0.19312281948580565, -0.2633069999883676, -0.2556144054603103, -0.2796875848630657, -0.2445871734004948, -0.2923230356954186, -0.3959073563046354, -0.23026662116865731, -0.3172354376171116, -0.36167768706903763, -0.2992562973191731, -0.31106622309646514, -0.3216783428746028, -0.2863672735347945, -0.23451003581583676, -0.2860329738416674, -0.24357870508425378, -0.30114192685132224, -0.32039567276092706, -0.33054269305801137, -0.2471998691327437, -0.3173727981439329, -0.25124498856648453, -0.2335313186580858, -0.24640647984906228, -0.32780564352184355, -0.34335252141182826, -0.3324788535461486, -0.3016180377214289, -0.2506259857480954, -0.1960805267251857, -0.2414586923270495, -0.20720602730847779, -0.2517197559835292]
safe reward list [0.0, 0.0, 0.0, 0.0, 0.0, 0.0, 0.0, 0.0, 0.0, 0.0, 0.0, 0.0, 0.0, 0.0, 0.0, 0.0, 0.0, 0.0, 0.0, 0.0, 0.0, 0.0, 0.0, 0.0, 0.0, 0.0, 0.0, 0.0, 0.0, 0.0, 0.0, 0.0, 0.0, 0.0, 0.0, 0.0, 0.0, 0.0, 0.0, 0.0]
speed list [7.920132197793037, 15.715549499599366, 16.12114402738822, 15.977764198938608, 15.742080792482309, 15.907544638094626, 16.128627793301863, 16.179687899043476, 16.111931646428992, 16.045837955813962, 16.219386023497663, 16.347096742134422, 15.765937561332324, 16.386100257603097, 15.896436115070628, 15.79409708549354, 16.273542914297355, 16.298984697117923, 15.785077564070027, 16.18995602975249, 16.079947794588524, 16.145380344102147, 16.274035278371073, 16.018084308240468, 16.203628353184772, 15.99044488690969, 16.101175367028645, 15.981375244192513, 16.2833863827562, 16.31243225236084, 15.829482489243025, 16.039898516715517, 16.049312257829204, 16.12018519843085, 16.251026413854014, 16.014723097913926, 16.165066675911877, 16.29724250559262, 16.157564645213885, 15.965740747568404]
ec list [68.47462701807147, 59.99650986080308, 59.507640263041026, 59.161472965104934, 60.008028675352705, 59.624528351980814, 59.8088014100056, 59.711615388730564, 59.569849891985484, 60.211596708680204, 60.48955228653852, 60.218635319251305, 59.6074390195918, 59.714449403549615, 59.64308881393657, 59.905904887351056, 59.52063279852114, 60.27357206381155, 59.78210310241231, 59.74816272969792, 60.12188610682753, 59.820470819729024, 59.85617665027592, 59.79253033223593, 59.8679983760021, 60.36729217351747, 59.40221045440458, 59.818430618127685, 59.49858776772555, 59.38803204343736, 59.86834806609702, 59.78580488497787, 59.7083006080631, 59.9746539026541, 59.967960408325624, 59.677302341296894, 59.466441644449894, 60.06128126814206, 60.005060675623774, 59.52365726734685]
jerk list [0.2290984940112003, 0.10188578496151772, 0.09739237554713381, 0.10380595247210639, 0.10001826401449934, 0.10031300686635407, 0.09819017152356783, 0.0934848076066623, 0.10282707298768036, 0.09586821650690189, 0.0931414137192487, 0.09480243157941132, 0.09958794331729116, 0.09374052104851469, 0.10002992307802362, 0.10163362852277141, 0.09649025272127018, 0.09656996316038503, 0.10189893341192567, 0.09555998376104202, 0.09668692118780216, 0.09994848822146556, 0.09421966775391481, 0.10103743364373031, 0.09807688780470915, 0.09792061832501392, 0.09713367151825424, 0.10071972047283072, 0.09941766771619012, 0.09408196166570652, 0.09727242465489454, 0.0986341267021457, 0.09738919938535705, 0.09764451959018049, 0.0955075498654287, 0.09914885995386076, 0.10073157070715216, 0.09799175565187662, 0.0972529813349038, 0.10210938663992401]