
Env:SUMO, Algorithm:MADDPG, Device:cuda:1
-----------------------------------------
{'algo': 'MADDPG', 'env': 'SUMO', 'seedVal': 20150427, 'gamma': 0.8, 'epsilon': 0.001, 'critic_lr': 0.005, 'actor_lr': 0.0001, 'memory_capacity': 1000000, 'batch_size': 512, 'train_eps': 40, 'eval_eps': 10, 'epsilon_start': 3, 'max_speed': 28, 'target_update': 4, 'hidden_dim': 256, 'soft_tau': 0.1, 'max_action': 2, 'device': device(type='cuda', index=1), 'simulation_steps': 3600, 'pathToSumoFiles': 'rou_net2_single', 'model_dest_path': 'models/', 'model_dest_path_leader': 'single_acce2_speed_8_', 'model_dest_path_follow': '', 'logName': '_acce2_speed_8_gamma0.800000_tua0.100000.txt', 'procID': 9}
seed 20150427
当前的gamma是0.8, 当前的soft tau是0.1
-----------------------------------------
model saved successfully!
Complete training!
final reward list:[-0.796271819576934, -0.7981879095644541, -0.2845276859136392, 0.19178163380282973, 0.4307493477769129, 0.44970347180042936, 0.46473986282894736, 0.4372557408031848, 0.46295179645520923, 0.4343651259366142, 0.4434140292605333, 0.4683326112769041, 0.452108067330755, 0.4588861782025952, 0.4401182097095727, 0.4522935074364478, 0.4547225398129673, 0.48626109791888256, 0.44018830375112317, 0.4516914254067357, 0.43421360192629144, 0.435607451970425, 0.4426168248621811, 0.45315832673329765, 0.4457155417002756, 0.46274478158719, 0.46233668238257075, 0.4468749749483848, 0.4611268797178549, 0.45648009804178263, 0.46157743798228446, 0.4617920838339046, 0.4609251231568219, 0.43805005810367525, 0.4387026660792158, 0.45246023091709586, 0.47124765780049355, 0.4521790491256514, 0.4558112743308304, 0.4696170318323234]
final halt list:[4.348056290929358, 3.415281463891605, 1.6372173913043477, 0.39026988636363635, 0.01217263002582073, 0.006149116064565719, 0.0109204368174727, 0.014587212911235258, 0.0, 0.0, 0.0, 0.0, 0.0, 0.0, 0.0, 0.00784167289021658, 0.0010924981791697013, 0.0, 0.0, 0.0, 0.0, 0.0, 0.014991896272285251, 0.0, 0.0, 0.0, 0.0, 0.0, 0.0, 0.0, 0.0, 0.0, 0.0, 0.012156998957971519, 0.0, 0.0, 0.0, 0.0, 0.0035685963521015066, 0.0]
speed reward list:[0.0, 0.0, 0.0, 0.0, 0.0, 0.0, 0.0, 0.0, 0.0, 0.0, 0.0, 0.0, 0.0, 0.0, 0.0, 0.0, 0.0, 0.0, 0.0, 0.0, 0.0, 0.0, 0.0, 0.0, 0.0, 0.0, 0.0, 0.0, 0.0, 0.0, 0.0, 0.0, 0.0, 0.0, 0.0, 0.0, 0.0, 0.0, 0.0, 0.0]
tls reward list:[-7.423751583765975e-05, -8.960760465933569e-05, -0.0015578614078233899, -0.0019239563940365095, -0.0013951879364221462, -0.001315736624464283, -0.0011788974079613456, -0.0012043390794174652, -0.0011426684236805504, -0.0010482901937192935, -0.0010250925406740377, -0.001004326168373714, -0.0011360383687337406, -0.0009935726991836718, -0.0011253425671123403, -0.0011004221740628874, -0.0011069677196385826, -0.0010495279217093121, -0.0010958983523437125, -0.0009832384263235357, -0.0009931074837607622, -0.001053523907311365, -0.0010518920381130936, -0.0010796972480962065, -0.0010326340836069327, -0.0009810975499190955, -0.0010357427703099472, -0.001055173860987285, -0.0010696318227543325, -0.0010482817684710952, -0.0009616060315606317, -0.001027479013144687, -0.001089050810150466, -0.0010263896133253134, -0.0010042515581017144, -0.000966749336342304, -0.0009466357270205622, -0.0009107318383633962, -0.0009428862851211657, -0.0009742043060310328]
target reward list:[-0.7961975820610964, -0.7980983019597948, -0.28296982450581576, 0.19370559019686623, 0.43214453571333505, 0.4510192084248937, 0.46591876023690876, 0.4384600798826023, 0.46409446487888983, 0.4354134161303335, 0.44443912180120737, 0.46933693744527794, 0.4532441056994888, 0.4598797509017789, 0.4412435522766851, 0.45339392961051067, 0.4558295075326059, 0.4873106258405918, 0.4412842021034669, 0.4526746638330592, 0.43520670941005224, 0.4366609758777362, 0.44366871690029425, 0.45423802398139373, 0.44674817578388254, 0.4637258791371091, 0.46337242515288063, 0.4479301488093721, 0.4621965115406092, 0.45752837981025374, 0.46253904401384516, 0.46281956284704934, 0.4620141739669724, 0.43907644771700066, 0.43970691763731745, 0.45342698025343814, 0.4721942935275141, 0.4530897809640148, 0.45675416061595164, 0.4705912361383546]
safe reward list [0.0, 0.0, 0.0, 0.0, 0.0, 0.0, 0.0, 0.0, 0.0, 0.0, 0.0, 0.0, 0.0, 0.0, 0.0, 0.0, 0.0, 0.0, 0.0, 0.0, 0.0, 0.0, 0.0, 0.0, 0.0, 0.0, 0.0, 0.0, 0.0, 0.0, 0.0, 0.0, 0.0, 0.0, 0.0, 0.0, 0.0, 0.0, 0.0, 0.0]
speed list [4.204148572118856, 4.139370048641256, 15.583795248202929, 15.179590262597328, 15.464440218894348, 15.775051622751421, 15.95203852493294, 15.897733443356053, 15.96872885063991, 15.738099475762619, 16.091360377951197, 16.225018055868997, 15.522027178097044, 16.213609697641278, 15.719648635809875, 15.837402774350478, 15.96419456978137, 16.13507575057837, 15.727979028618169, 15.958792259412167, 16.012356433057523, 16.04127484601261, 16.009953773430755, 15.815354844978723, 16.006240547877248, 16.158689924298304, 16.040717459108702, 15.798118127491131, 16.187185102440086, 16.02636746056182, 15.874271282519366, 16.10256052015927, 15.67156892969014, 15.857778414593989, 15.992820936598775, 15.887157892114901, 16.149029967923354, 16.248816695818682, 16.21768473574223, 15.820752020594348]
ec list [89.69271586859853, 69.15340238629287, 60.34452054850722, 60.166143516091374, 59.17741913556242, 58.93269222221622, 59.030202609303416, 58.923099616654625, 58.5796280242219, 58.81366845468722, 59.040402937657376, 58.80063564484536, 58.3571751529422, 58.465662530262414, 58.15519353280063, 58.289855961318146, 58.205029703761184, 58.70993345170628, 58.173822762206775, 58.300623460417285, 58.52922889530674, 58.35740374378271, 58.34510726960223, 58.43703651685575, 58.3567850599987, 58.27485448528934, 57.93950674277759, 58.16736358740948, 58.093795283292984, 58.268732750578046, 57.97656351116446, 58.186535297376224, 58.17868904153362, 58.1661109180513, 58.169864583674524, 57.77217521316254, 57.91979920858762, 58.33819048869893, 58.26630703595609, 57.89699928131095]
jerk list [0.03304591025461831, 0.020789169684776326, 0.11744907432405452, 0.3760817336693101, 0.5094011615497945, 0.49708139444791644, 0.44779623652734346, 0.4481872434277427, 0.4257345563380171, 0.40854324627099925, 0.37402674147028087, 0.36330473894083093, 0.40343286658774746, 0.35671797609062184, 0.3951278243699661, 0.37603522717876064, 0.36234395144796405, 0.36288713592955363, 0.3933524695948126, 0.35727411079488475, 0.3591559431594463, 0.35169374527742037, 0.3593343264012868, 0.37731555424869856, 0.361509937417622, 0.3439277892369102, 0.3530893566815696, 0.3724921219877687, 0.35156240027846525, 0.33922293305688356, 0.3604236934459353, 0.3563837782055658, 0.37570789395165716, 0.36578300978582373, 0.350147926492487, 0.3464012567757198, 0.3495352687637861, 0.3505202366195299, 0.3474292114498282, 0.36455705994481774]