
Env:SUMO, Algorithm:MADDPG, Device:cuda:0
-----------------------------------------
{'algo': 'MADDPG', 'env': 'SUMO', 'seedVal': 20150427, 'gamma': 0.8, 'epsilon': 0.001, 'critic_lr': 0.005, 'actor_lr': 0.0001, 'memory_capacity': 1000000, 'batch_size': 512, 'train_eps': 40, 'eval_eps': 10, 'epsilon_start': 3, 'max_speed': 28, 'target_update': 4, 'hidden_dim': 256, 'soft_tau': 0.05, 'max_action': 2, 'device': device(type='cuda', index=0), 'simulation_steps': 3600, 'pathToSumoFiles': 'rou_net2_single', 'model_dest_path': 'models/', 'model_dest_path_leader': 'single_acce2_speed_8_', 'model_dest_path_follow': '', 'logName': '_acce2_speed_8_gamma0.800000_tua0.050000.txt', 'procID': 8}
seed 20150427
当前的gamma是0.8, 当前的soft tau是0.05
-----------------------------------------
model saved successfully!
Complete training!
final reward list:[-0.7231100786173177, -0.03420718805749075, 0.3984661392410326, 0.4499180108586631, 0.43125949440135014, 0.45202958575948265, 0.4568926641834214, 0.43538609001852613, 0.44800655633319425, 0.4257286631524867, 0.4476324333378216, 0.47187748609124, 0.44962373516254006, 0.45347238886670527, 0.4391999234685795, 0.44699863068956536, 0.459820393121212, 0.4657737653192254, 0.43753080551914425, 0.43788128881284516, 0.4344266615419487, 0.4534551912584059, 0.42563983856502197, 0.4493459531001767, 0.4460253073168047, 0.45330462960168866, 0.4370503657890718, 0.4382344108890686, 0.4628311349614155, 0.45528615247531995, 0.45215181157973433, 0.4379534603231962, 0.4405568392045204, 0.4298609388197199, 0.45546143105817605, 0.43930700782001536, 0.46788652942593706, 0.43094636547170717, 0.4603908510149203, 0.44059491188370803]
final halt list:[8.256940160394818, 0.9780262143407864, 0.028531172948221203, 0.00035587188612099647, 0.003687315634218289, 0.0065334358186010764, 0.00195160031225605, 0.0, 0.0, 0.0, 0.0, 0.0, 0.0, 0.0, 0.0, 0.005227781926811053, 0.0, 0.0, 0.0, 0.0, 0.0, 0.0, 0.005670311867152693, 0.0, 0.0, 0.0, 0.0, 0.0021216407355021216, 0.002179440610243371, 0.0, 0.0, 0.0, 0.018922254216371864, 0.004861111111111111, 0.00030441400304414006, 0.0, 0.0, 0.0, 0.0007933359777865926, 0.0]
speed reward list:[0.0, 0.0, 0.0, 0.0, 0.0, 0.0, 0.0, 0.0, 0.0, 0.0, 0.0, 0.0, 0.0, 0.0, 0.0, 0.0, 0.0, 0.0, 0.0, 0.0, 0.0, 0.0, 0.0, 0.0, 0.0, 0.0, 0.0, 0.0, 0.0, 0.0, 0.0, 0.0, 0.0, 0.0, 0.0, 0.0, 0.0, 0.0, 0.0, 0.0]
tls reward list:[-0.000565481595230913, -0.001722701733618722, -0.0013595692621369382, -0.001271310731581021, -0.0012749842889864301, -0.0012099388042675376, -0.001102724276463259, -0.0011022448980839087, -0.0011363597309161976, -0.001013476251413848, -0.0009829391831187343, -0.001007534417296623, -0.0010800848910456193, -0.0010070746598238496, -0.0010508798595753274, -0.0010665619727495753, -0.0010861751684905629, -0.0010430076397579457, -0.0010561650744763086, -0.0009958273291642242, -0.0008896715562601465, -0.0010404211823579975, -0.0010452660053049275, -0.0010616739161727132, -0.0010876226593478009, -0.000995627643217894, -0.001069519035591137, -0.0010229624653419602, -0.0010559297630054558, -0.0010206216173022033, -0.0009630963744097333, -0.0010454576558217845, -0.0010939121828138216, -0.0010235873394872788, -0.0009787302530192459, -0.0009323393966350123, -0.0009432825376496165, -0.000917275301568502, -0.0009482456075355503, -0.0009919046082119973]
target reward list:[-0.7225445970220866, -0.032484486323872026, 0.3998257085031696, 0.4511893215902443, 0.4325344786903366, 0.4532395245637503, 0.4579953884598846, 0.43648833491661004, 0.4491429160641104, 0.42674213940390054, 0.4486153725209404, 0.47288502050853665, 0.4507038200535856, 0.4544794635265291, 0.44025080332815475, 0.44806519266231504, 0.4609065682897025, 0.4668167729589832, 0.4385869705936206, 0.4388771161420094, 0.4353163330982089, 0.454495612440764, 0.4266851045703269, 0.45040762701634945, 0.44711292997615254, 0.4543002572449066, 0.4381198848246629, 0.43925737335441045, 0.4638870647244209, 0.45630677409262205, 0.45311490795414405, 0.438998917979018, 0.441650751387334, 0.4308845261592072, 0.45644016131119525, 0.44023934721665037, 0.4688298119635866, 0.4318636407732757, 0.4613390966224558, 0.44158681649192]
safe reward list [0.0, 0.0, 0.0, 0.0, 0.0, 0.0, 0.0, 0.0, 0.0, 0.0, 0.0, 0.0, 0.0, 0.0, 0.0, 0.0, 0.0, 0.0, 0.0, 0.0, 0.0, 0.0, 0.0, 0.0, 0.0, 0.0, 0.0, 0.0, 0.0, 0.0, 0.0, 0.0, 0.0, 0.0, 0.0, 0.0, 0.0, 0.0, 0.0, 0.0]
speed list [8.394588522512477, 15.375839062783623, 15.64552337825413, 15.84807750575041, 15.548955579841968, 15.78612616448891, 15.995264396350736, 15.921164133597474, 15.952375688192532, 15.761470809856974, 16.083461706683025, 16.23018345740758, 15.526998745618684, 16.22334893929907, 15.724855584353412, 15.838646235746136, 15.97163974378787, 16.138410703741272, 15.733791182237534, 15.947489153766005, 16.01252867626881, 16.047977148103914, 16.010303702471266, 15.812201449237234, 16.01558442959098, 16.154316196239446, 16.018298593014897, 15.78793168892259, 16.178569537919465, 16.021872498884242, 15.877734316125816, 16.107909020450986, 15.65299630323576, 15.888254560202698, 15.99583631225723, 15.875830112296335, 16.145832747683407, 16.22975905374081, 16.21390525463672, 15.784766259724577]
ec list [68.78264304421145, 60.46044244845986, 59.04262418750869, 58.35324744381982, 58.58092375899029, 58.610055447823505, 58.640575563926305, 58.584844310645785, 58.45491129103345, 58.6751607329284, 58.88327057819802, 58.774425767812005, 58.03332195053144, 58.49055370536687, 58.03726972731357, 58.13668236248448, 58.16189676843043, 58.716490869470356, 58.09943100892534, 58.16956171195217, 58.26280599771882, 58.30507348140677, 58.34802528212602, 58.38639808749303, 58.225417890768824, 58.16291619126127, 57.84534546537025, 58.179578373943826, 58.090969076670994, 58.140067722122346, 57.95059155774511, 58.21336791038317, 58.2007732085517, 58.231030229931086, 58.194078855670284, 57.88718519050796, 57.958706058269684, 58.3958530744127, 58.29521877336541, 57.986119853004965]
jerk list [0.3113743026421678, 0.236658380288545, 0.4206637210529241, 0.43454100119899797, 0.4214740343373586, 0.40173722103175263, 0.36976909067113334, 0.3780003536227025, 0.38895125127117286, 0.36421876785879803, 0.3370195357003423, 0.3381589750478116, 0.37751333811098003, 0.33892344685777614, 0.36688357055032006, 0.36888532626080406, 0.35236376996550833, 0.35271096747611674, 0.37000164549406095, 0.3393337656463997, 0.33389956051395286, 0.3589732473723482, 0.3583139279265637, 0.3689007892111105, 0.35632313505005886, 0.34244904543003607, 0.3455433015882269, 0.3625887705553252, 0.3453683299885977, 0.34552514395193895, 0.3542166156731913, 0.3390301763669773, 0.35905414738582553, 0.3593984086811073, 0.3435751004507895, 0.3476565628924042, 0.3373983625176592, 0.33237606524166624, 0.3374860693740138, 0.3563371129617789]