
Env:SUMO, Algorithm:MADDPG, Device:cuda:1
-----------------------------------------
{'algo': 'MADDPG', 'env': 'SUMO', 'seedVal': 20150427, 'gamma': 0.99, 'epsilon': 0.001, 'critic_lr': 0.005, 'actor_lr': 0.0001, 'memory_capacity': 1000000, 'batch_size': 512, 'train_eps': 40, 'eval_eps': 10, 'epsilon_start': 3, 'max_speed': 28, 'target_update': 4, 'hidden_dim': 256, 'soft_tau': 0.001, 'max_action': 2, 'device': device(type='cuda', index=1), 'simulation_steps': 3600, 'pathToSumoFiles': 'rou_net2_single', 'model_dest_path': 'models/', 'model_dest_path_leader': 'single_acce2_speed_8_', 'model_dest_path_follow': '', 'logName': '_acce2_speed_8_gamma0.990000_tua0.001000.txt', 'procID': 15}
seed 20150427
当前的gamma是0.99, 当前的soft tau是0.001
-----------------------------------------
model saved successfully!
Complete training!
final reward list:[-0.6822006932385785, -0.2869038187418288, -0.2731874242274008, -0.2142076679324595, 0.05700261892735961, 0.1487647994735992, 0.2519496197399802, 0.31453494503084617, 0.3733960833257961, 0.3891180285307916, 0.4073039176508111, 0.4443521729558566, 0.43119581764740295, 0.4288525565612853, 0.4414655419609417, 0.45102252154882405, 0.4446181585406051, 0.47821095099172567, 0.44635558824573973, 0.4465788832124533, 0.4398353624708745, 0.46048425635268164, 0.4533934376577258, 0.4695929405359605, 0.47983195639095644, 0.4852170287877716, 0.4632366914484046, 0.4622113824178977, 0.47248914078498466, 0.47316521250545, 0.4638146184153757, 0.4817336767185699, 0.4652206186577075, 0.4547238353405933, 0.4704199195850956, 0.45987645557001605, 0.45718453526250996, 0.4604675605151272, 0.4791461594992261, 0.47218897030979784]
final halt list:[8.919079176839903, 1.6271844660194175, 1.2091962091962092, 6.554618897084651, 0.8262945280940139, 0.8023032629558541, 0.4439252336448598, 0.10653453081449366, 0.00035248501938667606, 0.0011997600479904018, 0.0021813649111872857, 0.0, 0.03374578177727784, 0.027802165642376354, 0.0, 0.017164179104477612, 0.0, 0.0, 0.0, 0.0, 0.0, 0.0, 0.01417004048582996, 0.0, 0.0, 0.0, 0.0, 0.0007069635913750442, 0.0, 0.0, 0.0, 0.0, 0.01929392446633826, 0.010062456627342124, 0.0, 0.0, 0.0, 0.0, 0.007509881422924901, 0.0]
speed reward list:[0.0, 0.0, 0.0, 0.0, 0.0, 0.0, 0.0, 0.0, 0.0, 0.0, 0.0, 0.0, 0.0, 0.0, 0.0, 0.0, 0.0, 0.0, 0.0, 0.0, 0.0, 0.0, 0.0, 0.0, 0.0, 0.0, 0.0, 0.0, 0.0, 0.0, 0.0, 0.0, 0.0, 0.0, 0.0, 0.0, 0.0, 0.0, 0.0, 0.0]
tls reward list:[-0.0005742729374854048, -0.001476194724268075, -0.0014259158522849675, -0.0014179333832513006, -0.0014012529789969612, -0.001471761198319344, -0.0016617722199101462, -0.0015014710397801279, -0.0013667570468784169, -0.0010389194226995088, -0.0010861207549296688, -0.0011114076264903462, -0.0012551185345709636, -0.0012240467224552245, -0.001264570782892265, -0.0012663008963437264, -0.001262478939471102, -0.0012243992644129405, -0.0011892798939564723, -0.0011217738085972807, -0.0010875363211084832, -0.0011844708787501735, -0.0011677976455066403, -0.0011765128430580296, -0.0011220049528317209, -0.0010770210574795542, -0.0010903064421907476, -0.0011117261698880328, -0.0011367992714479335, -0.0010727262296793957, -0.0010636814234969612, -0.0011130418259535156, -0.0012634009642163624, -0.00119454782990588, -0.0011615910645819292, -0.0010985815942634986, -0.0011969452742109901, -0.0010599375085640962, -0.001084935160544265, -0.0011467867901750893]
target reward list:[-0.681626420301093, -0.2854276240175607, -0.27176150837511576, -0.21278973454920821, 0.05840387190635658, 0.15023656067191857, 0.2536113919598904, 0.31603641607062627, 0.3747628403726746, 0.3901569479534911, 0.40839003840574073, 0.4454635805823469, 0.43245093618197383, 0.43007660328374053, 0.44273011274383395, 0.45228882244516777, 0.44588063748007617, 0.47943535025613865, 0.44754486813969613, 0.44770065702105055, 0.4409228987919831, 0.46166872723143176, 0.4545612353032324, 0.4707694533790186, 0.48095396134378815, 0.4862940498452511, 0.4643269978905953, 0.4633231085877858, 0.47362594005643266, 0.4742379387351294, 0.46487829983887274, 0.4828467185445234, 0.4664840196219239, 0.4559183831704991, 0.4715815106496775, 0.4609750371642795, 0.458381480536721, 0.4615274980236914, 0.4802310946597703, 0.473335757099973]
safe reward list [0.0, 0.0, 0.0, 0.0, 0.0, 0.0, 0.0, 0.0, 0.0, 0.0, 0.0, 0.0, 0.0, 0.0, 0.0, 0.0, 0.0, 0.0, 0.0, 0.0, 0.0, 0.0, 0.0, 0.0, 0.0, 0.0, 0.0, 0.0, 0.0, 0.0, 0.0, 0.0, 0.0, 0.0, 0.0, 0.0, 0.0, 0.0, 0.0, 0.0]
speed list [8.772679327844093, 15.713276812252941, 16.11995703008688, 11.884761558934105, 15.34661017627082, 15.652532257401056, 15.403176099007052, 15.50938413223453, 15.333609007646876, 15.253876785032228, 15.568984958542917, 15.87975090534749, 15.173023306509934, 15.802407070528059, 15.484081112097556, 15.662305129847361, 15.785748295678578, 15.957003519671758, 15.604177205184136, 15.820417126370032, 15.895202482666033, 15.991188608495106, 15.953516517589827, 15.755680436853378, 15.968244138794613, 16.1095275654533, 15.950853726078408, 15.67176349514054, 16.08518608902641, 15.977340557554244, 15.834683939655951, 15.998838099860226, 15.508622356190488, 15.612040244746076, 15.63219734642355, 15.444710806076152, 15.665660281464934, 15.980808234884243, 16.07178128460288, 15.662532690744301]
ec list [67.76324367822046, 59.948775442071806, 59.57763889421679, 65.55876304843069, 59.701315657764944, 59.907618521606366, 60.683058540432185, 60.024161712267144, 59.63140735506883, 59.14163550593843, 59.41436990661611, 59.42446490959792, 58.89382513738816, 59.44842812556756, 58.84933378743115, 58.857943934797824, 58.988682708797455, 59.44872882189273, 58.73110095632152, 58.748804646012154, 59.11113157221994, 58.806028282490445, 58.675183800053134, 58.75921928435677, 58.68379543918152, 58.5916872285595, 58.20071603302344, 58.43375358412104, 58.47326708429776, 58.41900622449656, 58.14242444224743, 58.615009962637124, 58.88728489593108, 59.103249621791626, 59.20043645450161, 58.98263304461467, 59.15395065834235, 59.15777329777841, 58.789452977673754, 58.426600542467874]
jerk list [0.25712129684356483, 0.10282578258878759, 0.0971420398974571, 0.19453635620453918, 0.3464784641094881, 0.29228586537358564, 0.32231387868530786, 0.39265069612222975, 0.42721797478998125, 0.41787151005057976, 0.4101562909125047, 0.4336290242908271, 0.4642850419065266, 0.4419402570600166, 0.4708642235461326, 0.44479837624149704, 0.431914309211205, 0.4336307367125974, 0.46665555873727194, 0.4326693916046408, 0.45682475672505374, 0.450316186416299, 0.4320888255892696, 0.43242091264723226, 0.4246522004447551, 0.39938177582460616, 0.3976316555790013, 0.43569343442769054, 0.402508594589011, 0.37640141429225316, 0.3869675983415842, 0.406620204784674, 0.4362597284212484, 0.4704005853671093, 0.4468204574412278, 0.4619854398567654, 0.45745819087469, 0.4093812923193005, 0.39266782010483153, 0.4040179486608081]