
Env:SUMO, Algorithm:MADDPG, Device:cuda:0
-----------------------------------------
{'algo': 'MADDPG', 'env': 'SUMO', 'seedVal': 20150427, 'gamma': 0.99, 'epsilon': 0.001, 'critic_lr': 0.005, 'actor_lr': 0.0001, 'memory_capacity': 1000000, 'batch_size': 512, 'train_eps': 40, 'eval_eps': 10, 'epsilon_start': 3, 'max_speed': 28, 'target_update': 4, 'hidden_dim': 256, 'soft_tau': 0.05, 'max_action': 2, 'device': device(type='cuda', index=0), 'simulation_steps': 3600, 'pathToSumoFiles': 'rou_net2_single', 'model_dest_path': 'models/', 'model_dest_path_leader': 'single_acce2_speed_8_', 'model_dest_path_follow': '', 'logName': '_acce2_speed_8_gamma0.990000_tua0.050000.txt', 'procID': 18}
seed 20150427
当前的gamma是0.99, 当前的soft tau是0.05
-----------------------------------------
model saved successfully!
Complete training!
final reward list:[-0.7459715557581318, -0.3124303457234596, -0.028917592257382118, 0.14444811069420477, 0.1982195536337636, 0.29096179487983265, 0.32502177979749897, 0.3356813816730132, 0.40470230214741415, 0.4075401061504815, 0.43472650976761945, 0.4638237383228957, 0.4374559479756133, 0.44886047383105787, 0.4587625817523378, 0.43748537263742365, 0.4329135970766156, 0.4652470031765291, 0.4370465752027173, 0.4616331411039583, 0.44371077778054585, 0.46498902609492115, 0.44861679736522037, 0.44621738424459767, 0.4798992231685132, 0.47996194602774606, 0.4693327276599858, 0.4651179878154396, 0.48544151245441214, 0.4631399279653365, 0.46664596144231435, 0.47504655421232683, 0.455831055247389, 0.4471030968984124, 0.4517660933621405, 0.4646787901582684, 0.4600396954051055, 0.4240399947485076, 0.445245546973809, 0.44263892106143893]
final halt list:[10.122725871106999, 1.630924630924631, 1.937632135306554, 0.31943462897526503, 0.24715804913824715, 0.09216061185468451, 0.06012412723041117, 0.030527289546716005, 0.0014094432699083862, 0.0144014401440144, 0.0, 0.0, 0.0, 0.0, 0.0, 0.022404779686333084, 0.0, 0.0, 0.0020359687818120122, 0.0, 0.0, 0.0, 0.0028317152103559872, 0.0, 0.0, 0.0, 0.0, 0.0028268551236749115, 0.0, 0.0, 0.0, 0.0, 0.019333607568901685, 0.00660180681028492, 0.0, 0.0, 0.0007077140835102619, 0.004203286205578907, 0.009459992116673236, 0.0]
speed reward list:[0.0, 0.0, 0.0, 0.0, 0.0, 0.0, 0.0, 0.0, 0.0, 0.0, 0.0, 0.0, 0.0, 0.0, 0.0, 0.0, 0.0, 0.0, 0.0, 0.0, 0.0, 0.0, 0.0, 0.0, 0.0, 0.0, 0.0, 0.0, 0.0, 0.0, 0.0, 0.0, 0.0, 0.0, 0.0, 0.0, 0.0, 0.0, 0.0, 0.0]
tls reward list:[-0.0004424555359159008, -0.0014843814018132518, -0.001979421324271847, -0.0016170203730751565, -0.0022076793639650046, -0.001909982797723781, -0.001822086487110322, -0.001525382045782395, -0.0012840539592026844, -0.0010429903505526459, -0.0012141331973106711, -0.0013830065882538332, -0.0012767740117498713, -0.0013801247894184247, -0.0014563566300581751, -0.0011730991123547834, -0.0014461609197207591, -0.0017911736812336982, -0.0014844319736387964, -0.0010579960579912798, -0.0011079138916380812, -0.0011832083783998137, -0.0012116864437873513, -0.0012022537992412716, -0.0011274862933450527, -0.001065800990821256, -0.001104893252205633, -0.0010912699600060512, -0.0012036164283784501, -0.0010789726557080424, -0.0010812199230293706, -0.0010884603922410676, -0.0013764382632342218, -0.0010373673569542196, -0.0010242687118344341, -0.0009710685782702644, -0.0012209058816112317, -0.0012740485343702085, -0.001264157618064201, -0.0011591358170440335]
target reward list:[-0.7455291002222159, -0.3109459643216464, -0.026938170933110274, 0.14606513106727995, 0.20042723299772858, 0.29287177767755646, 0.3268438662846093, 0.3372067637187957, 0.40598635610661676, 0.40858309650103414, 0.4359406429649301, 0.46520674491114955, 0.4387327219873633, 0.4502405986204763, 0.460218938382396, 0.43865847174977846, 0.43435975799633636, 0.4670381768577629, 0.438531007176356, 0.46269113716194954, 0.4448186916721841, 0.466172234473321, 0.44982848380900775, 0.4474196380438389, 0.4810267094618582, 0.4810277470185673, 0.47043762091219143, 0.46620925777544564, 0.48664512888279066, 0.4642189006210445, 0.4677271813653438, 0.4761350146045679, 0.45720749351062323, 0.4481404642553666, 0.4527903620739749, 0.46564985873653875, 0.46126060128671675, 0.4253140432828777, 0.44650970459187317, 0.4437980568784829]
safe reward list [0.0, 0.0, 0.0, 0.0, 0.0, 0.0, 0.0, 0.0, 0.0, 0.0, 0.0, 0.0, 0.0, 0.0, 0.0, 0.0, 0.0, 0.0, 0.0, 0.0, 0.0, 0.0, 0.0, 0.0, 0.0, 0.0, 0.0, 0.0, 0.0, 0.0, 0.0, 0.0, 0.0, 0.0, 0.0, 0.0, 0.0, 0.0, 0.0, 0.0]
speed list [8.448320472965046, 15.718565648901222, 14.683207357253908, 15.25533774325085, 15.06603211857455, 15.332350328181525, 15.517507918593584, 15.402615392006913, 15.583426180796396, 15.509868388811528, 15.73128650721971, 15.9497686908313, 15.316737163479447, 15.921842636144104, 15.504535928855505, 15.26218892361251, 15.531921126412986, 15.749438109523222, 15.50567049597146, 15.84800438133219, 15.911564320724883, 15.895283821928547, 15.86728085331137, 15.688201591287228, 15.901683279288461, 16.099741696593092, 15.905165051991013, 15.67343445357481, 16.086040626768348, 15.955860298432839, 15.829081634730052, 16.053011027184745, 15.127613670123035, 15.835070535835436, 15.960952973350956, 15.859422384587372, 15.752975669130786, 15.976524441631058, 15.987443266219147, 15.589740708567914]
ec list [67.55848872581056, 59.965875803897454, 61.397403650115315, 58.65108411020281, 60.234597275906076, 60.0659882877148, 60.040959938674, 59.96093596899732, 59.1093791108831, 59.18915279410492, 59.66302529049505, 59.874073182736936, 58.9190155049658, 59.63196459627107, 59.67273532014524, 59.151492252596086, 59.71706537148639, 61.31432415421165, 59.930019975480754, 58.63223065883433, 59.07715952109998, 59.05504388339846, 59.146610696329326, 59.19294690040373, 58.89804609953072, 58.59812668200134, 58.43822058888076, 58.61501007283247, 58.68680467514834, 58.62499275635195, 58.254427535712274, 58.69476515287309, 59.724546285346904, 58.4128419454214, 58.63647766281437, 58.00025341465948, 59.052393668730694, 59.68661794531527, 59.4551174668325, 58.70876536803484]
jerk list [0.14030303922704995, 0.1017364620631724, 0.23526324290498773, 0.3388640191519983, 0.5614277166703484, 0.5692650153881516, 0.5334300427907581, 0.5230190360370922, 0.4783523659051724, 0.45338141602114107, 0.4967703222505986, 0.5385535819893212, 0.5194669787354891, 0.533116344331205, 0.6348353715739362, 0.5092633762946376, 0.5955284902145124, 0.779511083436778, 0.6737356696449888, 0.4283457769335534, 0.4715322469299007, 0.49667518118162196, 0.49687124046925296, 0.4925938145446404, 0.4570004258740228, 0.41688299519335886, 0.44056140203258937, 0.44057969293911603, 0.43550865694829005, 0.4358035918589053, 0.4126709294319838, 0.4502600980296621, 0.5898108239309798, 0.3925973185915677, 0.3803824174263802, 0.36954723680182355, 0.46599616581418796, 0.5311895455011739, 0.5097550775814612, 0.43728892835304684]