
Env:SUMO, Algorithm:MADDPG, Device:cuda:0
-----------------------------------------
{'algo': 'MADDPG', 'env': 'SUMO', 'seedVal': 20150427, 'gamma': 0.999, 'epsilon': 0.001, 'critic_lr': 0.005, 'actor_lr': 0.0001, 'memory_capacity': 1000000, 'batch_size': 512, 'train_eps': 40, 'eval_eps': 10, 'epsilon_start': 3, 'max_speed': 28, 'target_update': 4, 'hidden_dim': 256, 'soft_tau': 0.01, 'max_action': 2, 'device': device(type='cuda', index=0), 'simulation_steps': 3600, 'pathToSumoFiles': 'rou_net2_single', 'model_dest_path': 'models/', 'model_dest_path_leader': 'single_acce2_speed_8_', 'model_dest_path_follow': '', 'logName': '_acce2_speed_8_gamma0.999000_tua0.010000.txt', 'procID': 22}
seed 20150427
当前的gamma是0.999, 当前的soft tau是0.01
-----------------------------------------
model saved successfully!
Complete training!
final reward list:[-0.6781335532951172, -0.3282128869452964, 0.08375462438503452, 0.12082830429231081, 0.15769156990761563, 0.2385549607639528, 0.304309132349417, 0.30163536070598107, 0.34747975951994675, 0.3793686016694111, 0.396387575171994, 0.41309322872379217, 0.39380532497915405, 0.4143407669401576, 0.42282852752948047, 0.4649076907852011, 0.4604921715781236, 0.48636532091821394, 0.4375027435756909, 0.4624095722323471, 0.45678466197778395, 0.4630415888532871, 0.4140202547877514, 0.41568443999268373, 0.45580680943000257, 0.07534566064408067, 0.19921554577862124, 0.3970138687391267, 0.480808153812281, 0.4660956025602145, 0.4498859255778241, 0.4543939336829615, -0.1875631758578194, 0.3995455586014123, 0.28335911769588273, -0.19479150604405704, 0.08338956098800716, 0.2938231853051084, 0.3490181292353083, 0.32930442904474455]
final halt list:[10.78374607603767, 1.5863407062475747, 0.5769501054111033, 0.7990802971347718, 0.2413162705667276, 0.14022988505747128, 0.04163454124903624, 0.03944954128440367, 0.006690140845070422, 0.0050882969170906915, 0.0, 0.02833771545427987, 0.13333333333333333, 0.016978922716627636, 0.010174418604651164, 0.015659955257270694, 0.006904069767441861, 0.00037965072133637056, 0.0006784260515603799, 0.0, 0.008501594048884165, 0.003779289493575208, 0.00889248181083266, 0.0, 0.011878247958426132, 5.1406351263771874, 1.9817596566523605, 0.2027552101730837, 0.0003621876131836291, 0.0003773584905660377, 0.0, 0.0007163323782234957, 35.3716049382716, 0.018256975542542197, 0.0, 2.955045278137128, 0.726056338028169, 0.025430067314884067, 0.01024428684003152, 0.01690039554117224]
speed reward list:[0.0, 0.0, 0.0, 0.0, 0.0, 0.0, 0.0, 0.0, 0.0, 0.0, 0.0, 0.0, 0.0, 0.0, 0.0, 0.0, 0.0, 0.0, 0.0, 0.0, 0.0, 0.0, 0.0, 0.0, 0.0, 0.0, 0.0, 0.0, 0.0, 0.0, 0.0, 0.0, 0.0, 0.0, 0.0, 0.0, 0.0, 0.0, 0.0, 0.0]
tls reward list:[-0.0005817184468825195, -0.0016704271388742636, -0.0019192333796149606, -0.0015440523013435042, -0.0017027727346000591, -0.001328430290961378, -0.00123220455881875, -0.0012366247983953776, -0.0014414599817426572, -0.0015892406764919326, -0.0012416103239137138, -0.0011563074465889152, -0.0011681066969623753, -0.00121968404951656, -0.001203462029984411, -0.0012662740117563066, -0.0012551321334081276, -0.0012419751763165354, -0.0011858656983168288, -0.0011660546058124398, -0.0011057691400648809, -0.0011305145775669613, -0.0011890627636787074, -0.001098166361924417, -0.0009723192589662237, -0.0010782284699950284, -0.0012477779769347397, -0.0011741822319717376, -0.0009320999098354749, -0.0010562541923685976, -0.0008903424039540837, -0.0008632897655475207, -0.0008024305946678239, -0.0009219295180424503, -0.0009837425861605631, -0.0016173329127226524, -0.0012926569318657541, -0.0009602403898382897, -0.0009546434165011229, -0.0009422858640707881]
target reward list:[-0.6775518348482344, -0.32654245980642216, 0.0856738577646495, 0.12237235659365431, 0.15939434264221572, 0.23988339105491419, 0.30554133690823576, 0.30287198550437644, 0.34892121950168936, 0.380957842345903, 0.3976291854959077, 0.414249536170381, 0.39497343167611637, 0.4155604509896742, 0.4240319895594649, 0.4661739647969575, 0.4617473037115318, 0.48760729609453035, 0.43868860927400777, 0.4635756268381594, 0.4578904311178488, 0.464172103430854, 0.41520931755143015, 0.4167826063546081, 0.4567791286889688, 0.07642388911407569, 0.200463323755556, 0.3981880509710985, 0.48174025372211643, 0.4671518567525831, 0.45077626798177817, 0.4552572234485091, -0.1867607452631514, 0.40046748811945476, 0.28434286028204336, -0.19317417313133442, 0.08468221791987292, 0.29478342569494664, 0.34997277265180937, 0.3302467149088153]
safe reward list [0.0, 0.0, 0.0, 0.0, 0.0, 0.0, 0.0, 0.0, 0.0, 0.0, 0.0, 0.0, 0.0, 0.0, 0.0, 0.0, 0.0, 0.0, 0.0, 0.0, 0.0, 0.0, 0.0, 0.0, 0.0, 0.0, 0.0, 0.0, 0.0, 0.0, 0.0, 0.0, 0.0, 0.0, 0.0, 0.0, 0.0, 0.0, 0.0, 0.0]
speed list [9.053925590706415, 15.719611294270901, 15.635601654245196, 14.86139749199653, 15.456580312862007, 15.406158676771138, 15.19173941023848, 15.209268406335948, 15.17197654623719, 15.199856327251723, 15.329872118480512, 15.420296040810626, 14.606692340962534, 15.537465686999612, 15.338870128894717, 15.691914215064184, 15.80457978060993, 15.998144950685617, 15.560335856479277, 15.796840714441753, 15.739219049308826, 15.956485198145742, 15.888769240678588, 15.662454364000068, 15.748379090044272, 10.568770389447167, 11.540546735174154, 14.32605155463231, 15.925247760755894, 15.719539653425967, 15.526962007048972, 15.415921405068136, 5.271766698011016, 15.399323551501638, 14.527688918111233, 9.621269393426097, 12.36324264355966, 15.549077082316142, 15.849789137109234, 14.746289414940856]
ec list [68.28459962046158, 59.89370384790839, 59.97226984172383, 59.35761283323015, 59.32167227009671, 58.58667107501906, 58.93864195251754, 59.24507788045786, 59.27816857615818, 60.13089354297804, 60.08788913175847, 59.81871745052005, 59.12704226018701, 59.78795013383182, 59.03092591523397, 58.90763970506412, 58.857529131366164, 59.500777186058706, 58.77929480218891, 58.938334173287615, 59.18250190135389, 58.731421791992425, 59.00306804299752, 58.64712307163239, 58.58404370550158, 69.26290646414881, 63.374676873169484, 59.844174555555234, 58.1980332001471, 58.67056155176571, 58.17926740517993, 58.451421143330016, 94.6054431705453, 58.281775666891626, 59.024969990191835, 66.66613924821964, 61.3850838069217, 59.18281258641622, 58.67615602864958, 58.55289715468828]
jerk list [0.15223369581531396, 0.10330023429122036, 0.30321965295522535, 0.3273592041928257, 0.3545771027532128, 0.37665799124041455, 0.38916640633781846, 0.4258167654846822, 0.4864025508708814, 0.6074516311753448, 0.5221827079315869, 0.4996071686524029, 0.5045847367685763, 0.5229565406563459, 0.5268817315356599, 0.5158986659774304, 0.5072360683478434, 0.5164194847728376, 0.4924643822998892, 0.47190758722259707, 0.5053615739537872, 0.4540520832026861, 0.45094585525085595, 0.4330560065506567, 0.4090408994348617, 0.5061657240027208, 0.5149020994131095, 0.5128594529231493, 0.39296245836542565, 0.43557802928545003, 0.41080567372754334, 0.40805363359451746, 0.3766931493897637, 0.40181985984062035, 0.40361115383827084, 0.7278868273576118, 0.6060934353336456, 0.3927401207963588, 0.3644081069267837, 0.3860283940370608]