
Env:SUMO, Algorithm:MADDPG, Device:cuda:1
-----------------------------------------
{'algo': 'MADDPG', 'env': 'SUMO', 'seedVal': 20150427, 'gamma': 0.7, 'epsilon': 0.001, 'critic_lr': 0.005, 'actor_lr': 0.0001, 'memory_capacity': 1000000, 'batch_size': 512, 'train_eps': 40, 'eval_eps': 10, 'epsilon_start': 3, 'max_speed': 28, 'target_update': 4, 'hidden_dim': 256, 'soft_tau': 0.05, 'max_action': 2, 'device': device(type='cuda', index=1), 'simulation_steps': 3600, 'pathToSumoFiles': 'rou_net2_single', 'model_dest_path': 'models/', 'model_dest_path_leader': 'single_acce2_speed_8_', 'model_dest_path_follow': '', 'logName': '_acce2_speed_8_gamma0.700000_tua0.050000.txt', 'procID': 3}
seed 20150427
当前的gamma是0.7, 当前的soft tau是0.05
-----------------------------------------
model saved successfully!
Complete training!
final reward list:[-0.7962350493746708, -0.7979894777138324, -0.7980143385647543, -0.6573637202042154, -0.25318404349696133, 0.0560578445685652, 0.4005673492262295, 0.4232787591617912, 0.4451113809242267, 0.4288766472101074, 0.4477214229739524, 0.4667514891993503, 0.4458523507502597, 0.45982467471894434, 0.4137262164094096, 0.4462497781409796, 0.4594812634102539, 0.4786138951082464, 0.43732280378631044, 0.4439469986187434, 0.4517948290534999, 0.4436172904878617, 0.4451019833307011, 0.44519993150649584, 0.465886673330429, 0.4708203692768441, 0.43972133838968097, 0.46043956482261644, 0.47914180833583664, 0.4466997648212701, 0.46701145783062087, 0.4479884631261588, 0.4632466352255406, 0.44558615623936904, 0.4588947014719991, 0.45734898452885697, 0.45585875095431466, 0.4481944195794608, 0.4262334158786376, 0.45367787269790555]
final halt list:[9.251776508290373, 7.974158402011454, 4.871309506992513, 17.462597035991532, 1.8587716072085325, 0.5151631477927063, 0.027701911822083494, 0.0021705426356589145, 0.00035285815102328866, 0.0, 0.00031220730565095225, 0.0, 0.0, 0.0, 0.0, 0.003732736095558044, 0.0007283321194464676, 0.0, 0.0, 0.0, 0.0, 0.0, 0.015802269043760128, 0.0014245014245014246, 0.0, 0.0, 0.0, 0.0017686593562079944, 0.0, 0.0, 0.0, 0.0, 0.0, 0.0034734282737061478, 0.0, 0.0, 0.0, 0.0, 0.010714285714285714, 0.00579080709373869]
speed reward list:[0.0, 0.0, 0.0, 0.0, 0.0, 0.0, 0.0, 0.0, 0.0, 0.0, 0.0, 0.0, 0.0, 0.0, 0.0, 0.0, 0.0, 0.0, 0.0, 0.0, 0.0, 0.0, 0.0, 0.0, 0.0, 0.0, 0.0, 0.0, 0.0, 0.0, 0.0, 0.0, 0.0, 0.0, 0.0, 0.0, 0.0, 0.0, 0.0, 0.0]
tls reward list:[-6.212188158488338e-05, -6.590086390883218e-05, -8.1660152124932e-05, -0.0007276834538106467, -0.0020148741600095115, -0.0018076148463904915, -0.0011246689483448541, -0.0011210438208237871, -0.001118561613349073, -0.0010149410550094255, -0.0010423483035012972, -0.0010383344230347144, -0.0011558301647103082, -0.0009735601090961313, -0.0011145496051649401, -0.0010450495300670405, -0.0010937939109347651, -0.0010421288232248837, -0.0010811179409829547, -0.0010092277549859374, -0.0009348372590759571, -0.0010682436156370532, -0.001078065981594868, -0.0011005371019884359, -0.0010879965398902295, -0.0009522059888310264, -0.0010695611033043335, -0.0010347009884339974, -0.0010530148153103651, -0.0010277758407108448, -0.0009623981037016056, -0.0009975332858207506, -0.0011314920124602212, -0.0010397598414986584, -0.001012714576541006, -0.0009646133387955007, -0.0009820931280836963, -0.0009104446642732657, -0.0009547827207319886, -0.0009798316243017882]
target reward list:[-0.7961729274930859, -0.7979235768499237, -0.7979326784126295, -0.6566360367504047, -0.2511691693369518, 0.05786545941495572, 0.40169201817457445, 0.424399802982615, 0.4462299425375758, 0.4298915882651168, 0.4487637712774537, 0.467789823622385, 0.44700818091496997, 0.46079823482804044, 0.4148407660145746, 0.44729482767104667, 0.46057505732118864, 0.47965602393147133, 0.4384039217272934, 0.44495622637372945, 0.45272966631257583, 0.4446855341034987, 0.446180049312296, 0.4463004686084843, 0.4669746698703191, 0.4717725752656751, 0.44079089949298533, 0.4614742658110505, 0.4801948231511469, 0.44772754066198095, 0.46797385593432245, 0.4489859964119795, 0.46437812723800076, 0.4466259160808677, 0.4599074160485402, 0.45831359786765247, 0.45684084408239833, 0.449104864243734, 0.42718819859936963, 0.45465770432220737]
safe reward list [0.0, 0.0, 0.0, 0.0, 0.0, 0.0, 0.0, 0.0, 0.0, 0.0, 0.0, 0.0, 0.0, 0.0, 0.0, 0.0, 0.0, 0.0, 0.0, 0.0, 0.0, 0.0, 0.0, 0.0, 0.0, 0.0, 0.0, 0.0, 0.0, 0.0, 0.0, 0.0, 0.0, 0.0, 0.0, 0.0, 0.0, 0.0, 0.0, 0.0]
speed list [2.8845915524105004, 1.528620787501159, 3.246296606252756, 6.63956925978601, 14.553872479548373, 15.545619064407092, 15.731357620863067, 15.872671462664588, 15.931017323853206, 15.728035474111753, 16.09033957433525, 16.22868888367911, 15.503300398801844, 16.212783015041225, 15.718522011311487, 15.837623989516295, 15.958078234050916, 16.132858330697353, 15.716895609778986, 15.943310516775545, 16.016719248870775, 16.044301109368654, 16.004802415827985, 15.823268377254081, 16.01676962735196, 16.162330581983525, 16.047198952079818, 15.786225204324795, 16.18852936494591, 16.025027042111788, 15.876272597877579, 16.10323865726339, 15.689228868079754, 15.863003080872028, 16.02205885214328, 15.907901095182353, 16.152230999027992, 16.24793218010304, 16.216737981448883, 15.824597009953607]
ec list [157.08173315949418, 104.70384668966938, 70.88262018847665, 77.80168183630269, 61.759477744508196, 60.52316826352192, 58.78800258802874, 58.674213859137595, 58.41950930950016, 58.67100381229299, 58.924690411394494, 58.835720263222676, 58.30701855936217, 58.44441068362232, 58.162178134276715, 58.16246775920365, 58.295627274373125, 58.71342334816052, 58.23665669084652, 58.2468782868208, 58.431275079529286, 58.32419388177453, 58.399983501133356, 58.438737591632744, 58.45052946753827, 58.22261896292803, 57.96476331525968, 58.19512713434323, 58.161192352558764, 58.1688748223014, 58.09091924110095, 58.13661980407109, 58.32379599112079, 58.24519811355025, 58.226691386664406, 57.90076502184973, 57.96173873150433, 58.349619732168804, 58.317200130828226, 57.94677869104251]
jerk list [0.03799304396671139, 0.11598287640195468, 0.021970299454185688, 0.23145622193596888, 0.19356805577222172, 0.26892234714423496, 0.39019098663105206, 0.40423005533976025, 0.41708161900862606, 0.39725075035045365, 0.3734737708413634, 0.37070149333286506, 0.4174512650355622, 0.34732533880801075, 0.3966540746793387, 0.38221451454652366, 0.37577004568217004, 0.3729971894479655, 0.40075900444731694, 0.3570105609570634, 0.3567938893692655, 0.366638474378631, 0.3726985928917392, 0.37453555966239915, 0.3780644922771127, 0.35040828436107013, 0.3605114592874529, 0.3834084745303471, 0.36591874177189787, 0.34539142940924494, 0.371078351722749, 0.35854877880668423, 0.3838592910248814, 0.3703393586957443, 0.34845698223686017, 0.3582922316536629, 0.343941957682353, 0.3502561630071381, 0.3334583484500328, 0.3505964214626133]