
Env:SUMO, Algorithm:MADDPG, Device:cuda:0
-----------------------------------------
{'algo': 'MADDPG', 'env': 'SUMO', 'seedVal': 20150427, 'gamma': 0.9, 'epsilon': 0.001, 'critic_lr': 0.005, 'actor_lr': 0.0001, 'memory_capacity': 1000000, 'batch_size': 512, 'train_eps': 40, 'eval_eps': 10, 'epsilon_start': 3, 'max_speed': 28, 'target_update': 4, 'hidden_dim': 256, 'soft_tau': 0.01, 'max_action': 2, 'device': device(type='cuda', index=0), 'simulation_steps': 3600, 'pathToSumoFiles': 'rou_net2_single', 'model_dest_path': 'models/', 'model_dest_path_leader': 'single_acce2_speed_8_', 'model_dest_path_follow': '', 'logName': '_acce2_speed_8_gamma0.900000_tua0.010000.txt', 'procID': 12}
seed 20150427
当前的gamma是0.9, 当前的soft tau是0.01
-----------------------------------------
model saved successfully!
Complete training!
final reward list:[-0.7959954098874852, -0.3242138469255742, 0.010623693460198818, 0.3107284012085638, 0.41035716989680326, 0.44362339092188335, 0.47423679395278706, 0.43772494728399947, 0.445668028040367, 0.4333912570138085, 0.4681348757993231, 0.48272740598534486, 0.45743639897709837, 0.45060841760250464, 0.4431787660010495, 0.4506141036589632, 0.45491964696000853, 0.4754365303540058, 0.4554161133399812, 0.4560396266082536, 0.43367632597117745, 0.4567320027161534, 0.44065516773549507, 0.46478888886983094, 0.4806232207484836, 0.46257660718002974, 0.46327965120840087, 0.44827412905635744, 0.48211585331749635, 0.4582165903127524, 0.4573694615946424, 0.44389143206353615, 0.4680240584498565, 0.4335813666302875, 0.43657948653809114, 0.4399491239043007, 0.46429482999091004, 0.46943834908414744, 0.45534724521335834, 0.4403523146862312]
final halt list:[7.0562909293576705, 1.669126213592233, 1.0429769392033543, 0.077577045696068, 0.005897530409141172, 0.007689350249903883, 0.0, 0.0, 0.0, 0.0, 0.0, 0.0, 0.0, 0.0, 0.0, 0.005227781926811053, 0.0, 0.0, 0.0, 0.0, 0.0, 0.0, 0.00931174089068826, 0.0, 0.0, 0.0, 0.0, 0.0, 0.0, 0.0, 0.0, 0.0, 0.0, 0.0020840569642236887, 0.0, 0.0006664445184938354, 0.0, 0.0, 0.010309278350515464, 0.0003620564808110065]
speed reward list:[0.0, 0.0, 0.0, 0.0, 0.0, 0.0, 0.0, 0.0, 0.0, 0.0, 0.0, 0.0, 0.0, 0.0, 0.0, 0.0, 0.0, 0.0, 0.0, 0.0, 0.0, 0.0, 0.0, 0.0, 0.0, 0.0, 0.0, 0.0, 0.0, 0.0, 0.0, 0.0, 0.0, 0.0, 0.0, 0.0, 0.0, 0.0, 0.0, 0.0]
tls reward list:[-9.31991572241429e-05, -0.0015782057261357863, -0.0014905313515064926, -0.0015163433427840295, -0.0014401488128520587, -0.0012954774057044756, -0.0011389910308872613, -0.0011360415690714481, -0.0011410263311683762, -0.0010266747323800206, -0.0010098876211671636, -0.0010671011945225287, -0.0011486349788501183, -0.001056266969137796, -0.0011138410417278273, -0.0011138250922626454, -0.00112981988966516, -0.0010652867694993285, -0.001075815746051111, -0.0010271597373990374, -0.0009847806800091234, -0.0010753353881590368, -0.0011110557220753619, -0.0010801316700454924, -0.0010826058869708448, -0.0010231741184992683, -0.001086106099857825, -0.001047141753212499, -0.001058023659201751, -0.0010490005752551179, -0.0009541001694060802, -0.00098137054587076, -0.0011144659347478792, -0.0010643158943360851, -0.000998485846611644, -0.000971070569938167, -0.0009567922271535784, -0.0009053166959598341, -0.0009700649933751228, -0.0009958436837607515]
target reward list:[-0.7959022107302609, -0.3226356411994384, 0.012114224811705342, 0.3122447445513478, 0.41179731870965525, 0.4449188683275878, 0.47537578498367433, 0.4388609888530709, 0.4468090543715354, 0.4344179317461885, 0.4691447634204903, 0.48379450717986733, 0.45858503395594846, 0.4516646845716424, 0.44429260704277734, 0.4517279287512259, 0.4560494668496737, 0.47650181712350503, 0.45649192908603237, 0.4570667863456527, 0.4346611066511865, 0.45780733810431246, 0.4417662234575705, 0.4658690205398765, 0.4817058266354545, 0.463599781298529, 0.4643657573082587, 0.44932127080956996, 0.4831738769766981, 0.45926559088800756, 0.4583235617640485, 0.4448728026094068, 0.46913852438460424, 0.4346456825246237, 0.4375779723847028, 0.44092019447423886, 0.46525162221806365, 0.4703436657801073, 0.4563173102067335, 0.44134815836999186]
safe reward list [0.0, 0.0, 0.0, 0.0, 0.0, 0.0, 0.0, 0.0, 0.0, 0.0, 0.0, 0.0, 0.0, 0.0, 0.0, 0.0, 0.0, 0.0, 0.0, 0.0, 0.0, 0.0, 0.0, 0.0, 0.0, 0.0, 0.0, 0.0, 0.0, 0.0, 0.0, 0.0, 0.0, 0.0, 0.0, 0.0, 0.0, 0.0, 0.0, 0.0]
speed list [3.226695171427814, 15.36305722176449, 15.474091022598456, 15.364449984550117, 15.499716419548452, 15.76319905699911, 16.022156321656443, 15.932357289100604, 15.946386680915387, 15.736427936077275, 16.07273801927309, 16.220357584286763, 15.523626504705936, 16.206059397730137, 15.700894635634489, 15.822873506842685, 15.942878850982561, 16.108959950822484, 15.706485498410748, 15.93759715907845, 16.003973253574507, 16.04506186531683, 16.00022922870339, 15.814015600618399, 16.01759864721071, 16.161276807773064, 16.021915550242834, 15.763308397850748, 16.18320874011965, 16.02542862476447, 15.867731628007801, 16.113973583055465, 15.68156797846646, 15.88654394749435, 16.03237554167959, 15.88721161711693, 16.14156230263305, 16.25546087018042, 16.213433221725975, 15.818116168921678]
ec list [111.74700845200121, 60.55301689988328, 59.82161655019675, 58.874381005743714, 58.90591139128838, 58.72339826242455, 58.66510243662026, 58.686423510384486, 58.43626078721806, 58.62040901739064, 58.96354183061712, 58.91846279473918, 58.354878114533065, 58.6149404569975, 58.276825783872084, 58.219784806246246, 58.34492581404867, 58.90332820360151, 58.30833630657353, 58.351756471024956, 58.63916164250048, 58.44944698218889, 58.48910583961655, 58.44799367571539, 58.39561468520169, 58.31655311210914, 58.05230761734082, 58.18863715600466, 58.12409427778639, 58.31818521087778, 58.062125359884035, 58.08961667232642, 58.25431754522391, 58.37936132973169, 58.19655146459909, 58.00824344231678, 58.014459479713935, 58.50066890719184, 58.308915401999336, 57.92365941680086]
jerk list [0.04539874787838158, 0.13943061460544043, 0.20742451027891812, 0.41760986920091014, 0.4810191867652111, 0.4293684820987875, 0.40018306676651655, 0.3842815033769013, 0.3906759690873375, 0.3916267769846723, 0.36092867572812054, 0.36868295532802925, 0.40363373766273647, 0.3613400319177367, 0.38506964610178734, 0.3820963091583627, 0.37555487410902744, 0.38471629488217035, 0.3940423550437621, 0.37316561182700364, 0.3770877294730985, 0.372221164532876, 0.38689232677948376, 0.39051308491818576, 0.3789589390101314, 0.3574955114881755, 0.35333855041750495, 0.3755296911267412, 0.3563186800947993, 0.3522127664449747, 0.36438692674399553, 0.34060631127119084, 0.37205110109836337, 0.370962970141567, 0.3366788178390019, 0.35293420219518123, 0.34830642262945144, 0.34662687353563326, 0.33607970573838825, 0.3558110289691985]