
Env:SUMO, Algorithm:MADDPG, Device:cuda:1
-----------------------------------------
{'algo': 'MADDPG', 'env': 'SUMO', 'seedVal': 20150427, 'gamma': 0.999, 'epsilon': 0.001, 'critic_lr': 0.005, 'actor_lr': 0.0001, 'memory_capacity': 1000000, 'batch_size': 512, 'train_eps': 40, 'eval_eps': 10, 'epsilon_start': 3, 'max_speed': 28, 'target_update': 4, 'hidden_dim': 256, 'soft_tau': 0.005, 'max_action': 2, 'device': device(type='cuda', index=1), 'simulation_steps': 3600, 'pathToSumoFiles': 'rou_net2_single', 'model_dest_path': 'models/', 'model_dest_path_leader': 'single_acce2_speed_8_', 'model_dest_path_follow': '', 'logName': '_acce2_speed_8_gamma0.999000_tua0.005000.txt', 'procID': 21}
seed 20150427
当前的gamma是0.999, 当前的soft tau是0.005
-----------------------------------------
model saved successfully!
Complete training!
final reward list:[-0.7868952348074908, -0.4884778065730827, -0.07685097064110787, 0.0723987845654541, 0.1113072518179459, 0.18544671022406506, 0.0712295399384841, -0.10555908254082505, -0.11644428131376397, 0.004598262598698433, 0.22034937899236062, 0.3033223085577094, 0.2956047501790794, 0.3488775846809402, 0.35961796008610575, 0.36644924576910126, 0.34126409705234667, 0.3399994244351521, 0.35786453603794627, 0.35178980065778853, 0.3301033848073293, 0.3303500405433091, 0.3019464739997031, 0.3931756135793757, 0.36911408857019185, 0.23712404198247006, 0.37593191993042063, 0.4238032460814288, 0.44283317394021665, 0.4266639426447337, 0.4507154059068255, 0.4179938209312548, 0.4152100742741558, 0.43577689087164356, 0.45407122334748246, 0.44439571852770166, -0.16802771673121336, 0.3998586741527813, -0.5777607858203744, -0.4331816906004811]
final halt list:[66.94356973665877, 26.82090132090132, 0.8353230337078652, 0.7486725663716814, 0.6927044952100221, 0.383352424589538, 0.8072196620583717, 1.896875947831362, 1.3179611650485437, 0.3535961480589829, 0.05583281347473487, 0.010198135198135198, 0.02055306427503737, 0.0049620548744892, 0.002527988443481401, 0.018154872174879585, 0.0, 0.0003785011355034065, 0.0, 0.0, 0.07350367518375919, 0.07410179640718563, 0.08289738430583501, 0.0, 0.01935719503287071, 0.6487351905219341, 0.08152367390530438, 0.007399577167019027, 0.0, 0.0, 0.0, 0.0, 0.0, 0.005555555555555556, 0.0018264840182648401, 0.0013271400132714001, 11.814814814814815, 0.001520912547528517, 57.748134885108925, 30.587044534412957]
speed reward list:[0.0, 0.0, 0.0, 0.0, 0.0, 0.0, 0.0, 0.0, 0.0, 0.0, 0.0, 0.0, 0.0, 0.0, 0.0, 0.0, 0.0, 0.0, 0.0, 0.0, 0.0, 0.0, 0.0, 0.0, 0.0, 0.0, 0.0, 0.0, 0.0, 0.0, 0.0, 0.0, 0.0, 0.0, 0.0, 0.0, 0.0, 0.0, 0.0, 0.0]
tls reward list:[-0.00015721623384790513, -0.0015772848243128328, -0.002038358239836932, -0.0016415711482233543, -0.0015350703468278068, -0.0013565240168953475, -0.0013913666935534915, -0.001376559471875995, -0.0015284249276932614, -0.0013610070283522687, -0.001572834578102733, -0.0014332437698229739, -0.0016976121765927674, -0.0020323648472424976, -0.0018442536918671392, -0.0014872597303831182, -0.0014046636654323561, -0.001249472642096725, -0.0012024390802326673, -0.0011348576272131893, -0.0012023176939153807, -0.0012620977646394188, -0.001379501485909203, -0.0013855430934347364, -0.001444324180263245, -0.0012336921993529864, -0.0012237177608392406, -0.0010192333383352635, -0.00117035292132975, -0.0011920987866622665, -0.0013037915013679202, -0.0013123737105492103, -0.001463583570519465, -0.0012077107041888226, -0.0011705087504023787, -0.0011140007383695519, -0.0009125850399533411, -0.0012984047958375573, -0.0005229790726990516, -0.000718764617239439]
target reward list:[-0.786738018573643, -0.48690052174876974, -0.07481261240127092, 0.07404035571367744, 0.11284232216477372, 0.18680323424096038, 0.0726209066320376, -0.10418252306894905, -0.11491585638607073, 0.005959269627050718, 0.22192221357046332, 0.3047555523275324, 0.2973023623556721, 0.35090994952818266, 0.3614622137779729, 0.3679365054994843, 0.3426687607177791, 0.3412488970772488, 0.359066975118179, 0.35292465828500175, 0.3313057025012447, 0.3316121383079485, 0.3033259754856123, 0.39456115667281044, 0.3705584127504551, 0.23835773418182304, 0.3771556376912599, 0.42482247941976403, 0.4440035268615463, 0.42785604143139594, 0.4520191974081934, 0.4193061946418041, 0.4166736578446752, 0.43698460157583247, 0.4552417320978849, 0.44550971926607125, -0.16711513169125988, 0.4011570789486188, -0.5772378067476751, -0.43246292598324154]
safe reward list [0.0, 0.0, 0.0, 0.0, 0.0, 0.0, 0.0, 0.0, 0.0, 0.0, 0.0, 0.0, 0.0, 0.0, 0.0, 0.0, 0.0, 0.0, 0.0, 0.0, 0.0, 0.0, 0.0, 0.0, 0.0, 0.0, 0.0, 0.0, 0.0, 0.0, 0.0, 0.0, 0.0, 0.0, 0.0, 0.0, 0.0, 0.0, 0.0, 0.0]
speed list [1.9656557913719999, 5.189827776952249, 15.909070027652202, 16.100982219408184, 15.77007140575084, 15.600181875453023, 13.761919286661486, 11.160808113282346, 11.350165725329067, 13.020074589280712, 15.798504860723142, 15.573491537512473, 14.965262385964985, 15.300366008483227, 15.195818379839823, 15.128808062363957, 15.238811437655528, 15.556005910607263, 15.187368947024819, 15.090651677345297, 14.629807314104443, 14.258531546989172, 14.229619996798357, 14.94804241387601, 14.35321370234458, 12.307669167647717, 14.289196727007528, 15.350479296753056, 15.572751573230162, 15.41923923694546, 15.585068256298515, 15.323035132411675, 15.20961427105401, 15.571603717734014, 15.775360544713351, 15.425241733868779, 5.673991668935036, 14.662769649747943, 2.9223070696851994, 5.329679091175817]
ec list [185.79445634905767, 93.18492041660079, 59.68274787607976, 58.381999955471215, 58.97766638318544, 59.26609814828123, 60.974238368070694, 63.77866681744637, 63.083422001279054, 60.91183141953922, 60.20023688156588, 60.088787723906925, 59.91115812846851, 61.04612926725059, 60.59432395712423, 59.778116897765585, 59.71080567781306, 59.575452658883854, 58.93476585908723, 59.12022024920857, 60.07640885507764, 60.31947588287014, 60.50828109365147, 60.09586413810868, 60.58322327140502, 62.195350730097395, 59.888334413332245, 58.63501190023035, 59.108767641345985, 59.43878045485352, 59.44204921630205, 60.16080653532546, 60.07566062419304, 59.50710312156587, 59.210447546484176, 59.26153629577966, 85.45815793460378, 60.536820031580525, 152.55605662988833, 96.85089452651965]
jerk list [0.04735697113176255, 0.49442291678905964, 0.1533989529125445, 0.15930167855155658, 0.2892897916659869, 0.3487614614119256, 0.41332116231744853, 0.49900752357256845, 0.6366749079766925, 0.42666732502163285, 0.33590066833206955, 0.527954199014454, 0.639876709949005, 0.7650007787583862, 0.745015896369129, 0.6277710166208662, 0.5813065756257231, 0.5440327759492266, 0.5595387924369302, 0.4650396729280801, 0.5248560358494617, 0.5431065253322059, 0.5803707172026855, 0.6037403807445849, 0.6083436443291484, 0.5583124572817568, 0.5600860785007966, 0.46299459182956204, 0.5241109003738301, 0.5283118212803172, 0.5867873653125749, 0.6452667107407333, 0.6242520440676533, 0.501744464102155, 0.47907189183379384, 0.5152557272956454, 0.5506023882458766, 0.6427426679935957, 0.2535911623978396, 0.37797630423332423]