
Env:SUMO, Algorithm:MADDPG, Device:cuda:1
-----------------------------------------
{'algo': 'MADDPG', 'env': 'SUMO', 'seedVal': 20150427, 'gamma': 0.9, 'epsilon': 0.001, 'critic_lr': 0.005, 'actor_lr': 0.0001, 'memory_capacity': 1000000, 'batch_size': 512, 'train_eps': 40, 'eval_eps': 10, 'epsilon_start': 3, 'max_speed': 28, 'target_update': 4, 'hidden_dim': 256, 'soft_tau': 0.05, 'max_action': 2, 'device': device(type='cuda', index=1), 'simulation_steps': 3600, 'pathToSumoFiles': 'rou_net2_single', 'model_dest_path': 'models/', 'model_dest_path_leader': 'single_acce2_speed_8_', 'model_dest_path_follow': '', 'logName': '_acce2_speed_8_gamma0.900000_tua0.050000.txt', 'procID': 13}
seed 20150427
当前的gamma是0.9, 当前的soft tau是0.05
-----------------------------------------
model saved successfully!
Complete training!
final reward list:[-0.7963763790297748, -0.7991148318931288, -0.7980668610913362, -0.7527897984889698, -0.19518390003687439, 0.2293181389602005, 0.3000800778673424, 0.37526734034124287, 0.4374595072183827, 0.4464750862152123, 0.4691411393349847, 0.49687538685079036, 0.45947551988034013, 0.46552385288671405, 0.4538427106841994, 0.4682142012273892, 0.47337772743887563, 0.46542582500596236, 0.4640015165808559, 0.45919700027345883, 0.4453594522159222, 0.4549180185983169, 0.4412271416352138, 0.45379726484274147, 0.4799107704143136, 0.47255592860410267, 0.46566714795192243, 0.4625586870409198, 0.49217082551822977, 0.4670373372379628, 0.4828755930295568, 0.46143354889836913, 0.4681529719728336, 0.43542831532373544, 0.4624854192380985, 0.46624089120959467, 0.48583027831861036, 0.4515375673976709, 0.46975065522349546, 0.4550817994096794]
final halt list:[5.7829176536157165, 6.985612515714485, 5.002401469134059, 9.7418552598856, 1.0846153846153845, 0.22171077867280398, 0.22313084112149534, 0.03125, 0.0, 0.0, 0.0, 0.0, 0.0, 0.0, 0.0, 0.008961911874533234, 0.0, 0.0, 0.0, 0.0, 0.0, 0.0, 0.013371150729335495, 0.0, 0.0, 0.0, 0.0, 0.0, 0.0, 0.0, 0.0, 0.0, 0.0, 0.0006951685783802572, 0.0, 0.0, 0.0, 0.0, 0.0035657686212361333, 0.0]
speed reward list:[0.0, 0.0, 0.0, 0.0, 0.0, 0.0, 0.0, 0.0, 0.0, 0.0, 0.0, 0.0, 0.0, 0.0, 0.0, 0.0, 0.0, 0.0, 0.0, 0.0, 0.0, 0.0, 0.0, 0.0, 0.0, 0.0, 0.0, 0.0, 0.0, 0.0, 0.0, 0.0, 0.0, 0.0, 0.0, 0.0, 0.0, 0.0, 0.0, 0.0]
tls reward list:[-5.683418175839485e-05, -3.127951900013449e-05, -9.287606854759319e-05, -0.0003625617779082707, -0.002134276589424225, -0.0018413317045790961, -0.001460756066657145, -0.0012421325619347558, -0.0011632371988643184, -0.0010408290135198433, -0.000998611085736373, -0.001097760730817189, -0.0012167479947266307, -0.001067065049376941, -0.0011553791650120075, -0.001169082686116561, -0.0011526236802608346, -0.0011194369420010025, -0.0011253745914165984, -0.0010072158492221005, -0.0010254299418273112, -0.0010980238377957111, -0.0010951405885553907, -0.0011302546103698105, -0.0011154804883198909, -0.0010372449540570893, -0.0011079163097332011, -0.0010867914178162752, -0.0010791417247281493, -0.001090282409543536, -0.001012177156315238, -0.0010515940023026837, -0.0011569296339631252, -0.0011212264962130716, -0.0010113785958151794, -0.001001917736033938, -0.0009806167299469387, -0.0009395271818919853, -0.0009960018451972761, -0.0010087545940769907]
target reward list:[-0.7963195448480163, -0.7990835523741286, -0.7979739850227885, -0.7524272367110615, -0.19304962344745014, 0.23115947066477968, 0.30154083393399955, 0.3765094729031776, 0.43862274441724713, 0.44751591522873213, 0.4701397504207211, 0.49797314758160754, 0.4606922678750668, 0.4665909179360909, 0.45499808984921136, 0.46938328391350576, 0.47453035111913655, 0.4665452619479633, 0.46512689117227257, 0.4602042161226809, 0.44638488215774963, 0.45601604243611255, 0.44232228222376924, 0.45492751945311133, 0.48102625090263346, 0.4735931735581597, 0.46677506426165566, 0.4636454784587361, 0.49324996724295794, 0.46812761964750627, 0.48388777018587203, 0.4624851429006718, 0.46930990160679675, 0.43654954181994843, 0.46349679783391373, 0.4672428089456286, 0.48681089504855724, 0.452477094579563, 0.47074665706869284, 0.45609055400375653]
safe reward list [0.0, 0.0, 0.0, 0.0, 0.0, 0.0, 0.0, 0.0, 0.0, 0.0, 0.0, 0.0, 0.0, 0.0, 0.0, 0.0, 0.0, 0.0, 0.0, 0.0, 0.0, 0.0, 0.0, 0.0, 0.0, 0.0, 0.0, 0.0, 0.0, 0.0, 0.0, 0.0, 0.0, 0.0, 0.0, 0.0, 0.0, 0.0, 0.0, 0.0]
speed list [3.6879043741226805, 0.8440139607555015, 3.5424396071242255, 8.819012485055323, 15.166992654135711, 15.417623258651147, 14.564712647117803, 15.557414960012238, 15.922115422356377, 15.713748763076374, 16.03601574583286, 16.202389942353996, 15.505583451010606, 16.18758176624026, 15.705546358263687, 15.832687343581235, 15.96386999053074, 16.123205595898654, 15.713719679586445, 15.933301782242623, 15.9843591421678, 16.018700377063617, 15.972045625093935, 15.764578646806179, 15.930542561243547, 16.112255334963375, 16.000281169482648, 15.728275292944549, 16.13242846194061, 15.977214814313344, 15.828611662137616, 16.05611623481813, 15.681405860871307, 15.85699274594613, 16.014173339257166, 15.890186097398383, 16.142268285353616, 16.238619068526383, 16.19494889649314, 15.821036038948401]
ec list [131.95198169200506, 234.04260921201433, 57.64413328853167, 69.2994860648533, 61.072463067786515, 60.18703493602976, 60.21299129255249, 59.26616241575805, 58.65895615228705, 58.97527371722888, 59.13987316588046, 59.14963237316896, 58.604184682865935, 58.68381885930742, 58.30287808765136, 58.31320686678954, 58.390858423940315, 58.86008109473992, 58.28569248070153, 58.357126292291234, 58.756075341801186, 58.55501333918615, 58.52058937543722, 58.6386234808466, 58.631479409226976, 58.41013701348877, 58.28093100192603, 58.35559558726523, 58.21106215572791, 58.445677797280496, 58.28061437982392, 58.36112203867878, 58.40336096754608, 58.44579401837251, 58.389145602782605, 58.00465425477621, 58.05754995901946, 58.485939846022305, 58.49760715439005, 58.0900880061952]
jerk list [0.038225451346930894, 0.01659382082283908, 0.0175685314929223, 0.16111544415462106, 0.20345912136931915, 0.43844700230543254, 0.40257536506716607, 0.41193165565085493, 0.43242004291366376, 0.42220821216660126, 0.40155856218516733, 0.40505665121175305, 0.4596329383018764, 0.3957060691913854, 0.4299527585568235, 0.41273134907127484, 0.3945601382564865, 0.40874985717099555, 0.4198571320629474, 0.3861516231537627, 0.39239420538997416, 0.39918440976802383, 0.3922748168603903, 0.40925036220078786, 0.40242772162591434, 0.38330453617960814, 0.3833790877383865, 0.4111495258466308, 0.37977625547364907, 0.3856620195380717, 0.40711704279311683, 0.3971444010266597, 0.40335460878933543, 0.3922385601788618, 0.369392449611168, 0.39132643134554407, 0.3706474448220367, 0.37015775726515926, 0.3773521287279975, 0.3762749039047191]