
Env:SUMO, Algorithm:MADDPG, Device:cuda:1
-----------------------------------------
{'algo': 'MADDPG', 'env': 'SUMO', 'seedVal': 20150427, 'gamma': 0.99, 'epsilon': 0.001, 'critic_lr': 0.005, 'actor_lr': 0.0001, 'memory_capacity': 1000000, 'batch_size': 512, 'train_eps': 40, 'eval_eps': 10, 'epsilon_start': 3, 'max_speed': 28, 'target_update': 4, 'hidden_dim': 256, 'soft_tau': 0.01, 'max_action': 2, 'device': device(type='cuda', index=1), 'simulation_steps': 3600, 'pathToSumoFiles': 'rou_net2_single', 'model_dest_path': 'models/', 'model_dest_path_leader': 'single_acce2_speed_8_', 'model_dest_path_follow': '', 'logName': '_acce2_speed_8_gamma0.990000_tua0.010000.txt', 'procID': 17}
seed 20150427
当前的gamma是0.99, 当前的soft tau是0.01
-----------------------------------------
model saved successfully!
Complete training!
final reward list:[-0.7377140030339532, -0.2594077446906799, 0.15286543645685116, 0.16876923158631038, 0.2199561577285024, 0.31300502888732384, 0.36535589065706153, 0.3764349835638344, 0.3623279665052178, 0.3758901410746069, 0.41957657773309753, 0.4625500475601176, 0.4329668897919069, 0.4540169493780655, 0.4402161027385782, 0.4649926193982078, 0.48005003974075877, 0.49794519516832153, 0.4718149609494327, 0.47300546670164495, 0.45219359818938304, 0.46504113111394246, 0.42802862510419754, 0.47093698035891174, 0.49084771196115623, 0.4748304403800188, 0.46909799583283696, 0.46005810393318797, 0.4838109207555475, 0.4410997772016759, 0.4922147679630691, 0.46261237125558363, 0.48548223300628474, 0.4525748038984491, 0.47136548887703744, 0.47143900471374045, 0.44774584236118586, 0.4321262538946546, 0.47730682903908916, 0.47619343898832783]
final halt list:[8.757778423960454, 2.1701631701631703, 0.33697567853366234, 0.192403265885694, 0.16734093416697315, 0.07606607760276604, 0.019425019425019424, 0.004319654427645789, 0.0, 0.0006006006006006006, 0.0, 0.0, 0.0, 0.0, 0.0, 0.0070921985815602835, 0.0, 0.0, 0.0, 0.0, 0.0, 0.0, 0.008870967741935484, 0.0, 0.0, 0.0, 0.0, 0.0010608203677510608, 0.0, 0.0, 0.0, 0.0, 0.013986013986013986, 0.0017367141368530739, 0.0, 0.0, 0.0, 0.0, 0.002768987341772152, 0.000723589001447178]
speed reward list:[0.0, 0.0, 0.0, 0.0, 0.0, 0.0, 0.0, 0.0, 0.0, 0.0, 0.0, 0.0, 0.0, 0.0, 0.0, 0.0, 0.0, 0.0, 0.0, 0.0, 0.0, 0.0, 0.0, 0.0, 0.0, 0.0, 0.0, 0.0, 0.0, 0.0, 0.0, 0.0, 0.0, 0.0, 0.0, 0.0, 0.0, 0.0, 0.0, 0.0]
tls reward list:[-0.0003915263877267025, -0.001606751554649868, -0.0016478489124267907, -0.0018624331011823842, -0.0016825012197023382, -0.0014589807933387683, -0.001362736454483798, -0.0015299180603289574, -0.0016975260474361127, -0.001658899243544367, -0.0014623721531972593, -0.0011920418797866622, -0.00119287837063102, -0.001126078672591446, -0.0012956536541137164, -0.0012512376522636076, -0.0011856466243487219, -0.0012094349838918227, -0.0011720657863991072, -0.00107641284965261, -0.001003799220175538, -0.001199368516316578, -0.0012852147150128118, -0.001186568084560039, -0.0011793089168888559, -0.0011514893050598187, -0.0011474283638075288, -0.0012083354969177665, -0.001340705560269155, -0.0012927463057817396, -0.0011494390175451246, -0.0009919029233481473, -0.0010772018407944949, -0.0010256727374632925, -0.001011639182341688, -0.0010392561051477504, -0.0013958127338490407, -0.001199966582510994, -0.0009638460457755818, -0.0010136704293434893]
target reward list:[-0.7373224766462265, -0.25780099313603005, 0.15451328536927797, 0.17063166468749275, 0.22163865894820473, 0.3144640096806626, 0.3667186271115454, 0.3779649016241633, 0.36402549255265393, 0.37754904031815123, 0.4210389498862948, 0.4637420894399043, 0.4341597681625379, 0.455143028050657, 0.44151175639269186, 0.46624385705047144, 0.4812356863651075, 0.49915463015221334, 0.47298702673583176, 0.4740818795512976, 0.45319739740955867, 0.466240499630259, 0.42931383981921034, 0.4721235484434717, 0.492027020878045, 0.4759819296850787, 0.47024542419664445, 0.4612664394301057, 0.48515162631581665, 0.44239252350745767, 0.49336420698061423, 0.4636042741789318, 0.48655943484707925, 0.4536004766359123, 0.4723771280593791, 0.4724782608188881, 0.44914165509503484, 0.4333262204771656, 0.47827067508486476, 0.47720710941767125]
safe reward list [0.0, 0.0, 0.0, 0.0, 0.0, 0.0, 0.0, 0.0, 0.0, 0.0, 0.0, 0.0, 0.0, 0.0, 0.0, 0.0, 0.0, 0.0, 0.0, 0.0, 0.0, 0.0, 0.0, 0.0, 0.0, 0.0, 0.0, 0.0, 0.0, 0.0, 0.0, 0.0, 0.0, 0.0, 0.0, 0.0, 0.0, 0.0, 0.0, 0.0]
speed list [9.168477987049252, 14.643112710812654, 15.96146026695915, 15.77834459082172, 15.389255722425593, 15.453024605319055, 15.863690797264868, 15.830046841752228, 15.850226913886317, 15.514930893870291, 15.956484363871281, 16.1421808343315, 15.47117901021933, 16.112026264752192, 15.642848610661414, 15.749080730314162, 15.928162372692993, 16.097520921507385, 15.698301670828975, 15.898408799923722, 15.959746590724249, 15.974718195813, 15.67755654671789, 15.722538605531623, 16.00665546741404, 16.137731239963834, 15.973715851450043, 15.719710592811156, 15.947025376453743, 15.343510856562125, 15.822799059808673, 16.05388731181293, 15.636250783909379, 15.808410344168145, 16.033993272546606, 15.827968465891512, 15.92179171331169, 15.763634300830683, 15.989721892781304, 15.721342699559312]
ec list [65.39049403858355, 61.1035247767255, 59.48159059080686, 59.024906706708855, 59.071079377581704, 58.73593274023935, 58.92234840984139, 59.43815095581732, 59.3908588545506, 60.1173627233926, 60.130718680065584, 59.50263994755143, 58.62593534081446, 58.97703521647617, 58.77583416599202, 58.83106727223201, 58.71268677032717, 59.297666252768515, 58.461022897873754, 58.676263898791994, 58.779843676516634, 58.80478160899677, 59.20365077891195, 59.01573686320093, 58.73601150144787, 58.77486527334053, 58.29290823253862, 58.60450389043529, 59.12486915490916, 59.41629782432814, 58.78784853040258, 58.446188402729014, 58.4141016076623, 58.36014277365037, 58.3667141488886, 58.19536258613851, 58.80285101020217, 59.706384674088774, 58.75146751452856, 58.18854193191835]
jerk list [0.15544778435120002, 0.2022127566558547, 0.30455141446550593, 0.3125482005995851, 0.39631082764627246, 0.41111226265406015, 0.41321192708720766, 0.5145950047939389, 0.5257548864501109, 0.6261313501777955, 0.5412460252280353, 0.46838185466533966, 0.445580250380302, 0.4291908694590879, 0.49075467933372546, 0.4936273688241778, 0.44479339294059295, 0.45222114967135973, 0.44962777517650065, 0.4439148357768182, 0.41881327794891465, 0.45116811425023584, 0.5159722838411118, 0.4872124663478549, 0.43251206760679395, 0.441860310199581, 0.41537052997862056, 0.45841348210952937, 0.5024464659251288, 0.5295187755903348, 0.4929918225768451, 0.41416542943356255, 0.4053591155725896, 0.40488852247497564, 0.36985699143415957, 0.4053683864986268, 0.4968358476866327, 0.544509850995929, 0.43209621950388744, 0.4122133732798026]