
Env:SUMO, Algorithm:MADDPG, Device:cuda:1
-----------------------------------------
{'algo': 'MADDPG', 'env': 'SUMO', 'seedVal': 20150427, 'gamma': 0.8, 'epsilon': 0.001, 'critic_lr': 0.005, 'actor_lr': 0.0001, 'memory_capacity': 1000000, 'batch_size': 512, 'train_eps': 40, 'eval_eps': 10, 'epsilon_start': 3, 'max_speed': 28, 'target_update': 4, 'hidden_dim': 256, 'soft_tau': 0.01, 'max_action': 2, 'device': device(type='cuda', index=1), 'simulation_steps': 3600, 'pathToSumoFiles': 'rou_net2_single', 'model_dest_path': 'models/', 'model_dest_path_leader': 'single_acce2_speed_8_', 'model_dest_path_follow': '', 'logName': '_acce2_speed_8_gamma0.800000_tua0.010000.txt', 'procID': 7}
seed 20150427
当前的gamma是0.8, 当前的soft tau是0.01
-----------------------------------------
model saved successfully!
Complete training!
final reward list:[-0.6868209235991912, -0.1408708593979079, 0.35746438614172843, 0.4400060472558383, 0.45031850081909974, 0.4686542314669952, 0.4665752060288046, 0.42822845928542363, 0.46116979803916086, 0.4313434264047755, 0.4601610766652636, 0.46497342087697935, 0.44705492716804124, 0.4641293986354736, 0.4484996211781502, 0.44943367580121213, 0.45553199120884413, 0.44518922099759833, 0.43849098234866996, 0.44533336144593716, 0.43773605687684325, 0.4456044809746304, 0.44818569783428386, 0.44367811370311405, 0.4624969122299737, 0.45488203935504734, 0.4296807721410199, 0.4548206179640386, 0.493912640784469, 0.4489705727429317, 0.446232996148275, 0.4559782896240359, 0.44933791880361523, 0.4492735909511356, 0.4345560474148352, 0.46489320238311627, 0.4761577284267, 0.4450456228566157, 0.4599268388873897, 0.4650487439128284]
final halt list:[10.40809208231601, 1.4108527131782946, 0.06697215368346845, 0.0, 0.009221689413500553, 0.005, 0.00039108330074305825, 0.0, 0.0, 0.0, 0.0, 0.0, 0.0, 0.0, 0.0, 0.012696041822255415, 0.0, 0.0, 0.0, 0.0, 0.0, 0.0, 0.0004051863857374392, 0.0, 0.0, 0.0, 0.0, 0.001768033946251768, 0.0, 0.0, 0.0, 0.0, 0.003289473684210526, 0.0020840569642236887, 0.0036529680365296802, 0.0, 0.0, 0.0, 0.0, 0.0]
speed reward list:[0.0, 0.0, 0.0, 0.0, 0.0, 0.0, 0.0, 0.0, 0.0, 0.0, 0.0, 0.0, 0.0, 0.0, 0.0, 0.0, 0.0, 0.0, 0.0, 0.0, 0.0, 0.0, 0.0, 0.0, 0.0, 0.0, 0.0, 0.0, 0.0, 0.0, 0.0, 0.0, 0.0, 0.0, 0.0, 0.0, 0.0, 0.0, 0.0, 0.0]
tls reward list:[-0.0006528769169243565, -0.0015992520081729584, -0.0015024029773324993, -0.0012744389284057806, -0.0012322902523175872, -0.0011943025129522544, -0.001100674868743818, -0.0010787614663962067, -0.0011091038849659564, -0.000994218691569097, -0.0010009834194654589, -0.0010341657878012612, -0.0011353855379690116, -0.0009940945042906544, -0.0010620545407821883, -0.0010909559457807745, -0.0010843457147194937, -0.001038418817710265, -0.0010924017027580475, -0.0010071599837882489, -0.0009411332553547618, -0.0010425956283897394, -0.001073385048839105, -0.0010402105308737182, -0.0010533217683021611, -0.0010002927910630864, -0.0010402292504429025, -0.0010299303231035097, -0.0010322239746398403, -0.0010025390965570028, -0.0009590096879205311, -0.0009843875572839193, -0.001107528350750792, -0.001036132493856322, -0.0009825426529624982, -0.0009502816493480115, -0.0009831444436140277, -0.0008904376997867248, -0.0009545316605357813, -0.0009455773887318043]
target reward list:[-0.6861680466822667, -0.13927160738973487, 0.358966789119061, 0.44128048618424404, 0.4515507910714173, 0.4698485339799474, 0.4676758808975484, 0.4293072207518198, 0.4622789019241269, 0.43233764509634465, 0.46116206008472904, 0.46600758666478065, 0.4481903127060102, 0.4651234931397642, 0.44956167571893235, 0.4505246317469929, 0.4566163369235636, 0.4462276398153086, 0.439583384051428, 0.44634052142972536, 0.43867719013219797, 0.4466470766030201, 0.449259082883123, 0.4447183242339878, 0.46355023399827583, 0.4558823321461105, 0.43072100139146297, 0.45585054828714217, 0.49494486475910876, 0.4499731118394887, 0.44719200583619545, 0.4569626771813199, 0.450445447154366, 0.4503097234449919, 0.4355385900677978, 0.46584348403246423, 0.4771408728703141, 0.4459360605564024, 0.46088137054792544, 0.46599432130156015]
safe reward list [0.0, 0.0, 0.0, 0.0, 0.0, 0.0, 0.0, 0.0, 0.0, 0.0, 0.0, 0.0, 0.0, 0.0, 0.0, 0.0, 0.0, 0.0, 0.0, 0.0, 0.0, 0.0, 0.0, 0.0, 0.0, 0.0, 0.0, 0.0, 0.0, 0.0, 0.0, 0.0, 0.0, 0.0, 0.0, 0.0, 0.0, 0.0, 0.0, 0.0]
speed list [8.879957881020255, 15.569766245546944, 15.695272296910389, 15.852627558586983, 15.589972478709068, 15.814852129620721, 16.055658822398247, 15.954348149381428, 15.968643681477813, 15.813023366899705, 16.096827255990846, 16.23345053718196, 15.563072779021562, 16.216267469714357, 15.714466587750014, 15.837100810942104, 15.97309960176067, 16.139522624581595, 15.723627293781952, 15.961020319053848, 16.00828855883043, 16.039152409557467, 16.014184572752185, 15.811379356219877, 16.011401325240044, 16.15625521685963, 16.044080956097613, 15.771711056036311, 16.190813788546777, 16.031813205183106, 15.873540985206198, 16.103138470650737, 15.68540074063109, 15.861537188149912, 16.02725081095679, 15.898583404236376, 16.14495866527817, 16.257391322391378, 16.22106914124704, 15.815339023857168]
ec list [69.65328530112565, 60.18160936188771, 59.61407497567194, 58.32735931506027, 58.412972991488, 58.31402751911434, 58.48901460777523, 58.40814865358612, 58.37110700204038, 58.56468419422579, 58.75999301220218, 58.717528928094275, 58.23205414210246, 58.370650816324115, 58.11188859454426, 58.1127123063567, 58.198961748834385, 58.68497644606111, 58.11029636662095, 58.238519933992215, 58.3796881117959, 58.280942768799086, 58.41181988294736, 58.354458931174634, 58.22155165325452, 58.126870006149716, 57.86191210704892, 58.10058289223672, 58.0138730713222, 58.12183022134365, 58.02093429642057, 58.042868161823634, 58.24567056562296, 58.24519758160223, 58.117621082170324, 57.82070463336026, 57.98204415044751, 58.303091714391535, 58.227765769178966, 57.8630749645851]
jerk list [0.18303089009291607, 0.14724446299957955, 0.4383845303422038, 0.40970449507093737, 0.42782478260301815, 0.3958089986969169, 0.35768795655443325, 0.371597086088895, 0.3765967736925643, 0.3537908780567831, 0.3406364478344501, 0.33416053036594, 0.38354518905621776, 0.3373242209930514, 0.3728687983786915, 0.3733557674026011, 0.3656621963078204, 0.3524745214057977, 0.3868903426348938, 0.34649725865366604, 0.34396604205086273, 0.3557102697793476, 0.36648277704794935, 0.3726539325192647, 0.3635583717350094, 0.34259785310827773, 0.34765121551770484, 0.3647494134071801, 0.3469733171510118, 0.34317799251466824, 0.353409051125521, 0.3407962260554479, 0.3735772777780531, 0.36386544884693267, 0.33826133743185666, 0.34537134871897357, 0.34967427901691567, 0.334749858518272, 0.3390079820545592, 0.34665608747305526]