
Env:SUMO, Algorithm:MADDPG, Device:cuda:1
-----------------------------------------
{'algo': 'MADDPG', 'env': 'SUMO', 'seedVal': 20150427, 'gamma': 0.9, 'epsilon': 0.001, 'critic_lr': 0.005, 'actor_lr': 0.0001, 'memory_capacity': 1000000, 'batch_size': 512, 'train_eps': 40, 'eval_eps': 10, 'epsilon_start': 3, 'max_speed': 28, 'target_update': 4, 'hidden_dim': 256, 'soft_tau': 0.005, 'max_action': 2, 'device': device(type='cuda', index=1), 'simulation_steps': 3600, 'pathToSumoFiles': 'rou_net2_single', 'model_dest_path': 'models/', 'model_dest_path_leader': 'single_acce2_speed_8_', 'model_dest_path_follow': '', 'logName': '_acce2_speed_8_gamma0.900000_tua0.005000.txt', 'procID': 11}
seed 20150427
当前的gamma是0.9, 当前的soft tau是0.005
-----------------------------------------
model saved successfully!
Complete training!
final reward list:[-0.7618085255688258, -0.3034781443246241, -0.14005085307360607, 0.26166321741728316, 0.3509757085309739, 0.4121810321479588, 0.43255193148530807, 0.4250653093567238, 0.44939103980499584, 0.43004093027100915, 0.4564626643478658, 0.4803979812548382, 0.45238402132415423, 0.45463321590724076, 0.4377563758757085, 0.4680999895914926, 0.4511094178732994, 0.4656899919265168, 0.4416987793687588, 0.453103757236294, 0.4395341582237433, 0.4680370684442003, 0.44024234838333404, 0.46330964633035404, 0.46587554187429703, 0.46734144289555296, 0.47380194333787834, 0.4589864347274022, 0.5082029638406497, 0.45440540236044774, 0.4642587866411467, 0.4611148388940073, 0.47080157254307803, 0.45746728976117834, 0.45755952183076015, 0.4796267595743052, 0.48019717513538435, 0.46886443840457476, 0.47354280782739694, 0.45442777178065813]
final halt list:[6.688982710092481, 1.6247086247086246, 1.2367132867132866, 0.2092526690391459, 0.0357669616519174, 0.019577735124760076, 0.0019477989871445266, 0.0, 0.0, 0.0, 0.0, 0.0, 0.0, 0.0, 0.0, 0.011580127007844603, 0.0, 0.0, 0.00034048348655090226, 0.0, 0.0, 0.0, 0.01053484602917342, 0.0, 0.0, 0.0, 0.0, 0.0, 0.0, 0.0, 0.0, 0.0, 0.0, 0.0017373175816539264, 0.00030432136335970786, 0.0003333333333333333, 0.0, 0.0, 0.014263074484944533, 0.0]
speed reward list:[0.0, 0.0, 0.0, 0.0, 0.0, 0.0, 0.0, 0.0, 0.0, 0.0, 0.0, 0.0, 0.0, 0.0, 0.0, 0.0, 0.0, 0.0, 0.0, 0.0, 0.0, 0.0, 0.0, 0.0, 0.0, 0.0, 0.0, 0.0, 0.0, 0.0, 0.0, 0.0, 0.0, 0.0, 0.0, 0.0, 0.0, 0.0, 0.0, 0.0]
tls reward list:[-0.0002994827046659287, -0.0014830934398526376, -0.001356803702588998, -0.001668515223960123, -0.001730684908256623, -0.0014767504791725439, -0.0013154211448314999, -0.0013323291115295533, -0.001329872933754834, -0.001164173226003881, -0.0011493873253758712, -0.0011364376599650875, -0.0012062481154109105, -0.0011049091162833658, -0.0011542367760104142, -0.001136322611951726, -0.001175980536879452, -0.0010953331647910616, -0.0011155710048050094, -0.001007560273506667, -0.0009949031420110788, -0.0010709848831904143, -0.0010964588613027613, -0.0010787752316290722, -0.0010808037698314466, -0.0009894810700486608, -0.0010719710214175877, -0.00107484853826693, -0.0010453467205545311, -0.0010658428808081666, -0.0009723914987079803, -0.000985464188756797, -0.0011077468939431354, -0.0010382674604386358, -0.0010045247116209535, -0.0009420102032534148, -0.0009730860175923329, -0.0009083971167297226, -0.0009431164341045383, -0.0009553025010660591]
target reward list:[-0.7615090428641598, -0.30199505088477147, -0.13869404937101706, 0.26333173264124327, 0.35270639343923055, 0.4136577826271313, 0.4338673526301395, 0.4263976384682534, 0.45072091273875065, 0.431205103497013, 0.45761205167324176, 0.48153441891480325, 0.4535902694395651, 0.4557381250235242, 0.43891061265171893, 0.4692363122034444, 0.45228539841017884, 0.4667853250913078, 0.4428143503735638, 0.4541113175098006, 0.4405290613657543, 0.46910805332739064, 0.44133880724463675, 0.46438842156198307, 0.46695634564412847, 0.46833092396560155, 0.474873914359296, 0.4600612832656692, 0.5092483105612041, 0.4554712452412558, 0.46523117813985476, 0.46210030308276406, 0.4719093194370212, 0.458505557221617, 0.45856404654238114, 0.4805687697775587, 0.48117026115297673, 0.46977283552130444, 0.47448592426150143, 0.4553830742817242]
safe reward list [0.0, 0.0, 0.0, 0.0, 0.0, 0.0, 0.0, 0.0, 0.0, 0.0, 0.0, 0.0, 0.0, 0.0, 0.0, 0.0, 0.0, 0.0, 0.0, 0.0, 0.0, 0.0, 0.0, 0.0, 0.0, 0.0, 0.0, 0.0, 0.0, 0.0, 0.0, 0.0, 0.0, 0.0, 0.0, 0.0, 0.0, 0.0, 0.0, 0.0]
speed list [8.771255244164065, 15.713705930950118, 15.859761988192247, 15.718706655061172, 15.3649264580919, 15.730052651457736, 15.933066392999331, 15.91680523612548, 15.910432514650486, 15.753262652290681, 16.080253318607557, 16.216904920708078, 15.53300103044657, 16.207010812853582, 15.708835246963801, 15.826683738365494, 15.960169352903735, 16.11823552711487, 15.71538339902941, 15.947759087763878, 16.001045568524944, 16.030835430097245, 15.989730437476629, 15.803427302438859, 16.003900895372954, 16.136604626865356, 16.02346466962896, 15.759659205457444, 16.17138563592876, 16.010530604727705, 15.859487611612106, 16.083638751779596, 15.676193362613859, 15.846881409312362, 16.022585901833303, 15.892800705857244, 16.135285826237734, 16.25642631337446, 16.203679544336836, 15.791152600589564]
ec list [64.37984509722936, 59.90233023725298, 59.53768812933899, 59.202678521361854, 59.62965025424671, 59.16116882264657, 59.09078347140507, 59.20551397985927, 58.873621692155524, 58.94483481854041, 59.286232044857826, 59.146065424773944, 58.49131983470433, 58.65466744062283, 58.25305024416337, 58.21973475608251, 58.41870621405187, 58.90032617458137, 58.2442024315751, 58.24418312416617, 58.69634398748011, 58.406854953683606, 58.511603021864374, 58.530262889046156, 58.43951557099372, 58.31290307339863, 58.09567656125561, 58.29608880937189, 58.070946402701786, 58.39429012212008, 58.056477349885874, 58.27426861313154, 58.1368868162653, 58.34498329061034, 58.25721420765267, 57.81831854741557, 58.068799010397406, 58.46111604172502, 58.18645834137959, 57.88388307539046]
jerk list [0.12910657828026748, 0.10231701120064068, 0.11740565184246274, 0.42310728900030065, 0.4806918394246936, 0.47417084336397275, 0.44147000287490873, 0.4403424161625549, 0.45594214616700185, 0.4239591194186165, 0.405600490963539, 0.38664142848521493, 0.4206945575942635, 0.36634380834528457, 0.385204888048355, 0.3887105653997065, 0.37778130136961124, 0.37248950937687564, 0.38994692187031194, 0.3598948425601143, 0.36970824846507394, 0.3647885973118938, 0.3917692323188728, 0.3966091035022804, 0.3718564479095645, 0.3571077180211684, 0.37038120411460435, 0.39131862498668507, 0.35668643696583296, 0.3628882969233694, 0.3726004936110316, 0.3642596219937095, 0.38702305270869475, 0.37887005406473323, 0.3500842476157912, 0.351417648542267, 0.34428876478751014, 0.3505403666585039, 0.33577087509575626, 0.3484507145340417]