
Env:SUMO, Algorithm:MADDPG, Device:cuda:1
-----------------------------------------
{'algo': 'MADDPG', 'env': 'SUMO', 'seedVal': 20150427, 'gamma': 0.8, 'epsilon': 0.001, 'critic_lr': 0.005, 'actor_lr': 0.0001, 'memory_capacity': 1000000, 'batch_size': 512, 'train_eps': 40, 'eval_eps': 10, 'epsilon_start': 3, 'max_speed': 28, 'target_update': 4, 'hidden_dim': 256, 'soft_tau': 0.001, 'max_action': 2, 'device': device(type='cuda', index=1), 'simulation_steps': 3600, 'pathToSumoFiles': 'rou_net2_single', 'model_dest_path': 'models/', 'model_dest_path_leader': 'single_acce2_speed_8_', 'model_dest_path_follow': '', 'logName': '_acce2_speed_8_gamma0.800000_tua0.001000.txt', 'procID': 5}
seed 20150427
当前的gamma是0.8, 当前的soft tau是0.001
-----------------------------------------
model saved successfully!
Complete training!
final reward list:[-0.7599653451008755, -0.3114342083810942, -0.2711014861615948, -0.2420109216391154, -0.31921693317954053, -0.24787660574515974, -0.1937497784103138, -0.2667902141449803, -0.3175029852775247, 0.09890844970265508, 0.37749388936089295, 0.45328204429589775, 0.4461824997779819, 0.4536831695638719, 0.4307124271608982, 0.4446403142860888, 0.4610159075533629, 0.4659687113216782, 0.4388946933886445, 0.4457314798520108, 0.44666194896447015, 0.455379042353702, 0.42439439908265925, 0.44114092834029817, 0.46607938018080586, 0.46457063656168046, 0.4596447570706739, 0.46297375704444793, 0.48033257598942025, 0.4660954356685813, 0.459358465601217, 0.4604615292259435, 0.4710443907641304, 0.45482638221933497, 0.4489956277811018, 0.48007489248491525, 0.478110538420971, 0.4628599957156443, 0.4518884556833572, 0.4600960605179516]
final halt list:[19.453372566772295, 1.6299029126213591, 1.2113022113022114, 1.1878335112059766, 1.5522827687776142, 1.4650537634408602, 1.0887412040656763, 1.0727554179566563, 1.2547603414313855, 0.3722956730769231, 0.010293200249532126, 0.018458833870495166, 0.002255639097744361, 0.0, 0.0, 0.016809861785580874, 0.0007283321194464676, 0.0015186028853454822, 0.0010214504596527069, 0.0, 0.0, 0.0, 0.014979757085020242, 0.0, 0.0, 0.0, 0.0, 0.006013441811107181, 0.0, 0.0, 0.0, 0.0, 0.01934156378600823, 0.004517025712300208, 0.0, 0.0, 0.0, 0.0, 0.0, 0.0]
speed reward list:[0.0, 0.0, 0.0, 0.0, 0.0, 0.0, 0.0, 0.0, 0.0, 0.0, 0.0, 0.0, 0.0, 0.0, 0.0, 0.0, 0.0, 0.0, 0.0, 0.0, 0.0, 0.0, 0.0, 0.0, 0.0, 0.0, 0.0, 0.0, 0.0, 0.0, 0.0, 0.0, 0.0, 0.0, 0.0, 0.0, 0.0, 0.0, 0.0, 0.0]
tls reward list:[-0.00041400533721002255, -0.0014833054653635499, -0.0014270329099527307, -0.0014164130388918889, -0.0014691431115266248, -0.0013869401458581018, -0.0013597205676428386, -0.001343409921723612, -0.001339624381372362, -0.001258266504986943, -0.001315338864543952, -0.001298592124684387, -0.0014177501120212002, -0.0011539973220703347, -0.001247615128265502, -0.0012275705927050871, -0.0012080911524795423, -0.0011449874660246272, -0.001195313505854924, -0.0010693548681852951, -0.0010255044690972834, -0.0011091039500617057, -0.001136281106131981, -0.0011417774798140549, -0.0011345441517690666, -0.0010112865388945279, -0.001096474246492507, -0.00111977432630995, -0.001091694223866389, -0.0010750479013659174, -0.0010009955947071188, -0.0009779313757687577, -0.0011315359879599304, -0.001062392177544244, -0.0010507963201238392, -0.000981664285516074, -0.0009788485029997042, -0.0009235067620963944, -0.0009840760647084894, -0.0010061016360376092]
target reward list:[-0.7595513397636655, -0.3099509029157307, -0.2696744532516421, -0.24059450860022347, -0.3177477900680139, -0.2464896655993016, -0.19239005784267094, -0.26544680422325667, -0.3161633608961523, 0.100166716207642, 0.3788092282254369, 0.45458063642058205, 0.44760024989000313, 0.4548371668859423, 0.4319600422891637, 0.4458678848787939, 0.4622239987058425, 0.4671136987877029, 0.44009000689449945, 0.446800834720196, 0.44768745343356736, 0.4564881463037638, 0.4255306801887912, 0.4422827058201122, 0.46721392433257486, 0.465581923100575, 0.46074123131716654, 0.46409353137075793, 0.4814242702132867, 0.4671704835699473, 0.4603594611959241, 0.46143946060171226, 0.47217592675209036, 0.45588877439687925, 0.45004642410122575, 0.4810565567704313, 0.4790893869239708, 0.46378350247774075, 0.45287253174806563, 0.4611021621539892]
safe reward list [0.0, 0.0, 0.0, 0.0, 0.0, 0.0, 0.0, 0.0, 0.0, 0.0, 0.0, 0.0, 0.0, 0.0, 0.0, 0.0, 0.0, 0.0, 0.0, 0.0, 0.0, 0.0, 0.0, 0.0, 0.0, 0.0, 0.0, 0.0, 0.0, 0.0, 0.0, 0.0, 0.0, 0.0, 0.0, 0.0, 0.0, 0.0, 0.0, 0.0]
speed list [4.652721135095617, 15.71048231719873, 16.120770890097788, 15.984313184132573, 15.745878126679036, 15.87812394115772, 16.163186633762063, 16.183926895432748, 15.981466459525997, 15.225717874739727, 15.737591564384617, 16.101410557080545, 15.546838905499984, 16.222996703706457, 15.738848207862429, 15.88251235179419, 15.982506716696156, 16.151240807846627, 15.72562005513655, 15.958959400131315, 15.984675668558122, 16.05709023190885, 16.00398578654546, 15.826566814283021, 16.026744295249976, 16.163222034600977, 16.047025681278676, 15.76946647740316, 16.18475416792128, 16.022519338209726, 15.880742699810328, 16.10002649320435, 15.651064124911903, 15.865411940888922, 16.029310201574482, 15.895206269991416, 16.14646294426485, 16.246977324285712, 16.212103732171382, 15.810686188439444]
ec list [90.2923264618806, 59.806515554787154, 59.52449199653786, 59.12817720803356, 60.00971183868796, 59.57925141384453, 59.77621366188666, 59.78423321473358, 59.79191210264344, 59.68478142609222, 59.86305699163546, 59.541394796885804, 58.90892321217472, 58.77082932806664, 58.30791742938362, 58.41223790010014, 58.35108735544449, 58.824318260714335, 58.41375165359176, 58.27500186373703, 58.54041090479208, 58.438538047964634, 58.48592399320734, 58.49569305228542, 58.48936658623322, 58.271134607464916, 57.97439225483884, 58.23952705607733, 58.10747934617848, 58.33604090532332, 58.041398010089125, 58.1857915511054, 58.2857021486983, 58.32718060648977, 58.20957853754985, 58.01532452593972, 57.92550622320237, 58.422129128081146, 58.3884460869327, 57.96841418806454]
jerk list [0.1633129800165256, 0.10125626234621805, 0.0974191067800872, 0.10304591865364224, 0.09985265543695053, 0.10271643333097491, 0.09707352901044206, 0.09664111111676994, 0.10438657494802527, 0.27579351260711404, 0.3821705517298324, 0.397073350813791, 0.43523362860824477, 0.3706459175566573, 0.40302245635552136, 0.37776873448521564, 0.3695145929487538, 0.3639628315423201, 0.38481140675603626, 0.35634578184831595, 0.3554333229195042, 0.36108297928351285, 0.3749674798812618, 0.37405474835065017, 0.36171698369545513, 0.3519986565072195, 0.3515694461768546, 0.3818267176407357, 0.3611964963818784, 0.3500725659826503, 0.3695792614159297, 0.3583801473826637, 0.38054700629873817, 0.3691451030664168, 0.34967251363519125, 0.36743979108154023, 0.35716694637396773, 0.3631782929467182, 0.3690769874730988, 0.3608020957805476]