
Env:SUMO, Algorithm:MADDPG, Device:cuda:1
-----------------------------------------
{'algo': 'MADDPG', 'env': 'SUMO', 'seedVal': 20150427, 'gamma': 0.9, 'epsilon': 0.001, 'critic_lr': 0.005, 'actor_lr': 0.0001, 'memory_capacity': 1000000, 'batch_size': 512, 'train_eps': 40, 'eval_eps': 10, 'epsilon_start': 3, 'max_speed': 28, 'target_update': 4, 'hidden_dim': 256, 'soft_tau': 0.005, 'max_action': 2, 'device': device(type='cuda', index=1), 'simulation_steps': 3600, 'pathToSumoFiles': 'rou_net2_single', 'model_dest_path': 'models/', 'model_dest_path_leader': 'single', 'model_dest_path_follow': '', 'procID': 11}
seed 20150427
当前的gamma是0.9, 当前的soft tau是0.005
-----------------------------------------
model saved successfully!
Complete training!
final reward list:[-0.8711723474053552, -0.387238546690849, -0.40929821548533457, 0.15439280959806856, 0.3643244229099427, 0.5162831443756796, 0.5659461642388208, 0.5471202570953014, 0.5533979921814334, 0.543563498893661, 0.5622910925335796, 0.6001549782511164, 0.5653232002255453, 0.5832017677554632, 0.5652949699793328, 0.5736532113664847, 0.5838088659231339, 0.6016959511976876, 0.5535289552870778, 0.5517714717179907, 0.5509615583520948, 0.571545280188109, 0.5514351628653238, 0.5714699346746547, 0.6010676395660687, 0.5879539334713146, 0.5869103793872157, 0.5723102434073986, 0.6060991925943401, 0.5760537980154237, 0.5874969877053328, 0.5807534287484781, 0.588118656130501, 0.5636104567265962, 0.5795430038569465, 0.5771423360315437, 0.5953026318523492, 0.5494346250647201, 0.5685043883339295, 0.5705481694119644]
final halt list:[9.276567214213879, 1.6267961165048543, 1.1912655403251515, 0.6744930629669157, 0.06270748801180376, 0.015763168012302962, 0.015240328253223915, 0.0, 0.015889830508474576, 0.0, 0.0, 0.0, 0.0, 0.0, 0.0, 0.01307433694434068, 0.0, 0.0, 0.0, 0.0, 0.0, 0.0, 0.01053484602917342, 0.0, 0.0, 0.0, 0.0, 0.0017686593562079944, 0.0, 0.0, 0.0, 0.0, 0.0, 0.0, 0.0, 0.0, 0.0, 0.0007654037504783774, 0.002380007933359778, 0.0]
speed reward list:[0.0, 0.0, 0.0, 0.0, 0.0, 0.0, 0.0, 0.0, 0.0, 0.0, 0.0, 0.0, 0.0, 0.0, 0.0, 0.0, 0.0, 0.0, 0.0, 0.0, 0.0, 0.0, 0.0, 0.0, 0.0, 0.0, 0.0, 0.0, 0.0, 0.0, 0.0, 0.0, 0.0, 0.0, 0.0, 0.0, 0.0, 0.0, 0.0, 0.0]
tls reward list:[-0.002422248276548314, -0.007551558759145565, -0.0065233882369297135, -0.006273341846147867, -0.008065673234236995, -0.006922016130055782, -0.006178085656330065, -0.005872297285933058, -0.005887224172162748, -0.004958924761150872, -0.005126617210225682, -0.005160016485950678, -0.005525912413427313, -0.004861175599029179, -0.0053911429884144985, -0.005430873808878877, -0.0054973478315972785, -0.005320558340488061, -0.005264788811106854, -0.004875169613224153, -0.004771977314051937, -0.005173214744398661, -0.005344688780430422, -0.005240846639305796, -0.005280927504624012, -0.004840300461961493, -0.005257603450546842, -0.0052601680762512995, -0.005276464642350568, -0.005212945120602332, -0.004853227254139892, -0.004958893962620967, -0.005589668221590905, -0.005189958020529726, -0.004872874665567792, -0.004727120537937767, -0.004880996502572955, -0.004351483860013515, -0.004792535895235222, -0.004824113795317474]
target reward list:[-0.8687500991288069, -0.37968698793170347, -0.4027748272484049, 0.16066615144421642, 0.3723900961441797, 0.5232051605057354, 0.5721242498951509, 0.5529925543812344, 0.5592852163535961, 0.5485224236548119, 0.5674177097438052, 0.6053149947370671, 0.5708491126389726, 0.5880629433544923, 0.5706861129677472, 0.5790840851753637, 0.5893062137547311, 0.6070165095381757, 0.5587937440981847, 0.5566466413312148, 0.5557335356661468, 0.5767184949325077, 0.5567798516457543, 0.5767107813139605, 0.6063485670706926, 0.5927942339332761, 0.5921679828377624, 0.5775704114836498, 0.6113756572366907, 0.5812667431360259, 0.5923502149594727, 0.5857123227110991, 0.5937083243520918, 0.568800414747126, 0.5844158785225143, 0.5818694565694815, 0.6001836283549221, 0.5537861089247337, 0.5732969242291648, 0.5753722832072818]
safe reward list [0.0, 0.0, 0.0, 0.0, 0.0, 0.0, 0.0, 0.0, 0.0, 0.0, 0.0, 0.0, 0.0, 0.0, 0.0, 0.0, 0.0, 0.0, 0.0, 0.0, 0.0, 0.0, 0.0, 0.0, 0.0, 0.0, 0.0, 0.0, 0.0, 0.0, 0.0, 0.0, 0.0, 0.0, 0.0, 0.0, 0.0, 0.0, 0.0, 0.0]
speed list [9.399614612826989, 15.71702627036533, 16.082468879779114, 15.661132164810345, 15.388606017350149, 15.802152049265333, 16.012370936024027, 15.970552807251376, 15.911781680294341, 15.796404151238097, 16.06880367380175, 16.210144853777475, 15.552920377755484, 16.20114621150708, 15.722302968595166, 15.82796417126226, 15.950852285824599, 16.11908204518929, 15.704167797640054, 15.905301470585027, 15.98229865316104, 16.010124453343156, 15.975840008791462, 15.785404766954308, 15.946166197158153, 16.13160096359189, 16.00736451953097, 15.769198904040701, 16.166395494089816, 16.00710486442525, 15.858241623513896, 16.0703553061564, 15.671546092922423, 15.854239467859491, 15.995892436403384, 15.894299398465016, 16.1432245390964, 16.243369945373082, 16.22089281633664, 15.843357683735649]
ec list [65.51826422620287, 59.92239244848197, 59.508827402971455, 58.38318524284331, 59.33720336565869, 58.73352047610179, 58.883830457102185, 58.78925337998663, 58.443059778792964, 58.634603285937935, 58.943107069382215, 58.81314545647729, 58.13730391371268, 58.36630489947293, 58.06840682477828, 57.98195594001286, 58.11212085569422, 58.67560298947364, 58.12835276759961, 58.331377632557455, 58.509445424007, 58.464638970665455, 58.552380600320525, 58.37807351042245, 58.34586078438889, 58.366537789589636, 58.06720193399979, 58.03679318967721, 58.07941724147355, 58.277879938631365, 58.09251699504938, 58.19912847997585, 58.21358072636065, 58.26790434277538, 58.175909215904156, 57.80234427301995, 57.957433522495904, 58.247718008130086, 58.15125566842203, 57.78983186308266]
jerk list [0.15583703302295784, 0.1017625009255179, 0.09762572536419462, 0.2573958465356686, 0.38916464315006816, 0.4027496890061392, 0.3872260152657125, 0.40321757589024304, 0.4052403470618893, 0.39149620963894705, 0.3697041692820744, 0.3581750212382858, 0.3831632991702813, 0.34283308515218247, 0.36935073091126286, 0.3604633238783006, 0.3574721647350297, 0.35699610588931, 0.37696414178470367, 0.356552766365034, 0.359711410808128, 0.36255739874695675, 0.37672902801290886, 0.3811096307291347, 0.3689902037228228, 0.35212411593338766, 0.35835763264670434, 0.3741870837506763, 0.3551708109608444, 0.362856324174112, 0.3648548765378521, 0.3541827577466262, 0.37755058643433814, 0.36648078491889974, 0.3459413377273946, 0.35188581033319244, 0.33939704821850636, 0.3274497496659457, 0.33053250722948413, 0.33206279932745775]