
Env:SUMO, Algorithm:MADDPG, Device:cuda:0
-----------------------------------------
{'algo': 'MADDPG', 'env': 'SUMO', 'seedVal': 20150427, 'gamma': 0.9, 'epsilon': 0.001, 'critic_lr': 0.005, 'actor_lr': 0.0001, 'memory_capacity': 1000000, 'batch_size': 512, 'train_eps': 40, 'eval_eps': 10, 'epsilon_start': 3, 'max_speed': 28, 'target_update': 4, 'hidden_dim': 256, 'soft_tau': 0.01, 'max_action': 2, 'device': device(type='cuda', index=0), 'simulation_steps': 3600, 'pathToSumoFiles': 'rou_net2_single', 'model_dest_path': 'models/', 'model_dest_path_leader': 'single', 'model_dest_path_follow': '', 'procID': 12}
seed 20150427
当前的gamma是0.9, 当前的soft tau是0.01
-----------------------------------------
model saved successfully!
Complete training!
final reward list:[-0.9961127410049785, -0.9995074880877757, -0.9986547398904898, -0.9937443698691503, -0.9877461272123139, -0.27232245899909524, -0.20910857937149827, -0.11887965197943816, -0.03405262031023516, 0.3135839652499861, 0.4067227015289491, 0.5088898321721768, 0.513479831010368, 0.5448424983083018, 0.5532058902859246, 0.5767633112987502, 0.5863784346571002, 0.6011732227330688, 0.5702497984221275, 0.5905679594791825, 0.5722412554609257, 0.5903116103373627, 0.5646747393446346, 0.5729335782721872, 0.5745228283321994, 0.5545989939673672, 0.5492317859853172, 0.544706927983979, 0.5751059449574724, 0.5846075445656184, 0.5547665824621034, 0.5644924956126235, 0.572959688250213, 0.5601966017103693, 0.57530484004681, 0.5710330069606598, 0.5847371035339032, 0.5621223128303586, 0.5698779602842539, 0.5636823664789061]
final halt list:[25.870976731224747, 36.763514457326444, 10.353581014267553, 7.408240223463687, 10.940993788819876, 1.4592933947772657, 0.7982799061767005, 0.5952233250620348, 0.5564941921858501, 0.07534246575342465, 0.02648800249298847, 0.002927400468384075, 0.0, 0.0, 0.0, 0.023134328358208955, 0.0, 0.0, 0.0, 0.0, 0.0, 0.0, 0.015384615384615385, 0.0, 0.0, 0.0, 0.0, 0.006367173682348779, 0.0, 0.0, 0.0, 0.0, 0.0, 0.006951685783802572, 0.0, 0.0, 0.0, 0.0, 0.012683313515655966, 0.0010857763300760044]
speed reward list:[0.0, 0.0, 0.0, 0.0, 0.0, 0.0, 0.0, 0.0, 0.0, 0.0, 0.0, 0.0, 0.0, 0.0, 0.0, 0.0, 0.0, 0.0, 0.0, 0.0, 0.0, 0.0, 0.0, 0.0, 0.0, 0.0, 0.0, 0.0, 0.0, 0.0, 0.0, 0.0, 0.0, 0.0, 0.0, 0.0, 0.0, 0.0, 0.0, 0.0]
tls reward list:[-0.00042157433502924797, -0.00039221819855002387, -0.0005201415477279503, -0.0008175011254930052, -0.0013542122162117835, -0.007958232610790346, -0.010606121688287829, -0.012854705235088588, -0.011475541729879263, -0.0075658933609991826, -0.007918859819515492, -0.006703619051545405, -0.007609793762040823, -0.006890916928739012, -0.007994546411624866, -0.007739371233172409, -0.007045310415785669, -0.006507408893271376, -0.006458990833204226, -0.005823888945162905, -0.0055788437720814925, -0.005878464271119455, -0.005746403063567015, -0.005940384657358947, -0.005736732528462284, -0.00538583916929445, -0.005661926390074264, -0.005581292329641075, -0.005649814375536045, -0.005328946119905317, -0.0050954814314080376, -0.005140545476327776, -0.005974546381328118, -0.005560516097514808, -0.005234190015646083, -0.005109312095371247, -0.005129700222644322, -0.004766845941165216, -0.004894519454119011, -0.005026336495451795]
target reward list:[-0.9956911666699491, -0.9991152698892256, -0.998134598342762, -0.9929268687436573, -0.9863919149961021, -0.26436422638830487, -0.19850245768321048, -0.10602494674434959, -0.02257707858035589, 0.3211498586109853, 0.41464156134846464, 0.5155934512237222, 0.5210896247724088, 0.5517334152370407, 0.5612004366975495, 0.5845026825319227, 0.5934237450728859, 0.6076806316263402, 0.5767087892553316, 0.5963918484243454, 0.5778200992330071, 0.5961900746084823, 0.5704211424082017, 0.5788739629295461, 0.5802595608606615, 0.5599848331366617, 0.5548937123753915, 0.5502882203136201, 0.5807557593330085, 0.5899364906855238, 0.5598620638935116, 0.5696330410889512, 0.5789342346315411, 0.5657571178078841, 0.5805390300624561, 0.576142319056031, 0.5898668037565474, 0.5668891587715238, 0.5747724797383729, 0.5687087029743578]
safe reward list [0.0, 0.0, 0.0, 0.0, 0.0, 0.0, 0.0, 0.0, 0.0, 0.0, 0.0, 0.0, 0.0, 0.0, 0.0, 0.0, 0.0, 0.0, 0.0, 0.0, 0.0, 0.0, 0.0, 0.0, 0.0, 0.0, 0.0, 0.0, 0.0, 0.0, 0.0, 0.0, 0.0, 0.0, 0.0, 0.0, 0.0, 0.0, 0.0, 0.0]
speed list [1.386313784846804, 0.07340763334503597, 2.6551218465014164, 4.665236947779, 3.391173056441776, 15.849518401075779, 15.845008204042609, 15.83492123633283, 15.508740312206616, 15.487779330776117, 15.589730140061372, 16.046604604654945, 15.48026506174831, 16.12594233685701, 15.701221683299257, 15.802343716645428, 15.94849690890045, 16.10975948641273, 15.685514197413704, 15.94044227651916, 15.992662852740349, 16.008888901101418, 15.992891382231617, 15.786858414879092, 15.9547205646301, 16.126043813181862, 16.00642351478017, 15.777356744822487, 16.170780109313664, 16.017104968416884, 15.854401631593506, 16.109422952258626, 15.681359417381755, 15.869903282288014, 16.023370463086017, 15.905158230015246, 16.147632804936595, 16.257249008177276, 16.21991746839747, 15.827775049610933]
ec list [264.6605085354759, 309.17309155137906, 130.9376179024008, 57.08920617875685, 67.7159110904552, 59.759804513397754, 61.105682316544154, 61.18553762499809, 61.27630771956989, 59.81276108535525, 60.67213287391177, 60.02369443421145, 59.586033935278174, 59.64320490036931, 59.54032053330831, 59.520523110979006, 59.16589998119207, 59.5753271883344, 58.86935645234446, 58.85233866875441, 59.068294958768774, 58.89061167934505, 58.653110505789726, 58.92532805198851, 58.698238897058474, 58.5124342299182, 58.20475456344598, 58.38871603603259, 58.30870814947507, 58.38900431058486, 58.138059532794585, 58.30337894892727, 58.446279714593715, 58.50705665723555, 58.332454194758135, 57.993730905407546, 58.06415685791472, 58.47774381107626, 58.406845620809705, 58.056069714734626]
jerk list [0.08891100069868492, 0.10084746372444886, 0.045321695115424415, 0.034433845218023486, 0.2815946340139143, 0.105044230652615, 0.15376305631826986, 0.1921289879048716, 0.23264983333106035, 0.43099241184807796, 0.5202558853321592, 0.5027397849329474, 0.5755615764251328, 0.5214776094881514, 0.5969997235805031, 0.5507446537016013, 0.5042379284345172, 0.49244087696837535, 0.5160597941684774, 0.459783900356523, 0.4575718306353735, 0.4560686518651912, 0.4254295380046566, 0.4418736564988194, 0.4148368223854513, 0.3930306780501296, 0.3865375756483018, 0.41054458886960643, 0.3944124344876385, 0.3816184304943439, 0.39015866361184426, 0.3705816195317581, 0.41277083441712287, 0.3880709618651141, 0.37389324221233333, 0.3778409733363787, 0.37826456344661125, 0.3643054932847693, 0.36060932218402453, 0.36830619383464425]