
Env:SUMO, Algorithm:MADDPG, Device:cuda:0
-----------------------------------------
{'algo': 'MADDPG', 'env': 'SUMO', 'seedVal': 20150427, 'gamma': 0.9, 'epsilon': 0.001, 'critic_lr': 0.005, 'actor_lr': 0.0001, 'memory_capacity': 1000000, 'batch_size': 512, 'train_eps': 40, 'eval_eps': 10, 'epsilon_start': 3, 'max_speed': 28, 'target_update': 4, 'hidden_dim': 256, 'soft_tau': 0.001, 'max_action': 2, 'device': device(type='cuda', index=0), 'simulation_steps': 3600, 'pathToSumoFiles': 'rou_net2_single', 'model_dest_path': 'models/', 'model_dest_path_leader': 'single', 'model_dest_path_follow': '', 'procID': 10}
seed 20150427
当前的gamma是0.9, 当前的soft tau是0.001
-----------------------------------------
model saved successfully!
Complete training!
final reward list:[-0.9383476282101899, -0.39410374156109945, -0.3475048966730311, -0.3100900996790969, -0.38102444454694917, 0.16546000027891042, 0.43936983146860425, 0.5080743638532942, 0.5666916827317067, 0.5498134212823443, 0.5735189835368364, 0.6105357606571626, 0.5758321008146099, 0.5767078200804467, 0.5604158161186128, 0.5805957829628247, 0.5891394230282572, 0.5727811554291512, 0.5677024968703585, 0.5577187457598336, 0.5454318066081122, 0.550890561690161, 0.5483455483949672, 0.5510599996858326, 0.581464546033588, 0.6081754273288129, 0.5886562449980276, 0.5776957925328858, 0.6156338657681908, 0.5656915929882455, 0.5796178902705319, 0.5673588284187584, 0.5881548230199105, 0.573584331739938, 0.5786973397369999, 0.5615908152345243, 0.6112446772541328, 0.5667136928488581, 0.5983613687898658, 0.577308585850499]
final halt list:[13.979949297073059, 1.6282051282051282, 1.2082162921348314, 1.1909672830725462, 1.6054814280562568, 0.6685801760428626, 0.1405700898086685, 0.0034129692832764505, 0.0, 0.0, 0.0, 0.0, 0.0, 0.0, 0.0, 0.018290406868234417, 0.0, 0.0, 0.0, 0.0, 0.0, 0.0, 0.00849514563106796, 0.0, 0.0, 0.0, 0.0, 0.0, 0.0, 0.0, 0.0, 0.0, 0.01810699588477366, 0.0020855057351407717, 0.0, 0.0, 0.0, 0.0, 0.0019833399444664813, 0.0007238508867173362]
speed reward list:[0.0, 0.0, 0.0, 0.0, 0.0, 0.0, 0.0, 0.0, 0.0, 0.0, 0.0, 0.0, 0.0, 0.0, 0.0, 0.0, 0.0, 0.0, 0.0, 0.0, 0.0, 0.0, 0.0, 0.0, 0.0, 0.0, 0.0, 0.0, 0.0, 0.0, 0.0, 0.0, 0.0, 0.0, 0.0, 0.0, 0.0, 0.0, 0.0, 0.0]
tls reward list:[-0.0018162087557885415, -0.007541872528163805, -0.007211193351310753, -0.007160470770613203, -0.008520061736030937, -0.00803431079326077, -0.006948482068266181, -0.00591475789699801, -0.005981120384726391, -0.005170210414072842, -0.004978231375851813, -0.0049659991343783015, -0.005615633943086973, -0.004950816816090504, -0.005211256830751662, -0.004813118438563816, -0.005117723293859688, -0.004887124885242817, -0.00481491257439405, -0.004478747400267118, -0.004415524251730562, -0.004906060259679556, -0.0050974583505094, -0.0052113286605333506, -0.004912637473433756, -0.004568330087965519, -0.0049459736901747795, -0.005026140720010863, -0.005182485220606908, -0.005124890781803074, -0.004754208603750323, -0.004837816706566841, -0.005515113807951009, -0.005148108353659985, -0.004752772931459026, -0.004704984717559709, -0.004834877487859704, -0.004637202144828938, -0.00470251418244072, -0.004897638841987246]
target reward list:[-0.9365314194544013, -0.3865618690329356, -0.34029370332172026, -0.30292962890848374, -0.3725043828109183, 0.1734943110721712, 0.4463183135368705, 0.5139891217502923, 0.572672803116433, 0.5549836316964171, 0.5784972149126882, 0.6155017597915409, 0.581447734757697, 0.5816586368965372, 0.5656270729493644, 0.5854089014013885, 0.5942571463221169, 0.577668280314394, 0.5725174094447526, 0.5621974931601007, 0.5498473308598427, 0.5557966219498406, 0.5534430067454765, 0.5562713283463661, 0.5863771835070217, 0.6127437574167784, 0.5936022186882024, 0.5827219332528966, 0.6208163509887976, 0.5708164837700486, 0.5843720988742821, 0.5721966451253253, 0.5936699368278615, 0.5787324400935979, 0.5834501126684588, 0.566295799952084, 0.6160795547419925, 0.5713508949936871, 0.6030638829723065, 0.5822062246924862]
safe reward list [0.0, 0.0, 0.0, 0.0, 0.0, 0.0, 0.0, 0.0, 0.0, 0.0, 0.0, 0.0, 0.0, 0.0, 0.0, 0.0, 0.0, 0.0, 0.0, 0.0, 0.0, 0.0, 0.0, 0.0, 0.0, 0.0, 0.0, 0.0, 0.0, 0.0, 0.0, 0.0, 0.0, 0.0, 0.0, 0.0, 0.0, 0.0, 0.0, 0.0]
speed list [7.305151394492007, 15.713953600237813, 16.11725076840701, 15.982806653226714, 15.276334136116148, 13.8361356839473, 15.025984257752885, 15.941392071203348, 15.917031882218199, 15.780017725411131, 16.05897987522655, 16.200881943178242, 15.496414722108984, 16.202830125746512, 15.69591458112039, 15.785230948171598, 15.940430504824281, 16.092068998242436, 15.641602733160623, 15.876363863511983, 15.954897378357007, 15.921971849742597, 15.786517710703679, 15.446903949692388, 15.829268975304835, 16.12337198540891, 16.008449138971077, 15.755664723749396, 16.166608337283854, 16.02778471040462, 15.863395895633266, 16.113793734149066, 15.635236639541139, 15.874627440228569, 16.027128769037265, 15.901140716297633, 16.157923880338195, 16.24435150757574, 16.21777355177078, 15.795271819095797]
ec list [80.07663602831997, 59.918657476436785, 59.535651026148884, 59.11558791056233, 60.68770149008567, 60.00854930713575, 59.723031599626665, 58.72582784169992, 58.42740373888594, 58.71630305221785, 58.93819261122037, 58.87499140161497, 58.195105431367644, 58.44946812296769, 57.998958007978686, 57.94458293256133, 58.19410104398207, 58.596428569992895, 57.868400808295405, 58.19734217122231, 58.32661912272986, 58.46396180060092, 58.77160686312089, 58.82727638513491, 58.49392495960258, 58.21875394484138, 57.72855079251869, 58.126596929273234, 57.96918443906827, 58.02897016490156, 57.80356690220117, 57.976227850830504, 58.083418654044, 58.14091039295766, 57.92617833741696, 57.79612968024486, 57.83425496347193, 58.30382079053344, 58.16850565882941, 57.82354492993698]
jerk list [0.20518515579425, 0.10202922723238221, 0.09705282645628507, 0.10139878278361952, 0.1327393735520401, 0.3959581529474221, 0.3871502863783534, 0.3755079397723341, 0.3956928728664471, 0.38708817171172955, 0.3758739997312641, 0.3670067456845659, 0.40330400059377564, 0.35873093167778425, 0.3857245570483195, 0.3539425849812099, 0.35411429686558427, 0.35470732713341785, 0.3527199366244054, 0.34018416967237947, 0.341250038302289, 0.3432420593986132, 0.3640612266028493, 0.35653519013450563, 0.34319753089465393, 0.3381335314994621, 0.33370811845703796, 0.3558435137931127, 0.3371207295751951, 0.3334990652169527, 0.34834752929250434, 0.33027370830876956, 0.3598742896413778, 0.3524474664795439, 0.32887798306868465, 0.3441296394007767, 0.3343970786354109, 0.3325728779384254, 0.31947421109446883, 0.3330002221452274]