
Env:SUMO, Algorithm:MADDPG, Device:cuda:1
-----------------------------------------
{'algo': 'MADDPG', 'env': 'SUMO', 'seedVal': 20150427, 'gamma': 0.999, 'epsilon': 0.001, 'critic_lr': 0.005, 'actor_lr': 0.0001, 'memory_capacity': 1000000, 'batch_size': 512, 'train_eps': 40, 'eval_eps': 10, 'epsilon_start': 3, 'max_speed': 28, 'target_update': 4, 'hidden_dim': 256, 'soft_tau': 0.05, 'max_action': 2, 'device': device(type='cuda', index=1), 'simulation_steps': 3600, 'pathToSumoFiles': 'rou_net2_single', 'model_dest_path': 'models/', 'model_dest_path_leader': 'single', 'model_dest_path_follow': '', 'procID': 23}
seed 20150427
当前的gamma是0.999, 当前的soft tau是0.05
-----------------------------------------
model saved successfully!
Complete training!
final reward list:[-0.9305698605296858, -0.3962066715724217, -0.49494805529122543, -0.3045755792873444, -0.12736085535275515, -0.9404773214713813, -0.949831526705382, -0.9005931586613449, -0.44804724824902326, -0.9690961781130231, -0.9571930121428681, -0.9452267242082892, -0.9833263983346416, -0.8608099201506448, -0.9757437754501636, -0.9716500346605211, -0.8058222847909027, -0.5852236202919908, -0.90806596553017, -0.9690633719069559, -0.7054647153868597, -0.9382720815285084, -0.7474457348956658, -0.9750011814614822, -0.6374410496449878, -0.6376903260210932, -0.8674628752963582, -0.84476057077594, -0.9665030957484865, -0.9594201144285156, -0.9621091713823566, -0.9884145891260906, -0.9899579671367454, -0.974867063284033, -0.9493784802702827, -0.938796293947291, -0.969693641892147, -0.9816664405175372, -0.9611680406475431, -0.9746579210980283]
final halt list:[9.789648491558262, 1.6278166278166277, 2.9943839943839943, 1.187411095305832, 2.555310547592797, 131.38087271713368, 150.0411092985318, 62.6328197945845, 2.145138888888889, 88.03191936161276, 70.79762735519888, 41.58412547528517, 111.52214484679666, 19.439323467230444, 47.10613340870548, 75.54347826086956, 41.48072727272727, 9.932652289065455, 2.6541468863445963, 5.996535978586049, 1.8985973787077488, 6.6190810734860195, 1.8, 198.80600978336827, 15.54933234421365, 11.879299363057324, 90.42636945695992, 29.129614267938614, 213.7211362677542, 155.86415412740823, 84.03911923167018, 134.24643755238893, 9.358869834129885, 98.37475483328663, 85.41986359761296, 94.06454340473506, 143.12859135285913, 73.21820991991008, 17.5599550688009, 114.6738038984052]
speed reward list:[0.0, 0.0, 0.0, 0.0, 0.0, 0.0, 0.0, 0.0, 0.0, 0.0, 0.0, 0.0, 0.0, 0.0, 0.0, 0.0, 0.0, 0.0, 0.0, 0.0, 0.0, 0.0, 0.0, 0.0, 0.0, 0.0, 0.0, 0.0, 0.0, 0.0, 0.0, 0.0, 0.0, 0.0, 0.0, 0.0, 0.0, 0.0, 0.0, 0.0]
tls reward list:[-0.0024238209231044333, -0.007552227790757103, -0.006150044543656391, -0.007109603469580476, -0.00799386783025382, -0.0012816984626281495, -0.0014514682361611605, -0.0033904052232309762, -0.007881740577202367, -0.0009033285041710547, -0.0012660138255467604, -0.001887434968739948, -0.0012659001509549882, -0.0031756421622331963, -0.0014541348515539712, -0.0018329386056654177, -0.005928031215304112, -0.00804536614298143, -0.002549914459057257, -0.001380072333896745, -0.0041440605698896855, -0.0023580553605211827, -0.006068751098636759, -0.0007554581232657004, -0.00589467706767674, -0.006348465611669399, -0.0024466035721174275, -0.002926279161093636, -0.000890483394386433, -0.0010947453697610968, -0.0023063662548009228, -0.0008496619499386772, -0.0012580618557467083, -0.0014371727412573402, -0.0018932168864941952, -0.001855062414435711, -0.0009974690889141351, -0.0011185611841730842, -0.001850496902615567, -0.0012683394237983775]
target reward list:[-0.9281460396065814, -0.3886544437816646, -0.488798010747569, -0.29746597581776396, -0.11936698752250136, -0.939195623008753, -0.9483800584692207, -0.8972027534381138, -0.4401655076718209, -0.9681928496088521, -0.9559269983173214, -0.9433392892395495, -0.9820604981836866, -0.8576342779884117, -0.9742896405986096, -0.9698170960548557, -0.7998942535755986, -0.5771782541490095, -0.9055160510711129, -0.9676832995730591, -0.7013206548169703, -0.9359140261679872, -0.741376983797029, -0.9742457233382164, -0.631546372577311, -0.6313418604094239, -0.8650162717242409, -0.8418342916148464, -0.9656126123541001, -0.9583253690587545, -0.9598028051275556, -0.987564927176152, -0.9886999052809986, -0.9734298905427756, -0.9474852633837886, -0.9369412315328552, -0.968696172803233, -0.9805478793333642, -0.9593175437449277, -0.9733895816742298]
safe reward list [0.0, 0.0, 0.0, 0.0, 0.0, 0.0, 0.0, 0.0, 0.0, 0.0, 0.0, 0.0, 0.0, 0.0, 0.0, 0.0, 0.0, 0.0, 0.0, 0.0, 0.0, 0.0, 0.0, 0.0, 0.0, 0.0, 0.0, 0.0, 0.0, 0.0, 0.0, 0.0, 0.0, 0.0, 0.0, 0.0, 0.0, 0.0, 0.0, 0.0]
speed list [7.9895827232573735, 15.71063161361791, 14.088884756695967, 15.986864511969907, 13.2597706773686, 1.4598853429459224, 0.4762433388235439, 3.255052297559712, 13.749564010905724, 1.5395918022211605, 1.2665992446388867, 2.641008590379649, 0.7696201626911673, 7.714932847701767, 1.1233573087396742, 1.7785306346653722, 3.9197097749139442, 10.028855800580743, 10.58531130893721, 7.702886770622677, 14.992314162583881, 7.435047629402741, 12.273587454843552, 0.26132806505932, 5.911644967658166, 6.028108282752774, 2.025938630273021, 5.245548537129672, 0.19312822663451154, 0.49151194565122347, 1.4888545505094861, 0.5076527153030846, 2.7061619451162695, 1.1935075252545417, 3.1086933266783987, 2.0961077163378383, 0.48921322041375503, 1.0499780980228262, 2.5084763412620545, 0.8659785360429343]
ec list [68.733558724531, 59.90871651886995, 61.00296435303077, 59.139544205519876, 62.296297759703265, 326.09827263079376, 418.92995438346674, 140.18742220940032, 62.79801516093122, 320.41177057600726, 227.5618857475924, 105.12554559428489, 289.1259618068984, 100.2612986561133, 208.29613195811055, 190.36532284239763, 102.12865434096832, 72.12401804884716, 58.6289308430045, 67.11356873963733, 59.62202128212171, 71.42792595848275, 64.72492658449808, 475.16906316267097, 84.42911833219468, 84.7995717170883, 203.37524026433266, 105.72730929959262, 486.5316516657458, 416.64417304089187, 157.17206374700163, 357.6020646215686, 110.032365502611, 261.88017186334196, 261.38250479288905, 257.6107374600228, 340.07120261386507, 275.51575109759, 116.01091381523882, 287.22885224275433]
jerk list [0.16603245992518526, 0.10132966008601899, 0.13040416154346388, 0.10170778038872162, 0.27693199410208874, 0.09420954638996859, 0.06612937514467578, 0.1578051046190055, 0.2317146716468011, 0.05012911840247341, 0.06250386669922944, 0.06544446765146184, 0.07299254110618275, 0.16334916254054233, 0.06636367340166825, 0.057776547674348935, 0.1697397645577497, 0.15353890472911486, 0.1152093544891834, 0.17144495794805423, 0.09599648361929414, 0.17725178345840303, 0.3307006856166458, 0.058282865588538776, 0.39475337176512115, 0.47584797322028927, 0.2278707620326393, 0.31524894763235023, 0.06374607696399165, 0.07813420170700212, 0.08432214347640993, 0.03254637238706048, 0.06363027895610213, 0.11988709349208207, 0.16393404377277007, 0.23313536885153416, 0.07191480947561789, 0.08903264214090459, 0.24247236632094651, 0.07605896964420836]