
Env:SUMO, Algorithm:MADDPG, Device:cuda:0
-----------------------------------------
{'algo': 'MADDPG', 'env': 'SUMO', 'seedVal': 20150427, 'gamma': 0.999, 'epsilon': 0.001, 'critic_lr': 0.005, 'actor_lr': 0.0001, 'memory_capacity': 1000000, 'batch_size': 512, 'train_eps': 40, 'eval_eps': 10, 'epsilon_start': 3, 'max_speed': 28, 'target_update': 4, 'hidden_dim': 256, 'soft_tau': 0.1, 'max_action': 2, 'device': device(type='cuda', index=0), 'simulation_steps': 3600, 'pathToSumoFiles': 'rou_net2_single', 'model_dest_path': 'models/', 'model_dest_path_leader': 'single', 'model_dest_path_follow': '', 'procID': 24}
seed 20150427
当前的gamma是0.999, 当前的soft tau是0.1
-----------------------------------------
model saved successfully!
Complete training!
final reward list:[-0.8078587946680534, -0.3948219502279274, -0.4816305670159495, -0.3083494877419386, -0.4028446816913309, -0.1357599398446726, 0.006870353649369751, 0.11158100517837177, 0.07703902990806802, 0.18623989574265318, 0.11162980895602805, 0.18268517422617664, 0.12426035608287604, 0.19594983200862515, -0.35628388091923097, -0.43675447172445486, -0.6091080176887081, -0.12077910743848487, 0.06536018638835855, 0.16227763563486242, -0.9304533539036967, -0.9452941902750623, -0.9663313030465246, -0.9186352443689261, -0.9670434385162013, -0.9010450032936863, -0.9368474468627824, -0.8980209802180669, -0.9989791259489458, -0.9726557406015937, -0.6460014798569874, -0.9103091811028504, -0.8785680092144814, -0.9828446025278741, -0.9533551550832619, -0.32083119116324105, -0.24861983407154073, -0.31034135656894074, -0.2687843898657112, -0.32106065974830844]
final halt list:[9.305439330543933, 1.6278166278166277, 1.536231884057971, 1.1885450017787265, 1.5316642120765833, 1.5301204819277108, 0.5896134322530262, 0.5439031957803289, 0.20944992947813823, 0.12526284169420246, 0.19181902696002479, 0.19627256843331392, 0.40736607142857145, 0.5618075801749272, 5.373333333333333, 1.775656324582339, 13.735190409026798, 0.49374763167866614, 0.13853989813242784, 0.238827626233314, 82.07996504260433, 76.96772024209818, 93.95199082418483, 65.67445132245358, 155.50508852641852, 55.29500891265597, 24.98760092272203, 3.323985343855693, 104.85740402193784, 74.26803543805372, 29.95621301775148, 13.771973173314507, 2.350857464155187, 2.460072849537686, 6.855956336022781, 1.2285037237643872, 1.1494863620262132, 0.8654434250764526, 1.0316831683168317, 1.2436914203316511]
speed reward list:[0.0, 0.0, 0.0, 0.0, 0.0, 0.0, 0.0, 0.0, 0.0, 0.0, 0.0, 0.0, 0.0, 0.0, 0.0, 0.0, 0.0, 0.0, 0.0, 0.0, 0.0, 0.0, 0.0, 0.0, 0.0, 0.0, 0.0, 0.0, 0.0, 0.0, 0.0, 0.0, 0.0, 0.0, 0.0, 0.0, 0.0, 0.0, 0.0, 0.0]
tls reward list:[-0.003361019236861852, -0.0075112461650298544, -0.006234584599981271, -0.00710809781391409, -0.00747916266064257, -0.007604652189494499, -0.007200448503763925, -0.007904657832549395, -0.007438006459663455, -0.009014906198238347, -0.011584349580742195, -0.010315292567485321, -0.011077514618955306, -0.009175690168923637, -0.007658583621034259, -0.006125808210199636, -0.005026150801638699, -0.00931447578678228, -0.008391498512401396, -0.011865548345036664, -0.002044026531406833, -0.0021923668443624093, -0.0012264035421773957, -0.002554931810649818, -0.0008349799052338182, -0.0017515443880888643, -0.0021136287375438214, -0.0030782710106967348, -0.0006738107711633736, -0.001194934832620597, -0.004404942287382866, -0.0027972735417293127, -0.002194420734076364, -0.0010298583605992697, -0.0016839998779000199, -0.006762758727708858, -0.006878399934351403, -0.0069193349192799665, -0.0069377524840358055, -0.00706332465697085]
target reward list:[-0.8044977754311918, -0.3873107040628975, -0.4753959824159682, -0.3012413899280245, -0.39536551903068845, -0.12815528765517814, 0.014070802153133664, 0.11948566301092119, 0.08447703636773146, 0.19525480194089154, 0.12321415853677023, 0.19300046679366195, 0.13533787070183134, 0.20512552217754876, -0.3486252972981968, -0.43062866351425527, -0.6040818668870696, -0.11146463165170258, 0.07375168490075992, 0.17414318397989906, -0.9284093273722898, -0.9431018234306998, -0.9651048995043472, -0.9160803125582763, -0.9662084586109676, -0.8992934589055973, -0.9347338181252386, -0.8949427092073703, -0.9983053151777823, -0.9714608057689731, -0.6415965375696044, -0.9075119075611211, -0.876373588480405, -0.9818147441672749, -0.9516711552053617, -0.3140684324355322, -0.24174143413718932, -0.30342202164966076, -0.26184663738167546, -0.3139973350913376]
safe reward list [0.0, 0.0, 0.0, 0.0, 0.0, 0.0, 0.0, 0.0, 0.0, 0.0, 0.0, 0.0, 0.0, 0.0, 0.0, 0.0, 0.0, 0.0, 0.0, 0.0, 0.0, 0.0, 0.0, 0.0, 0.0, 0.0, 0.0, 0.0, 0.0, 0.0, 0.0, 0.0, 0.0, 0.0, 0.0, 0.0, 0.0, 0.0, 0.0, 0.0]
speed list [9.674384151697108, 15.717203859808542, 15.908642113320097, 15.983826698259621, 15.760560187673036, 14.23307460975685, 15.193198453037962, 16.01635977462606, 15.973737516222233, 15.435339356977755, 15.52532494548751, 15.277652274452908, 15.096436939033998, 14.400022790323817, 12.12729918499874, 12.559361641810325, 8.277230800590427, 14.739645490008506, 15.454903458470435, 15.230360588730369, 1.0667364285207888, 1.2087850571744518, 0.9603207420409566, 1.7881875333907833, 0.3545487823612189, 2.4914237615626313, 5.367189102887583, 10.585880395079046, 0.2613345604126957, 1.3430756261601744, 4.243402219795532, 7.709014983562548, 13.98772119904642, 6.768154486892609, 8.705671650141129, 16.013316935400876, 16.17903807922256, 16.25829497225993, 16.14353117876334, 15.935229722761251]
ec list [65.21636230456959, 59.894161291260446, 59.52412868111917, 59.12225397982942, 59.96637858356001, 60.26231814266854, 59.492845635518634, 59.19327454243369, 58.72879401379083, 60.80627745833877, 61.704740454386275, 60.77733991107715, 59.89837844392673, 61.97665693118146, 65.42168824067788, 62.0460244383481, 73.86409236676869, 61.54856077810901, 59.48340539366267, 61.73950645960564, 216.59165075950784, 191.09428487253598, 309.00425238345963, 142.51605689505058, 476.0598969672292, 148.77209944106116, 63.48356693325069, 63.84638768254285, 360.4983351342469, 224.39111610551902, 100.28514150959873, 81.19593261102304, 56.94978749709775, 50.43886398808968, 66.60962199035714, 59.63501525159091, 59.32979858338588, 60.04307228054869, 60.17110458706067, 59.65242856122068]
jerk list [0.13129774613585593, 0.10097279403559625, 0.09725026409757945, 0.10205894701288663, 0.10055129666151058, 0.2857187784361723, 0.25861034453996906, 0.21649015382080375, 0.23974823857303038, 0.5079977579693697, 0.6371598492716859, 0.61762905211212, 0.5496884525494139, 0.6152674231100403, 0.5086240301679373, 0.397793086844595, 0.26996512411215084, 0.40811510149420194, 0.35357069112432865, 0.6337026089550919, 0.14930858620321016, 0.10348184723851771, 0.13719616532888715, 0.17862343989602752, 0.06414725697110871, 0.07145620276009339, 0.07494621448448412, 0.13171222081290637, 0.08845418588244593, 0.1288821573516708, 0.3494878556167463, 0.1347811634754583, 0.09647809354721303, 0.0627588293612837, 0.13357908205791003, 0.09799052604014866, 0.10083256680607756, 0.0970440415614902, 0.10017510412041573, 0.13586251583898487]