
Env:SUMO, Algorithm:MADDPG, Device:cuda:0
-----------------------------------------
{'algo': 'MADDPG', 'env': 'SUMO', 'seedVal': 20150427, 'gamma': 0.9, 'epsilon': 0.001, 'critic_lr': 0.005, 'actor_lr': 0.0001, 'memory_capacity': 1000000, 'batch_size': 512, 'train_eps': 40, 'eval_eps': 10, 'epsilon_start': 3, 'max_speed': 28, 'target_update': 4, 'hidden_dim': 256, 'soft_tau': 0.1, 'max_action': 2, 'device': device(type='cuda', index=0), 'simulation_steps': 3600, 'pathToSumoFiles': 'rou_net2_single', 'model_dest_path': 'models/', 'model_dest_path_leader': 'single', 'model_dest_path_follow': '', 'procID': 14}
seed 20150427
当前的gamma是0.9, 当前的soft tau是0.1
-----------------------------------------
model saved successfully!
Complete training!
final reward list:[-0.9185765475922232, -0.39664663107353787, 0.3388813311509649, 0.514818705766267, 0.5597133187810257, 0.5737544606721589, 0.5840238656885484, 0.5568836543441795, 0.5747519547526357, 0.5614380680023824, 0.5660844132262113, 0.5962393020241472, 0.5883458928437243, 0.5868549889817707, 0.5660454261506425, 0.5768626352787526, 0.563571286734382, 0.5845737788217457, 0.5505488500449386, 0.56705738889446, 0.547197960136128, 0.5792314693412113, 0.5526330507065207, 0.5632818368251565, 0.5672105750860207, 0.5768832875860752, 0.5623475329180044, 0.5736597191238445, 0.6074639481749373, 0.5773839843673683, 0.5618591632886111, 0.5599713845953329, 0.5791303681934348, 0.5362873143328285, 0.5362163108087545, 0.5597013105447944, 0.5826935838799954, 0.5712866438539782, 0.5753810482285358, 0.5797212429698174]
final halt list:[9.579362574944778, 2.0496316401706087, 0.19802677942212826, 0.006041222459132907, 0.0022132054592401327, 0.001152073732718894, 0.010542756735650137, 0.010245265445513815, 0.0, 0.0, 0.0, 0.0, 0.0, 0.0, 0.0003636363636363636, 0.0022396416573348264, 0.0, 0.0, 0.0, 0.0, 0.0, 0.0, 0.007692307692307693, 0.0, 0.008178438661710037, 0.0, 0.0, 0.0, 0.0, 0.0, 0.0, 0.016979768786127166, 0.0, 0.0020840569642236887, 0.0, 0.0, 0.0, 0.0, 0.014280047600158666, 0.0]
speed reward list:[0.0, 0.0, 0.0, 0.0, 0.0, 0.0, 0.0, 0.0, 0.0, 0.0, 0.0, 0.0, 0.0, 0.0, 0.0, 0.0, 0.0, 0.0, 0.0, 0.0, 0.0, 0.0, 0.0, 0.0, 0.0, 0.0, 0.0, 0.0, 0.0, 0.0, 0.0, 0.0, 0.0, 0.0, 0.0, 0.0, 0.0, 0.0, 0.0, 0.0]
tls reward list:[-0.002263610524082152, -0.007791726454001724, -0.008583501575584265, -0.0063417818120375035, -0.00611919472210896, -0.005967796200489773, -0.005709804080520267, -0.005473358100024801, -0.005488190453351854, -0.004669955635781241, -0.005001911252704269, -0.004862658562570019, -0.005316612436214179, -0.004764825416051143, -0.00517191758948049, -0.0052462277301961536, -0.005357372803499102, -0.004916359672509293, -0.005242144730156002, -0.004662469300151858, -0.004511655674450488, -0.0051440210347192955, -0.005144412947940314, -0.005191668708021465, -0.005209678226264912, -0.004649737508805511, -0.00515251549872729, -0.005117890741343873, -0.005043228221832701, -0.0048963613480841, -0.004801349608031464, -0.004831221311967016, -0.005395111138489259, -0.004892686129477768, -0.004931700032857602, -0.0046330607103789445, -0.004801217661721651, -0.004349274548810721, -0.004734498620783592, -0.004805116280513069]
target reward list:[-0.9163129370681411, -0.38885490461953615, 0.34746483272654916, 0.5211604875783045, 0.5658325135031346, 0.5797222568726486, 0.5897336697690686, 0.5623570124442044, 0.5802401452059877, 0.5661080236381636, 0.5710863244789156, 0.6011019605867174, 0.5936625052799386, 0.5916198143978217, 0.5712173437401229, 0.5821088630089488, 0.5689286595378811, 0.5894901384942549, 0.5557909947750945, 0.5717198581946118, 0.5517096158105784, 0.5843754903759306, 0.5577774636544611, 0.5684735055331779, 0.5724202533122855, 0.5815330250948807, 0.5675000484167316, 0.5787776098651886, 0.61250717639677, 0.5822803457154524, 0.5666605128966425, 0.5648026059072999, 0.5845254793319241, 0.5411800004623063, 0.5411480108416121, 0.5643343712551734, 0.587494801541717, 0.5756359184027889, 0.5801155468493194, 0.5845263592503305]
safe reward list [0.0, 0.0, 0.0, 0.0, 0.0, 0.0, 0.0, 0.0, 0.0, 0.0, 0.0, 0.0, 0.0, 0.0, 0.0, 0.0, 0.0, 0.0, 0.0, 0.0, 0.0, 0.0, 0.0, 0.0, 0.0, 0.0, 0.0, 0.0, 0.0, 0.0, 0.0, 0.0, 0.0, 0.0, 0.0, 0.0, 0.0, 0.0, 0.0, 0.0]
speed list [8.986524221927782, 15.338789707412518, 15.85433087106819, 15.837105446940956, 15.570206411651691, 15.769735333104538, 15.979469217034369, 15.899782145456262, 15.954031173908406, 15.74137294104987, 16.087152974686102, 16.226219657511383, 15.540485995644406, 16.204216854429866, 15.704521828674537, 15.82786425337661, 15.96122490932202, 16.126342702371865, 15.699523831138533, 15.932468398475443, 16.016831561417256, 16.05634386832369, 16.00234817898137, 15.812434067038827, 15.972450866467598, 16.164211175115692, 16.026719108356158, 15.791346455541913, 16.18022500558409, 16.022475516557332, 15.878355532462743, 16.07180082594967, 15.683573767827836, 15.856738205009494, 16.052640090195506, 15.890330074435667, 16.149177592953972, 16.253897156442573, 16.20672156071444, 15.814958058406551]
ec list [65.933622928649, 60.28267356047346, 59.73250934586309, 58.25662284410691, 58.66202800490782, 58.502562905227585, 58.711899618599595, 58.61629764981851, 58.404709984441325, 58.538460175106415, 58.801948810592016, 58.46568146352376, 58.09477235376144, 58.322831410021934, 57.93295355166736, 58.00954307451185, 58.10773559102205, 58.53342070855311, 57.93845888111568, 57.96606703379959, 58.304218683687196, 58.15694583121845, 58.20857626960607, 58.28966188194758, 58.30048654972882, 58.06567064567261, 57.90256640435821, 58.031461010020124, 57.93554402809225, 57.99002610014236, 57.96128402956971, 58.07187459596961, 58.012697519604345, 58.1652701757643, 58.07188536885456, 57.71282312356796, 57.880720403156175, 58.25811586425364, 58.11391351335318, 57.9219621796884]
jerk list [0.15375757859311076, 0.10717443290052278, 0.3740545994371902, 0.39130891798198486, 0.4335256987054237, 0.4209261601866292, 0.3919389912433086, 0.3923216858117017, 0.3827759782555232, 0.3708495653996493, 0.35189641084689777, 0.3358666400383394, 0.38161831838697813, 0.33502371118449953, 0.36580887810028473, 0.3669778423248141, 0.3600053292798038, 0.3469543032360113, 0.375090406967397, 0.340839080848926, 0.3432094534208528, 0.34829435951465043, 0.3511114784708869, 0.3637629405345545, 0.3512464243506381, 0.32190378042023804, 0.3343243428121213, 0.35817184115609846, 0.33284120022524727, 0.3309030280180069, 0.3435751069322539, 0.33483322661164033, 0.3540392335476207, 0.344657477676308, 0.3249668119998241, 0.33497625810327814, 0.3373066810060072, 0.3281407486488012, 0.3372341461315916, 0.3460278349506049]