
Env:SUMO, Algorithm:MADDPG, Device:cuda:0
-----------------------------------------
{'algo': 'MADDPG', 'env': 'SUMO', 'seedVal': 20150427, 'gamma': 0.7, 'epsilon': 0.001, 'critic_lr': 0.005, 'actor_lr': 0.0001, 'memory_capacity': 1000000, 'batch_size': 512, 'train_eps': 40, 'eval_eps': 10, 'epsilon_start': 3, 'max_speed': 28, 'target_update': 4, 'hidden_dim': 256, 'soft_tau': 0.1, 'max_action': 2, 'device': device(type='cuda', index=0), 'simulation_steps': 3600, 'pathToSumoFiles': 'rou_net2_single', 'model_dest_path': 'models/', 'model_dest_path_leader': 'single', 'model_dest_path_follow': '', 'procID': 4}
seed 20150427
当前的gamma是0.7, 当前的soft tau是0.1
-----------------------------------------
model saved successfully!
Complete training!
final reward list:[-0.920829040590297, -0.39286608063517864, 0.20635771481545287, 0.5261859425437185, 0.5484782459629768, 0.5502324027738286, 0.5789926474396532, 0.5453241427206719, 0.5611730059551008, 0.535352182083297, 0.566210837998192, 0.567471431832488, 0.5484921057979305, 0.5626209769605827, 0.5444799899032234, 0.5643361272943963, 0.5567763817044584, 0.5776220392429592, 0.5505296971075834, 0.5536381217178852, 0.529470175025596, 0.5531157101528894, 0.5336266187336047, 0.5500816252514615, 0.5813337703560313, 0.5594735118121261, 0.5712989863634895, 0.5527389077000864, 0.5823420598310048, 0.5842534745855974, 0.577526230710852, 0.5671728636668394, 0.5743052840285643, 0.5379943778770403, 0.5682790403168683, 0.582883668509955, 0.578092497429629, 0.5627903178504783, 0.5628084320576116, 0.5563770408930461]
final halt list:[10.629468760441029, 1.6174213353798925, 0.518661971830986, 0.012073863636363636, 0.00885282183696053, 0.008846153846153846, 0.00078125, 0.0, 0.0, 0.00030120481927710846, 0.0, 0.0, 0.0, 0.0, 0.0, 0.01755041075429425, 0.001091703056768559, 0.0, 0.0006807351940095302, 0.0, 0.0, 0.0, 0.01863102470635885, 0.0, 0.0, 0.0, 0.0, 0.0, 0.0, 0.0, 0.0, 0.0, 0.0, 0.004862799583188607, 0.0, 0.0, 0.0, 0.0, 0.0027744748315497426, 0.0]
speed reward list:[0.0, 0.0, 0.0, 0.0, 0.0, 0.0, 0.0, 0.0, 0.0, 0.0, 0.0, 0.0, 0.0, 0.0, 0.0, 0.0, 0.0, 0.0, 0.0, 0.0, 0.0, 0.0, 0.0, 0.0, 0.0, 0.0, 0.0, 0.0, 0.0, 0.0, 0.0, 0.0, 0.0, 0.0, 0.0, 0.0, 0.0, 0.0, 0.0, 0.0]
tls reward list:[-0.002441696638893695, -0.007484005250572177, -0.00786298952528267, -0.006755264231883496, -0.006505982803945284, -0.006389187008058335, -0.005405557684294896, -0.005533697667186855, -0.005473504660603399, -0.004979851340867565, -0.004877518210172533, -0.005107594876619065, -0.005662651568454913, -0.004941636475458617, -0.005588666115567963, -0.005479838963369535, -0.0055839970456891715, -0.005379002730782181, -0.005506155030951535, -0.005009272050289911, -0.00470456440122084, -0.005325637026517167, -0.005584327905207676, -0.0053679162459427, -0.0054347623953377505, -0.004949523958506981, -0.005258869036875449, -0.005295973003672765, -0.005186289114264901, -0.005095516791759137, -0.0049387458575139934, -0.004884997894089317, -0.00560545607109039, -0.005222911685782862, -0.005096188188245214, -0.004776762791303584, -0.004826859242050982, -0.004546819363500625, -0.004718492948195107, -0.004986796479898811]
target reward list:[-0.9183873439514032, -0.38538207538460645, 0.21422070434073553, 0.5329412067756021, 0.5549842287669222, 0.556621589781887, 0.584398205123948, 0.5508578403878587, 0.5666465106157043, 0.5403320334241646, 0.5710883562083646, 0.5725790267091071, 0.5541547573663855, 0.5675626134360413, 0.5500686560187914, 0.5698159662577658, 0.5623603787501477, 0.5830010419737413, 0.5560358521385349, 0.5586473937681751, 0.5341747394268168, 0.5584413471794065, 0.5392109466388124, 0.5554495414974041, 0.5867685327513691, 0.5644230357706331, 0.576557855400365, 0.5580348807037591, 0.5875283489452698, 0.5893489913773565, 0.5824649765683659, 0.5720578615609287, 0.5799107400996546, 0.543217289562823, 0.5733752285051135, 0.5876604313012587, 0.5829193566716799, 0.5673371372139789, 0.5675269250058067, 0.5613638373729448]
safe reward list [0.0, 0.0, 0.0, 0.0, 0.0, 0.0, 0.0, 0.0, 0.0, 0.0, 0.0, 0.0, 0.0, 0.0, 0.0, 0.0, 0.0, 0.0, 0.0, 0.0, 0.0, 0.0, 0.0, 0.0, 0.0, 0.0, 0.0, 0.0, 0.0, 0.0, 0.0, 0.0, 0.0, 0.0, 0.0, 0.0, 0.0, 0.0, 0.0, 0.0]
speed list [8.403136616268625, 15.689613038756958, 15.317128492870985, 15.806000741261306, 15.55928346513568, 15.814585447475487, 16.047834742129172, 15.948284590447772, 15.969064064202326, 15.749514412913218, 16.09585803555865, 16.237181076802575, 15.524939374631506, 16.214089217537232, 15.72151491424369, 15.840085517866013, 15.964186874654924, 16.13368735177664, 15.693331128610705, 15.953848196926605, 16.012061273527266, 16.00665217624793, 16.005483994036492, 15.816626273601372, 16.009822895276656, 16.155861975157826, 16.045152984097253, 15.792558667667654, 16.189286525906166, 16.029577798830832, 15.867419421267726, 16.10090857115153, 15.686881746642438, 15.863062302130075, 16.027216016638675, 15.895290414372873, 16.14938070411547, 16.234398895999664, 16.211346187593517, 15.819656105071584]
ec list [68.53314457529076, 59.91778573158595, 60.04231896133603, 58.62974169496262, 58.67750124164772, 58.56810750132518, 58.51565104289318, 58.513621685272476, 58.32863050940347, 58.61141841351798, 58.715615234444556, 58.687400218330644, 58.09425084155151, 58.50373115965214, 58.17305036261505, 58.10349051370847, 58.107084139433766, 58.70406522796654, 58.20860838626551, 58.18666437230584, 58.4694506086264, 58.30180931059169, 58.430959355296125, 58.40315218408517, 58.30252260680136, 58.164025450595176, 58.00833550716515, 58.181286433928676, 57.9512032018784, 58.193984610183044, 58.065215524239846, 57.99562775692957, 58.28605064200215, 58.352773924542035, 58.288133248043394, 57.828185641076345, 57.996300293761124, 58.39585142521292, 58.263342916877825, 57.94108148707124]
jerk list [0.16301060915110552, 0.10108706910866999, 0.29971005829957825, 0.41508194433077794, 0.43690791761536274, 0.4059927839354447, 0.3689221847891447, 0.37196911652238557, 0.376080453067162, 0.37219069325667264, 0.3429048921064392, 0.3395729622846126, 0.3819490895053236, 0.34715151725758453, 0.3796166684082148, 0.35886521743416616, 0.3527316164977151, 0.3547952224470939, 0.3866204889871535, 0.34989086639950484, 0.3445870127998107, 0.3577214842311392, 0.3642159408818677, 0.3789824652697283, 0.36445026152549137, 0.33732370829020214, 0.34951429421158176, 0.3708408083790142, 0.34380419414626867, 0.3400110393619485, 0.36084598666431833, 0.34317410668126813, 0.3730696393625702, 0.368108255931058, 0.3471739598659406, 0.34186009843658016, 0.34851818528964457, 0.35166274028163047, 0.3457702732545149, 0.34869742738356396]