
Env:SUMO, Algorithm:MADDPG, Device:cuda:1
-----------------------------------------
{'algo': 'MADDPG', 'env': 'SUMO', 'seedVal': 20150427, 'gamma': 0.7, 'epsilon': 0.001, 'critic_lr': 0.005, 'actor_lr': 0.0001, 'memory_capacity': 1000000, 'batch_size': 512, 'train_eps': 40, 'eval_eps': 10, 'epsilon_start': 3, 'max_speed': 28, 'target_update': 4, 'hidden_dim': 256, 'soft_tau': 0.05, 'max_action': 2, 'device': device(type='cuda', index=1), 'simulation_steps': 3600, 'pathToSumoFiles': 'rou_net2_single', 'model_dest_path': 'models/', 'model_dest_path_leader': 'single', 'model_dest_path_follow': '', 'procID': 3}
seed 20150427
当前的gamma是0.7, 当前的soft tau是0.05
-----------------------------------------
model saved successfully!
Complete training!
final reward list:[-0.8883648568958084, -0.3953596603263039, -0.3462653029071969, -0.35746436478994864, -0.09836071390777848, 0.3737910413011482, 0.5188497380355456, 0.4974761235622832, 0.5455050583483617, 0.5221630495111224, 0.5387696947867326, 0.5701455690729968, 0.539459602993749, 0.5486210462908616, 0.5514820383751733, 0.5220535759423726, 0.5537495306411252, 0.568538001022671, 0.5584779868601072, 0.557248748613954, 0.5486382086641494, 0.5836278652848754, 0.5421571256237254, 0.5536472457828887, 0.5589923621846505, 0.5652350432938296, 0.5683915887344158, 0.5697013786082601, 0.5900052625365281, 0.539715635864866, 0.5678192900668888, 0.5468226526128397, 0.5690062759776812, 0.5612999385107924, 0.5497585480333324, 0.551226379485902, 0.5856782578223834, 0.5320982675098374, 0.5878229605678242, 0.5428966531091988]
final halt list:[11.305397251089508, 1.6285936285936287, 1.2103230337078652, 1.1785594639865997, 1.6370997423629003, 0.33217993079584773, 0.04806565064478312, 0.017048977061376317, 0.0017655367231638418, 0.0, 0.0, 0.0, 0.0, 0.0, 0.0, 0.010078387458006719, 0.0, 0.0, 0.0, 0.0, 0.0, 0.0, 0.0, 0.0, 0.017459138187221397, 0.0, 0.0, 0.0, 0.0, 0.0, 0.0, 0.0, 0.019333607568901685, 0.0, 0.0, 0.0, 0.0, 0.0007654037504783774, 0.011111111111111112, 0.0]
speed reward list:[0.0, 0.0, 0.0, 0.0, 0.0, 0.0, 0.0, 0.0, 0.0, 0.0, 0.0, 0.0, 0.0, 0.0, 0.0, 0.0, 0.0, 0.0, 0.0, 0.0, 0.0, 0.0, 0.0, 0.0, 0.0, 0.0, 0.0, 0.0, 0.0, 0.0, 0.0, 0.0, 0.0, 0.0, 0.0, 0.0, 0.0, 0.0, 0.0, 0.0]
tls reward list:[-0.002446626048125634, -0.007528055181634914, -0.007273461281178812, -0.0066958067287903565, -0.00805526196565382, -0.008432671066165218, -0.006640318006222494, -0.006354961173639886, -0.006145183467341158, -0.005808716076505825, -0.005640540916832025, -0.005850858918645892, -0.006282175711716652, -0.005271260806313035, -0.005740406694078951, -0.0058623125772125735, -0.0059970532160812, -0.0055449745630006, -0.005706360093972541, -0.005302529796899231, -0.005099756331047332, -0.005524925033925947, -0.005581112177941737, -0.005562903730126789, -0.0056721434630486334, -0.005399789946243665, -0.005492085823258695, -0.005475807199060488, -0.005515787435736774, -0.005263814725382491, -0.005028327254119082, -0.0052019220781985, -0.006001234106896028, -0.005264897000706648, -0.005116068338479582, -0.005114913938529109, -0.004959709026055261, -0.0047260717617180915, -0.004810532785172269, -0.005108995232022146]
target reward list:[-0.8859182308476826, -0.3878316051446689, -0.33899184162601803, -0.35076855806115836, -0.09030545194212464, 0.3822237123673134, 0.525490056041768, 0.503831084735923, 0.5516502418157029, 0.5279717655876283, 0.5444102357035647, 0.5759964279916426, 0.5457417787054656, 0.5538923070971745, 0.5572224450692523, 0.5279158885195852, 0.5597465838572064, 0.5740829755856716, 0.5641843469540798, 0.5625512784108532, 0.5537379649951968, 0.5891527903188013, 0.5477382378016671, 0.5592101495130154, 0.5646645056476992, 0.5706348332400731, 0.5738836745576744, 0.5751771858073207, 0.5955210499722648, 0.5449794505902485, 0.572847617321008, 0.5520245746910382, 0.5750075100845771, 0.566564835511499, 0.5548746163718119, 0.5563412934244311, 0.5906379668484386, 0.5368243392715554, 0.5926334933529965, 0.5480056483412209]
safe reward list [0.0, 0.0, 0.0, 0.0, 0.0, 0.0, 0.0, 0.0, 0.0, 0.0, 0.0, 0.0, 0.0, 0.0, 0.0, 0.0, 0.0, 0.0, 0.0, 0.0, 0.0, 0.0, 0.0, 0.0, 0.0, 0.0, 0.0, 0.0, 0.0, 0.0, 0.0, 0.0, 0.0, 0.0, 0.0, 0.0, 0.0, 0.0, 0.0, 0.0]
speed list [8.231833087811518, 15.715473257726668, 16.130226664114737, 15.949453316393884, 14.629175895548723, 15.765393420365784, 15.952803751947226, 15.913267722148003, 15.97069937062078, 15.784937895874153, 16.077674748844245, 16.234168106787298, 15.525003632434085, 16.211626317495206, 15.723730352560827, 15.836385934327609, 15.964456773559206, 16.12233291844968, 15.720255701038141, 15.95625254549778, 16.004889317300826, 16.03755131164492, 15.999706287734268, 15.80838873604555, 15.970869858923123, 16.150889893862193, 16.0415871312468, 15.76476787504173, 16.16808398295195, 16.020357681588486, 15.861250123911828, 16.092391039749845, 15.643104809311263, 15.831997616702052, 15.972595456707188, 15.894311748897241, 16.143688970479463, 16.241462243344042, 16.209131599628236, 15.787437829576453]
ec list [68.73740898008677, 59.943795412702926, 59.541062905638654, 59.195529393923884, 60.45433127946001, 59.74198300629003, 59.04685339796173, 58.925923179754776, 58.633301334892934, 58.91608125950644, 59.11227112590375, 58.95794916961113, 58.32463107817655, 58.555298557931565, 58.18971340862505, 58.26062165197902, 58.251342345295534, 58.744880318672145, 58.24120202947045, 58.36729730151089, 58.550626326406785, 58.402308717656666, 58.36794746863152, 58.51658669180587, 58.47696071668858, 58.3378372951303, 58.10757583731712, 58.241296291742515, 58.20698765020906, 58.29118311723241, 58.080655163641204, 58.22172909047602, 58.41497187370776, 58.35808604272214, 58.220727225920136, 57.93212224489805, 57.97974652172729, 58.44406320032514, 58.20586798763999, 57.89152371579677]
jerk list [0.14685731826038032, 0.10139854785521517, 0.09647039619928693, 0.10205735294206085, 0.21704060417982846, 0.34461839947302875, 0.3689811946768703, 0.38702104536192955, 0.40205237473891403, 0.38509104091116586, 0.3653882621193857, 0.3493798422675527, 0.39067980781303424, 0.3474010385464393, 0.3758748676733065, 0.37296425224924984, 0.3654103120785994, 0.3623237875792538, 0.39200813141688196, 0.36579626137245014, 0.35327873207390026, 0.3725058654586102, 0.3710171757618366, 0.3872599688549255, 0.3682712133137757, 0.35300714852212317, 0.358108113907024, 0.39055547265780755, 0.36348375033221997, 0.35819866689429286, 0.36443886445266127, 0.36627359655019087, 0.3919994380293198, 0.37839571731106475, 0.3524574151254247, 0.36332956042549475, 0.3467572235191856, 0.3495555876522032, 0.34898455453235844, 0.3566067469819033]