
Env:SUMO, Algorithm:MADDPG, Device:cuda:0
-----------------------------------------
{'algo': 'MADDPG', 'env': 'SUMO', 'seedVal': 20150427, 'gamma': 0.8, 'epsilon': 0.001, 'critic_lr': 0.005, 'actor_lr': 0.0001, 'memory_capacity': 1000000, 'batch_size': 512, 'train_eps': 40, 'eval_eps': 10, 'epsilon_start': 3, 'max_speed': 28, 'target_update': 4, 'hidden_dim': 256, 'soft_tau': 0.05, 'max_action': 2, 'device': device(type='cuda', index=0), 'simulation_steps': 3600, 'pathToSumoFiles': 'rou_net2_single', 'model_dest_path': 'models/', 'model_dest_path_leader': 'single', 'model_dest_path_follow': '', 'procID': 8}
seed 20150427
当前的gamma是0.8, 当前的soft tau是0.05
-----------------------------------------
model saved successfully!
Complete training!
final reward list:[-0.8582484160183863, -0.39535808842403103, -0.30474860490028705, 0.3857952505795014, 0.5181836980529982, 0.565977682750996, 0.5785710545255756, 0.5567211594779017, 0.5656104580026069, 0.5423095359821861, 0.5575592867657198, 0.5961607127990298, 0.5762978861910184, 0.5828359818809431, 0.5611851020326021, 0.566204162222482, 0.5443212374253774, 0.58406192410403, 0.5606234654375789, 0.5548441992771639, 0.5270217854354812, 0.5744858108841632, 0.5432174173487073, 0.5653842578550352, 0.5748294422369126, 0.5642440294401713, 0.5787004633886105, 0.5433594951757481, 0.5739303998918042, 0.5805674078036568, 0.5584619364199086, 0.5764733337585655, 0.5952357571138998, 0.5605775780418962, 0.5567157863070586, 0.5564774397002779, 0.5743701347353848, 0.5468812926819403, 0.5834624220575527, 0.5750669340950229]
final halt list:[9.11545169166376, 1.6264077669902912, 1.1645306546588154, 0.13402061855670103, 0.011803762449280709, 0.010765090349865437, 0.010933229207340883, 0.0, 0.0, 0.0, 0.0, 0.0, 0.0, 0.0, 0.0, 0.0056032872618602915, 0.0, 0.0, 0.0, 0.0, 0.0, 0.0, 0.0008100445524503848, 0.0, 0.0, 0.0, 0.0, 0.0021223912274495934, 0.0, 0.0, 0.0, 0.0, 0.0, 0.002779708130646282, 0.0, 0.0, 0.0, 0.0, 0.0031733439111463705, 0.00579080709373869]
speed reward list:[0.0, 0.0, 0.0, 0.0, 0.0, 0.0, 0.0, 0.0, 0.0, 0.0, 0.0, 0.0, 0.0, 0.0, 0.0, 0.0, 0.0, 0.0, 0.0, 0.0, 0.0, 0.0, 0.0, 0.0, 0.0, 0.0, 0.0, 0.0, 0.0, 0.0, 0.0, 0.0, 0.0, 0.0, 0.0, 0.0, 0.0, 0.0, 0.0, 0.0]
tls reward list:[-0.0026316120127192477, -0.007525135296310023, -0.0070423143918834485, -0.007799175281923497, -0.006793085651450937, -0.006168857767215574, -0.006014455676642977, -0.005554217796109858, -0.005662898856872938, -0.005179539942095268, -0.005017840491016412, -0.00517685769049627, -0.005616181597494997, -0.005042117664934121, -0.005513900750172526, -0.005618536694735305, -0.0056328120313294105, -0.0053364786466362, -0.005465111988711009, -0.0050750538350806205, -0.004926391148416237, -0.005205502450323641, -0.005477265334148971, -0.0053830971313638416, -0.005320616755207174, -0.004936423176197633, -0.005395103124781273, -0.005405819381820353, -0.005457734561407779, -0.005213376740235401, -0.004916272532189483, -0.00508696060274182, -0.005537938418923902, -0.005179995192027237, -0.005065965117224806, -0.004759464793756887, -0.005029881162314304, -0.004472581274071721, -0.004697118341296702, -0.004856844680695203]
target reward list:[-0.8556168040056671, -0.387832953127721, -0.29770629050840364, 0.3935944258614249, 0.5249767837044492, 0.5721465405182116, 0.5845855102022186, 0.5622753772740116, 0.5712733568594799, 0.5474890759242813, 0.5625771272567361, 0.6013375704895261, 0.5819140677885134, 0.5878780995458772, 0.5666990027827745, 0.5718226989172173, 0.5499540494567067, 0.5893984027506661, 0.56608857742629, 0.5599192531122446, 0.5319481765838975, 0.5796913133344869, 0.5486946826828563, 0.5707673549863991, 0.5801500589921198, 0.5691804526163691, 0.5840955665133918, 0.5487653145575684, 0.5793881344532119, 0.5857807845438922, 0.5633782089520981, 0.5815602943613073, 0.6007736955328238, 0.5657575732339235, 0.5617817514242834, 0.5612369044940347, 0.5794000158976991, 0.5513538739560121, 0.5881595403988493, 0.5799237787757181]
safe reward list [0.0, 0.0, 0.0, 0.0, 0.0, 0.0, 0.0, 0.0, 0.0, 0.0, 0.0, 0.0, 0.0, 0.0, 0.0, 0.0, 0.0, 0.0, 0.0, 0.0, 0.0, 0.0, 0.0, 0.0, 0.0, 0.0, 0.0, 0.0, 0.0, 0.0, 0.0, 0.0, 0.0, 0.0, 0.0, 0.0, 0.0, 0.0, 0.0, 0.0]
speed list [9.764582660889305, 15.71691452903618, 16.071363434143464, 15.261865460139834, 15.529408794409397, 15.80108186236907, 16.002565304486705, 15.936013834228115, 15.941423394975645, 15.783484441980654, 16.081947896551277, 16.223977142753792, 15.52513518482223, 16.22340019546111, 15.708992070850273, 15.834670912164604, 15.96480610634081, 16.107617531405722, 15.689923250481957, 15.958939944675606, 15.979110753398189, 16.03517779940488, 15.994889757826142, 15.809296956051893, 16.010284484381245, 16.149980536733594, 16.042945318150846, 15.763426686950021, 16.18194265957561, 16.02527166830424, 15.86366139059614, 16.09810338742209, 15.684717766729754, 15.856786098483026, 16.022591303621176, 15.858823218440167, 16.14798902992292, 16.242204065924337, 16.212237879024727, 15.81235329031569]
ec list [64.84421420388057, 59.87950185937504, 59.606985524365285, 58.98916860224314, 58.92475951289645, 58.578610013399526, 58.81570718637726, 58.598823783400746, 58.43051200950156, 58.64026176528748, 58.941659930612836, 58.76429928848546, 58.20690464535622, 58.40352609971887, 58.152366509335906, 58.11545250094498, 58.199119818816975, 58.71161255047326, 58.157995087294786, 58.241496813793894, 58.41623354207257, 58.25075304876628, 58.550976597259286, 58.44960653921674, 58.31063801691042, 58.170950122601816, 57.91102116840075, 58.0944640565425, 58.07515866165179, 58.18011104288442, 58.03351064875022, 58.03530018183076, 58.138655509965304, 58.31277223530698, 58.09573273329137, 57.88874518038304, 57.952035082329125, 58.26167552359434, 58.25403912573214, 58.00066456119696]
jerk list [0.14931268906056225, 0.1030738660129752, 0.10318839959743334, 0.36855228135519247, 0.43051664680969565, 0.4231202146537961, 0.3975851972138032, 0.39214029562435326, 0.3999674892227004, 0.3782199998430422, 0.3645385498753892, 0.34874939381594383, 0.39769239485770735, 0.34157721314825873, 0.3849594137576911, 0.36969770106465083, 0.3611379456316266, 0.36487940052237405, 0.3911030439189448, 0.35744575075768503, 0.35501376203101165, 0.3624253923137867, 0.36802409756083965, 0.3787537249120576, 0.35627640978963193, 0.33916927866358654, 0.3503572648240391, 0.37274693767415146, 0.35415428223986417, 0.3428465683600882, 0.3612341002874398, 0.35027640321584885, 0.3715556806223867, 0.3701160869549121, 0.34343772518209376, 0.34869845316035564, 0.3441488799319125, 0.3341960838236699, 0.34056876487656773, 0.35762833216506806]