
Env:SUMO, Algorithm:MADDPG, Device:cuda:0
-----------------------------------------
{'algo': 'MADDPG', 'env': 'SUMO', 'seedVal': 20150427, 'gamma': 0.7, 'epsilon': 0.001, 'critic_lr': 0.005, 'actor_lr': 0.0001, 'memory_capacity': 1000000, 'batch_size': 512, 'train_eps': 40, 'eval_eps': 10, 'epsilon_start': 3, 'max_speed': 28, 'target_update': 4, 'hidden_dim': 256, 'soft_tau': 0.01, 'max_action': 2, 'device': device(type='cuda', index=0), 'simulation_steps': 3600, 'pathToSumoFiles': 'rou_net2_single', 'model_dest_path': 'models/', 'model_dest_path_leader': 'single', 'model_dest_path_follow': '', 'procID': 2}
seed 20150427
当前的gamma是0.7, 当前的soft tau是0.01
-----------------------------------------
model saved successfully!
Complete training!
final reward list:[-0.8710651531250423, 0.06198872287829947, 0.5339799981164861, 0.5708494067338761, 0.5612752718905578, 0.5849155446852943, 0.588699589523894, 0.5673020528140317, 0.5552302663812474, 0.5292695448583963, 0.5658039385623393, 0.5517653769577489, 0.5520403448126283, 0.5742606535114073, 0.5419737514979068, 0.5577935280522796, 0.5786161475081005, 0.6071451802715624, 0.5280577477730316, 0.5599254069053659, 0.5497790382940397, 0.5737244800707488, 0.5431627889647749, 0.5340318476637373, 0.597615972303726, 0.5646190984707545, 0.5650845609941014, 0.5454297682304673, 0.6078713138846793, 0.5677900172078888, 0.5791083463343089, 0.558222280836391, 0.5382313713092532, 0.5350624715820225, 0.5442600293506857, 0.5334789890229283, 0.5717824806305851, 0.5334564610838949, 0.5800155093316604, 0.5496623454334406]
final halt list:[8.913509889373115, 0.7628826036419992, 0.027150916784203102, 0.0, 0.01032448377581121, 0.008835958509412217, 0.008203125, 0.0, 0.0, 0.0, 0.0, 0.0008789920890711983, 0.0, 0.0, 0.0010905125408942203, 0.004109077325364214, 0.0007283321194464676, 0.0, 0.0, 0.0, 0.0, 0.0, 0.014991896272285251, 0.0, 0.0, 0.0, 0.0, 0.0, 0.0, 0.0, 0.0, 0.0, 0.019333607568901685, 0.0045154567558179926, 0.0, 0.0003333333333333333, 0.0, 0.0, 0.007142857142857143, 0.0039826212889210715]
speed reward list:[0.0, 0.0, 0.0, 0.0, 0.0, 0.0, 0.0, 0.0, 0.0, 0.0, 0.0, 0.0, 0.0, 0.0, 0.0, 0.0, 0.0, 0.0, 0.0, 0.0, 0.0, 0.0, 0.0, 0.0, 0.0, 0.0, 0.0, 0.0, 0.0, 0.0, 0.0, 0.0, 0.0, 0.0, 0.0, 0.0, 0.0, 0.0, 0.0, 0.0]
tls reward list:[-0.002181621953716106, -0.007744592750022624, -0.0056548656157678675, -0.005864206566651107, -0.005948988261769788, -0.005498300259688082, -0.005309171769038547, -0.005146351709999847, -0.005336171434813086, -0.004763265711690632, -0.004804396192880659, -0.005086361244596797, -0.005477108451885596, -0.004823492475681467, -0.0054385294985229106, -0.005292688920277717, -0.005391872493158811, -0.004999727191863205, -0.005088486180413182, -0.0048823015151896925, -0.004719931199335551, -0.004993330491356685, -0.005247063446365521, -0.005210621608721643, -0.00521229056906518, -0.005051434885388885, -0.005088905620513173, -0.005090759278102418, -0.0052257935815149285, -0.005088484392585424, -0.004737112863359077, -0.004824723521958916, -0.005612573977822195, -0.0049890668264105575, -0.00495423408703187, -0.004643760293571612, -0.004595647988506488, -0.004401051468552208, -0.004810029059452252, -0.005054151162556712]
target reward list:[-0.868883531171326, 0.06973331562832208, 0.5396348637322541, 0.5767136133005272, 0.5672242601523275, 0.5904138449449824, 0.5940087612929326, 0.5724484045240316, 0.5605664378160605, 0.5340328105700869, 0.5706083347552201, 0.5568517382023457, 0.557517453264514, 0.5790841459870888, 0.5474122809964298, 0.5630862169725572, 0.5840080200012593, 0.6121449074634255, 0.5331462339534447, 0.5648077084205556, 0.5544989694933753, 0.5787178105621055, 0.5484098524111403, 0.539242469272459, 0.6028282628727911, 0.5696705333561434, 0.5701734666146145, 0.5505205275085697, 0.6130971074661943, 0.5728785016004743, 0.5838454591976678, 0.5630470043583501, 0.5438439452870756, 0.5400515384084331, 0.5492142634377176, 0.5381227493165001, 0.5763781286190915, 0.5378575125524471, 0.5848255383911125, 0.5547164965959972]
safe reward list [0.0, 0.0, 0.0, 0.0, 0.0, 0.0, 0.0, 0.0, 0.0, 0.0, 0.0, 0.0, 0.0, 0.0, 0.0, 0.0, 0.0, 0.0, 0.0, 0.0, 0.0, 0.0, 0.0, 0.0, 0.0, 0.0, 0.0, 0.0, 0.0, 0.0, 0.0, 0.0, 0.0, 0.0, 0.0, 0.0, 0.0, 0.0, 0.0, 0.0]
speed list [9.871624124221146, 15.51523728271839, 15.62622043287048, 15.890499787289276, 15.549099469524851, 15.776139972412945, 16.003986177588406, 15.938346765183791, 15.956236747252222, 15.778922827850183, 16.08962324551247, 16.22373731391231, 15.552597989866669, 16.216448384224183, 15.706053963146509, 15.83573665817213, 15.950415508446044, 16.10780423643983, 15.687213549662678, 15.92403990063484, 15.990372205530255, 16.02096289219744, 15.974066981668315, 15.771099803600691, 15.99782629750584, 16.152459068485147, 16.012809223497147, 15.742817708328927, 16.144227656937886, 15.99568058281747, 15.835977153425858, 16.0747773386353, 15.617947314388386, 15.81286700600247, 15.969466411816176, 15.827484237579188, 16.102244272273165, 16.175300161786932, 16.17804437361874, 15.712351515820098]
ec list [64.06491302721217, 59.67783380595155, 58.53437765785366, 58.03805833076131, 58.38278822276883, 58.30748877918085, 58.468407950051315, 58.44149679062741, 58.21333833456228, 58.45569675923794, 58.80763702794524, 58.75787649069256, 58.06462451118699, 58.3126254333611, 58.146794435091934, 58.10258867482241, 58.126888170784916, 58.69287557858187, 58.040843066689334, 58.158049677314686, 58.53617183033299, 58.32531580011902, 58.297214183089466, 58.310441353325544, 58.2016914731272, 58.26674386940445, 57.9523952136322, 58.13075829096635, 58.169766378211506, 58.28621515310732, 57.98488451404733, 58.189640173744, 58.2807048075978, 58.29948519939676, 58.27937730362651, 57.93712536039816, 57.96853459625678, 58.29574103498902, 58.428729375714866, 58.11073401489221]
jerk list [0.1282991138387076, 0.2621860448931908, 0.3860309150452022, 0.38925397869464473, 0.40636005348718535, 0.37589659525070507, 0.36344846229580235, 0.3593382089657744, 0.3695943748828541, 0.35563980337909634, 0.3458283552789986, 0.33384898474271885, 0.37163564272510785, 0.3271290290292779, 0.3712244794457225, 0.36224125225397436, 0.35092153393254544, 0.3573143960274628, 0.37344155477800955, 0.34105859318622894, 0.3518582234583252, 0.35243339387861916, 0.35357473630629527, 0.36766225293394145, 0.35399418708827923, 0.3408066330236999, 0.35167358652982517, 0.36727692095351955, 0.3544797842025423, 0.34632724043572005, 0.35829980255910454, 0.3512864181532998, 0.3714119912714519, 0.37037697500090244, 0.345617553333462, 0.35072121168820936, 0.34840355747686497, 0.34324135062383576, 0.35340933280990044, 0.36681661365818663]