
Env:SUMO, Algorithm:MADDPG, Device:cuda:1
-----------------------------------------
{'algo': 'MADDPG', 'env': 'SUMO', 'seedVal': 20150427, 'gamma': 0.99, 'epsilon': 0.001, 'critic_lr': 0.005, 'actor_lr': 0.0001, 'memory_capacity': 1000000, 'batch_size': 512, 'train_eps': 40, 'eval_eps': 10, 'epsilon_start': 3, 'max_speed': 28, 'target_update': 4, 'hidden_dim': 256, 'soft_tau': 0.1, 'max_action': 2, 'device': device(type='cuda', index=1), 'simulation_steps': 3600, 'pathToSumoFiles': 'rou_net2_single', 'model_dest_path': 'models/', 'model_dest_path_leader': 'single', 'model_dest_path_follow': '', 'procID': 19}
seed 20150427
当前的gamma是0.99, 当前的soft tau是0.1
-----------------------------------------
model saved successfully!
Complete training!
final reward list:[-0.9419872622579076, -0.6477231343876896, -0.3429657326926829, -0.7494930496412474, -0.0784865835619467, 0.23106013515096413, 0.2670836856833935, 0.30410361942361147, 0.3744016839216898, 0.442487680353775, 0.4880800585275057, 0.5546846487469314, 0.5430127494316671, 0.578267041998438, 0.5758447413092486, 0.5851354802976932, 0.5569804314659207, 0.562786673215184, 0.530339193798684, 0.5128336882435367, 0.49205908997748365, 0.5295646265335423, 0.5376781153890208, 0.5539299608478415, 0.5852318778073394, 0.5688845587889142, 0.5700431610856384, 0.5489865527534122, 0.5911891201039866, 0.5294232388700908, 0.5730859241909092, 0.511439156498359, 0.5445265595784281, 0.5433005769694607, 0.5410288482350287, 0.5278461643456964, 0.5530190554948317, 0.5566258286642314, 0.540378225884648, 0.560686778576962]
final halt list:[8.242971369615683, 2.750359195402299, 1.2091962091962092, 2.659643788010426, 1.2067448680351907, 0.22749904251244735, 0.24017127286882056, 0.19475308641975309, 0.07713983797111659, 0.00539568345323741, 0.0, 0.0, 0.00712143928035982, 0.0, 0.0, 0.011164867882396725, 0.0, 0.0018953752843062926, 0.0, 0.0, 0.0, 0.0, 0.016051364365971106, 0.0, 0.017420311341734617, 0.0, 0.0, 0.004593639575971731, 0.0, 0.00037764350453172205, 0.0, 0.002876663070837828, 0.02013974517057131, 0.00798888502952414, 0.0012176560121765602, 0.02186154355746936, 0.0, 0.005738332058148432, 0.017842981760507533, 0.0032585083272990588]
speed reward list:[0.0, 0.0, 0.0, 0.0, 0.0, 0.0, 0.0, 0.0, 0.0, 0.0, 0.0, 0.0, 0.0, 0.0, 0.0, 0.0, 0.0, 0.0, 0.0, 0.0, 0.0, 0.0, 0.0, 0.0, 0.0, 0.0, 0.0, 0.0, 0.0, 0.0, 0.0, 0.0, 0.0, 0.0, 0.0, 0.0, 0.0, 0.0, 0.0, 0.0]
tls reward list:[-0.002076039813112536, -0.005694157853483701, -0.007181910426437411, -0.003046657411885549, -0.008413816317680347, -0.008745094545222378, -0.008419652805083035, -0.008702953028011788, -0.008390284970388063, -0.006547359425426829, -0.006890584326134381, -0.006873904378609405, -0.007770663449080654, -0.006320138032850134, -0.006682331089149592, -0.007602430671058811, -0.007008164634084055, -0.007509871349651194, -0.00734945650036551, -0.005896302856132545, -0.0055226845268643385, -0.006315630457490818, -0.006103060153958059, -0.006300051515448901, -0.005119190481691543, -0.004837875364813617, -0.0053908604327521795, -0.005704367790064796, -0.005215224310468203, -0.005640736654875389, -0.005151063045515494, -0.005401069500496404, -0.006020264054011499, -0.005666888020775057, -0.005401232931963666, -0.0061886776249550505, -0.004770451919481348, -0.004878079282871985, -0.005294655928041561, -0.005464600704725516]
target reward list:[-0.9399112224447953, -0.6420289765342061, -0.3357838222662454, -0.746446392229362, -0.07007276724426637, 0.23980522969618645, 0.2755033384884765, 0.3128065724516232, 0.38279196889207784, 0.44903503977920184, 0.49497064285363995, 0.5615585531255407, 0.5507834128807477, 0.5845871800312882, 0.5825270723983981, 0.5927379109687521, 0.5639885961000046, 0.5702965445648351, 0.5376886502990496, 0.5187299910996692, 0.49758177450434804, 0.5358802569910331, 0.5437811755429789, 0.5602300123632903, 0.590351068289031, 0.5737224341537278, 0.5754340215183906, 0.5546909205434771, 0.5964043444144547, 0.5350639755249662, 0.5782369872364247, 0.5168402259988555, 0.5505468236324396, 0.5489674649902355, 0.5464300811669924, 0.5340348419706514, 0.5577895074143129, 0.5615039079471034, 0.5456728818126896, 0.5661513792816876]
safe reward list [0.0, 0.0, 0.0, 0.0, 0.0, 0.0, 0.0, 0.0, 0.0, 0.0, 0.0, 0.0, 0.0, 0.0, 0.0, 0.0, 0.0, 0.0, 0.0, 0.0, 0.0, 0.0, 0.0, 0.0, 0.0, 0.0, 0.0, 0.0, 0.0, 0.0, 0.0, 0.0, 0.0, 0.0, 0.0, 0.0, 0.0, 0.0, 0.0, 0.0]
speed list [8.57941912641209, 15.041415955246594, 16.12687385378223, 14.85282531011595, 14.445257607722406, 15.699593911345143, 15.807974961484822, 15.7434463351817, 15.423763329103, 15.449322601586541, 15.682183575204768, 15.751297831032122, 15.21024306208173, 16.132796541795, 15.668831066069943, 15.686203229808406, 15.880131903513984, 15.86805757178386, 15.344570039193762, 15.78743252253072, 15.671758986249024, 15.657837103761551, 15.587175015442945, 15.50904335398715, 15.805650086504874, 15.813376307833922, 15.894704786164857, 15.436131305959904, 16.115656062914645, 15.944192724072984, 15.788588952108318, 15.839059708672519, 15.50748703844858, 15.776883840558048, 15.997001208382576, 15.718702033998046, 16.042014370620272, 16.17594352284162, 16.185651670235195, 15.816072069070742]
ec list [66.3640753452588, 59.90715961302995, 59.523617865834744, 58.01982868944009, 59.95231009119449, 59.697412991861306, 59.85737213963435, 59.912175341570446, 59.934605883365, 59.692877661331615, 60.05175203193418, 60.06074860421832, 59.68666962781668, 59.46849186653982, 58.93780986084976, 59.7457953580314, 59.3782820216936, 60.32570344173129, 59.90608867932326, 59.20588654903169, 59.350761083345496, 59.51943432903146, 59.28306508282582, 59.47148545213877, 58.905236763024725, 58.82099278621996, 58.469503150921746, 59.02085243741356, 58.282569011220986, 58.62527285832121, 58.38664713449423, 58.93747339234952, 58.71900169075251, 58.70563301326115, 58.428072982533415, 58.4237541055895, 58.053572093600955, 58.75788083421408, 58.69541095182023, 58.245085157404844]
jerk list [0.1574444984908667, 0.10384193546628734, 0.09648673439490307, 0.08982803702373983, 0.26023660255237, 0.391800130986156, 0.4173460735052783, 0.5023653153775547, 0.5872865934513911, 0.5585949258729631, 0.5338795344476317, 0.5548744082094355, 0.6286754974095934, 0.515122168144911, 0.5454285762029079, 0.6461858497553418, 0.5425604768801353, 0.6252408917827008, 0.6376160474861489, 0.5206702492253352, 0.5106591621688122, 0.560330695992152, 0.5094985507997124, 0.5455107268933542, 0.4711720367841827, 0.4647569679656172, 0.4502452956129419, 0.49006225538880777, 0.38898871368382487, 0.38152262264045456, 0.403662767845919, 0.4419290722714151, 0.4490117074109081, 0.3978366097761528, 0.3776284169044536, 0.42651532233694744, 0.37512641684343073, 0.3964922770425675, 0.3622689383487764, 0.39629857953889785]