
Env:SUMO, Algorithm:MADDPG, Device:cuda:1
-----------------------------------------
{'algo': 'MADDPG', 'env': 'SUMO', 'seedVal': 20150427, 'gamma': 0.999, 'epsilon': 0.001, 'critic_lr': 0.005, 'actor_lr': 0.0001, 'memory_capacity': 1000000, 'batch_size': 512, 'train_eps': 40, 'eval_eps': 10, 'epsilon_start': 3, 'max_speed': 28, 'target_update': 4, 'hidden_dim': 256, 'soft_tau': 0.005, 'max_action': 2, 'device': device(type='cuda', index=1), 'simulation_steps': 3600, 'pathToSumoFiles': 'rou_net2_single', 'model_dest_path': 'models/', 'model_dest_path_leader': 'single', 'model_dest_path_follow': '', 'procID': 21}
seed 20150427
当前的gamma是0.999, 当前的soft tau是0.005
-----------------------------------------
model saved successfully!
Complete training!
final reward list:[-0.9481102914178714, -0.38619413912278927, -0.3455984666604507, -0.6059912717078989, 0.12881049682252507, 0.11609319819442193, 0.18805742913416953, 0.14373303402935247, 0.15501984962975005, 0.19031600789808992, 0.23897431197438734, 0.35880490147812066, 0.26989019810052434, 0.401658758362329, 0.38373031848584715, 0.4690206862412031, 0.48857731035840607, 0.5283688103907368, 0.45189445781589643, 0.4139911494463145, 0.5188910009913992, 0.5007176605738795, 0.4677591198108818, 0.5347141823032835, 0.5475198578287283, 0.5430862858647031, 0.481469571269216, 0.4758348936386763, 0.5317584935676279, 0.47209939811092255, 0.5112300523614275, 0.5482433409604455, 0.5181446637452352, 0.5235560010171272, 0.514530496457957, 0.5374516868677839, 0.5623014236159457, 0.5566951295555331, 0.5488754039128428, 0.5561032104641801]
final halt list:[8.551498363132712, 1.6305361305361306, 1.2106741573033708, 50.28437173686042, 0.6958914159941306, 0.6120722798923491, 0.3584243369734789, 0.40167493796526055, 0.4067019400352734, 0.2623049219687875, 0.2683686176836862, 0.16389617964421113, 0.260217472815898, 0.049765807962529274, 0.06832971800433839, 0.032848077640910786, 0.005822416302765648, 0.0, 0.006425431180250254, 0.11088534107402032, 0.00035435861091424523, 0.005291005291005291, 0.014883346741753822, 0.0, 0.0003714710252600297, 0.0, 0.05387085265786657, 0.0, 0.0, 0.0, 0.0, 0.0, 0.00041118421052631577, 0.00933609958506224, 0.002127013065937405, 0.0, 0.0, 0.003816793893129771, 0.015748031496062992, 0.0032537960954446853]
speed reward list:[0.0, 0.0, 0.0, 0.0, 0.0, 0.0, 0.0, 0.0, 0.0, 0.0, 0.0, 0.0, 0.0, 0.0, 0.0, 0.0, 0.0, 0.0, 0.0, 0.0, 0.0, 0.0, 0.0, 0.0, 0.0, 0.0, 0.0, 0.0, 0.0, 0.0, 0.0, 0.0, 0.0, 0.0, 0.0, 0.0, 0.0, 0.0, 0.0, 0.0]
tls reward list:[-0.0020289686713011812, -0.007467629653709678, -0.00723042618530342, -0.005114702680637167, -0.007916303607664665, -0.006967039945754858, -0.006080719758045828, -0.008031123770897474, -0.00788126341193372, -0.007438798792344904, -0.009733294305564017, -0.011129964084795033, -0.010753313820196213, -0.008573396740212048, -0.0077458408841952755, -0.006815101695262986, -0.008291200118338556, -0.008843723486602714, -0.007914051658137647, -0.007361034715718538, -0.006828151080926322, -0.007043122483191001, -0.005899255686805015, -0.005794735220788399, -0.00580321624121904, -0.005483273807948686, -0.007483959141004422, -0.006618276601168063, -0.005936110625485504, -0.00657401966287934, -0.00577725352720755, -0.005595787426506905, -0.006549911423850034, -0.006425857873547798, -0.005187006740886125, -0.004833826808420216, -0.005070653913079824, -0.005078579862658438, -0.005431345019425913, -0.004992703733430162]
target reward list:[-0.9460813227465703, -0.3787265094690796, -0.33836804047514735, -0.6008765690272617, 0.13672680043018973, 0.12306023814017679, 0.19413814889221537, 0.15176415780024996, 0.16290111304168373, 0.1977548066904348, 0.24870760627995134, 0.3699348655629156, 0.2806435119207205, 0.4102321551025411, 0.3914761593700424, 0.4758357879364662, 0.4968685104767446, 0.5372125338773395, 0.45980850947403407, 0.42135218416203307, 0.5257191520723256, 0.5077607830570704, 0.47365837549768686, 0.5405089175240719, 0.5533230740699473, 0.5485695596726519, 0.48895353041022044, 0.48245317023984446, 0.5376946041931134, 0.4786734177738019, 0.5170073058886351, 0.5538391283869523, 0.524694575169085, 0.529981858890675, 0.5197175031988431, 0.5422855136762041, 0.5673720775290255, 0.5617737094181915, 0.5543067489322688, 0.5610959141976104]
safe reward list [0.0, 0.0, 0.0, 0.0, 0.0, 0.0, 0.0, 0.0, 0.0, 0.0, 0.0, 0.0, 0.0, 0.0, 0.0, 0.0, 0.0, 0.0, 0.0, 0.0, 0.0, 0.0, 0.0, 0.0, 0.0, 0.0, 0.0, 0.0, 0.0, 0.0, 0.0, 0.0, 0.0, 0.0, 0.0, 0.0, 0.0, 0.0, 0.0, 0.0]
speed list [8.164687154340903, 15.714978641986308, 16.1259878967123, 4.966567647138828, 15.359773927397109, 15.454728542931983, 15.851038830818375, 15.972362945695759, 15.52228553881732, 15.597406373321082, 15.421297803174893, 15.716046749668347, 14.77113577385885, 15.826650518765822, 15.35144216979081, 15.421571530162437, 15.861065798308886, 15.668665312248132, 15.092566002691935, 14.249432546260044, 15.796520753672503, 15.97737313789853, 15.530038085008883, 15.656929005409365, 15.923868291940988, 16.067957949172577, 15.542171143903214, 15.389399045515733, 16.041706244592252, 15.94892804742083, 15.688140309104677, 15.853588207569503, 15.575042420810947, 15.79720317358162, 15.78758161213395, 15.661662482346664, 15.860246254381254, 15.960538731860503, 15.970813897542625, 15.585357198493506]
ec list [67.41302299188595, 59.87984421542998, 59.53586259053961, 108.62824175173299, 59.68014962136297, 58.45215403957343, 58.545914205182434, 59.41254484125049, 59.66119337593931, 60.33020669843648, 61.81003488631168, 61.439060633804154, 60.56603792960269, 60.045083622246175, 59.27615787566734, 58.960150547313404, 59.077839723345065, 60.53569344554981, 60.07082427672592, 60.677295828042276, 59.53123727439003, 59.075004863927624, 59.09540149336373, 58.81751741735965, 58.809016182922555, 58.73066148973891, 59.564607525624574, 59.56528036476131, 58.31945742913579, 58.934741578503605, 58.946343887874995, 58.87229763653249, 58.93134219063044, 58.99104484006886, 58.703896240437714, 58.42277836139306, 58.414085067828616, 59.14562720244439, 58.83644354129868, 58.27266232655434]
jerk list [0.1545937185883528, 0.1013886653412171, 0.09829786564502484, 0.22249662941062354, 0.3481441776152551, 0.28142918863435795, 0.23838692396817274, 0.2735563219235714, 0.4143326678808428, 0.48547005500457047, 0.5555356685513675, 0.6254984652470521, 0.6027175275074786, 0.5504457718515353, 0.5319855997389992, 0.4958164792452989, 0.46425973203708626, 0.6392444062613782, 0.6662555763425995, 0.5646821256327356, 0.5410670821214847, 0.3904027537316542, 0.4954164025402246, 0.47110600387321533, 0.46533644357430987, 0.4095183125277952, 0.5461930729133658, 0.6031359118840718, 0.4076591484611697, 0.4140631271322181, 0.5300060485323731, 0.516048108729332, 0.4995521295307875, 0.5159669547756717, 0.44959703638820286, 0.4382058624051043, 0.4518691519302824, 0.49235066566443414, 0.4802900044952102, 0.44598959652624376]