
Env:SUMO, Algorithm:MADDPG, Device:cuda:1
-----------------------------------------
{'algo': 'MADDPG', 'env': 'SUMO', 'seedVal': 20150427, 'gamma': 0.99, 'epsilon': 0.001, 'critic_lr': 0.005, 'actor_lr': 0.0001, 'memory_capacity': 1000000, 'batch_size': 512, 'train_eps': 40, 'eval_eps': 10, 'epsilon_start': 3, 'max_speed': 28, 'target_update': 4, 'hidden_dim': 256, 'soft_tau': 0.001, 'max_action': 2, 'device': device(type='cuda', index=1), 'simulation_steps': 3600, 'pathToSumoFiles': 'rou_net2_single', 'model_dest_path': 'models/', 'model_dest_path_leader': 'single', 'model_dest_path_follow': '', 'procID': 15}
seed 20150427
当前的gamma是0.99, 当前的soft tau是0.001
-----------------------------------------
model saved successfully!
Complete training!
final reward list:[-0.7598125694981307, -0.07276703204716174, 0.32339710602386934, 0.5262094843291301, 0.5290438443880912, 0.5412451873722223, 0.5478997266695398, 0.535173600187878, 0.5392640661318129, 0.5016966795410229, 0.5047757127705998, 0.5567117348099638, 0.5008875890062156, 0.4273436476993607, -0.7362813381174362, 0.16389652492527648, 0.43955401828019974, 0.4200856871993032, 0.3849402637641912, 0.3910823544946925, 0.4434111703242836, 0.4864988820796052, 0.4896678692277543, 0.5198634644184453, 0.528088954132099, 0.521440845743448, 0.49629972284665924, 0.3595653483207096, -0.13661393464474583, 0.0791545663178412, 0.3192867141032911, 0.507741281475121, 0.5308261637554067, 0.5441258343263513, 0.5576595177311896, 0.5468574611969992, 0.5728124359698163, 0.565423935874612, 0.5610401734262892, 0.56622491951466]
final halt list:[8.03945530726257, 1.3323053199691597, 0.04427266338721012, 0.0007084661707403471, 0.012523020257826888, 0.005361930294906166, 0.012427184466019418, 0.0, 0.016596045197740113, 0.0, 0.0, 0.0, 0.0, 0.171152720889409, 57.88964269561284, 4.129464285714286, 0.2672476397966594, 0.9905660377358491, 0.42900711623178583, 0.28853410740203195, 0.24859550561797752, 0.0356071964017991, 0.04827031375703942, 0.00319375443577005, 0.00963319748054835, 0.011970236169524426, 0.054371002132196165, 1.11556023884791, 9.408222142084385, 4.295975930801053, 1.3309244203553148, 0.15229159148321905, 0.09053497942386832, 0.0034734282737061478, 0.0, 0.0013324450366422385, 0.002478753541076487, 0.0015278838808250573, 0.0, 0.004705030763662686]
speed reward list:[0.0, 0.0, 0.0, 0.0, 0.0, 0.0, 0.0, 0.0, 0.0, 0.0, 0.0, 0.0, 0.0, 0.0, 0.0, 0.0, 0.0, 0.0, 0.0, 0.0, 0.0, 0.0, 0.0, 0.0, 0.0, 0.0, 0.0, 0.0, 0.0, 0.0, 0.0, 0.0, 0.0, 0.0, 0.0, 0.0, 0.0, 0.0, 0.0, 0.0]
tls reward list:[-0.0035205839783031627, -0.008332018372012074, -0.006065955562840842, -0.006701429156881875, -0.006599761072745593, -0.006061391099316805, -0.005970052051572531, -0.005799227217176124, -0.005864027020417812, -0.005195650282202057, -0.005517459780477029, -0.005418621097386611, -0.006096250063604952, -0.006932101389130438, -0.003177795548714238, -0.0066389813123539105, -0.007123611242977596, -0.006831571467180874, -0.007136529372248633, -0.007333656325373108, -0.006890493793247257, -0.007240098069865783, -0.007194682778588537, -0.0071036636909006835, -0.007204702557981602, -0.006717426725270179, -0.007020789128284946, -0.0071838823394970285, -0.006428694611681371, -0.00625310079666521, -0.005446405437940658, -0.005624479989616166, -0.0061361704035582726, -0.005673156720696952, -0.0056141672505938805, -0.005467514893745565, -0.005022586964148973, -0.00436679742171903, -0.004964658484431507, -0.004770522741676839]
target reward list:[-0.7562919855198275, -0.06443501367514977, 0.32946306158671024, 0.532910913486012, 0.5356436054608368, 0.547306578471539, 0.5538697787211123, 0.5409728274050541, 0.5451280931522307, 0.506892329823225, 0.5102931725510769, 0.5621303559073505, 0.5069838390698207, 0.4342757490884911, -0.733103542568722, 0.1705355062376304, 0.4466776295231774, 0.4269172586664841, 0.39207679313643995, 0.39841601082006556, 0.45030166411753086, 0.493738980149471, 0.4968625520063428, 0.5269671281093461, 0.5352936566900806, 0.5281582724687182, 0.5033205119749442, 0.3667492306602066, -0.13018524003306442, 0.08540766711450641, 0.32473311954123174, 0.5133657614647372, 0.5369623341589649, 0.5497989910470482, 0.5632736849817834, 0.5523249760907448, 0.5778350229339653, 0.5697907332963311, 0.5660048319107206, 0.5709954422563368]
safe reward list [0.0, 0.0, 0.0, 0.0, 0.0, 0.0, 0.0, 0.0, 0.0, 0.0, 0.0, 0.0, 0.0, 0.0, 0.0, 0.0, 0.0, 0.0, 0.0, 0.0, 0.0, 0.0, 0.0, 0.0, 0.0, 0.0, 0.0, 0.0, 0.0, 0.0, 0.0, 0.0, 0.0, 0.0, 0.0, 0.0, 0.0, 0.0, 0.0, 0.0]
speed list [10.530459343872009, 15.089450066415953, 15.467362222736568, 15.731194909815155, 15.411887513276227, 15.699968534110642, 15.850404280483605, 15.781693881803195, 15.752888932833942, 15.631037478505359, 15.87611562568198, 15.857307192856286, 14.857865724587404, 14.300001410163024, 3.8389467384902374, 10.326645037010131, 13.985472838754916, 13.249717008636434, 13.202657955080221, 13.858453836981012, 14.277484923103573, 14.776037070197772, 14.87329457327861, 14.80276759968699, 14.965695099979802, 14.97752505163167, 14.55956815833894, 12.509835371236104, 7.976923596165474, 10.056651903279363, 12.558782129733697, 14.722411436729567, 14.780669321071468, 15.537510459721046, 15.994200575059432, 15.877506217932039, 16.140171699254086, 16.12474369856113, 15.888339342512344, 15.505456766581222]
ec list [64.20225358088584, 60.55048511011011, 58.81822261211053, 58.857786998073806, 59.104798850155476, 58.79634446863106, 59.063239393237666, 58.892459291585375, 58.64367716161803, 58.915127392185354, 59.390979992953795, 59.47764168226266, 59.47960619360556, 60.96871426565028, 158.71638195128511, 65.88161471655683, 61.08598825997074, 62.03639204142029, 61.502093331014706, 61.047216543250606, 60.98126445147755, 60.575850484916614, 60.33140370497248, 60.31375031864517, 60.306936797304104, 60.18675950959385, 60.253028402315685, 62.28125900424331, 74.7513343479983, 68.43091497520075, 62.791400749509755, 60.099636179317535, 59.70864511848263, 58.6964120896417, 58.41610421688398, 58.0797409421122, 57.86472163575518, 58.2620936842782, 58.524299649479396, 58.06115155539865]
jerk list [0.14023972559550393, 0.1954313926260241, 0.3737700445205696, 0.43703849638879044, 0.44744222741709916, 0.4228324078927258, 0.4173067096763514, 0.41559186300459, 0.41510966246885855, 0.3965523438225553, 0.4059803839477958, 0.40639646736293006, 0.46197021284243106, 0.5136448071473972, 0.3863695111357368, 0.5820082926341119, 0.5461189231931446, 0.5367328464716953, 0.6036235319789366, 0.5659303057546681, 0.5466988175485568, 0.514702964668422, 0.5076284353371953, 0.5115446214692374, 0.4995408949883439, 0.45622245988425464, 0.4912765317186413, 0.6059281719336226, 0.6434206192534687, 0.6257352055110731, 0.49133318518377717, 0.45849885263855816, 0.45069429426691415, 0.38806582715569155, 0.3335358092524821, 0.34757307979125385, 0.34673410053760223, 0.3699346863074384, 0.42638668505280125, 0.4355494491929926]