
Env:SUMO, Algorithm:MADDPG, Device:cuda:0
-----------------------------------------
{'algo': 'MADDPG', 'env': 'SUMO', 'seedVal': 20150427, 'gamma': 0.99, 'epsilon': 0.001, 'critic_lr': 0.005, 'actor_lr': 0.0001, 'memory_capacity': 1000000, 'batch_size': 512, 'train_eps': 40, 'eval_eps': 10, 'epsilon_start': 3, 'max_speed': 28, 'target_update': 4, 'hidden_dim': 256, 'soft_tau': 0.05, 'max_action': 2, 'device': device(type='cuda', index=0), 'simulation_steps': 3600, 'pathToSumoFiles': 'rou_net2_single', 'model_dest_path': 'models/', 'model_dest_path_leader': 'single', 'model_dest_path_follow': '', 'procID': 18}
seed 20150427
当前的gamma是0.99, 当前的soft tau是0.05
-----------------------------------------
model saved successfully!
Complete training!
final reward list:[-0.953031813771618, -0.3463895073827194, 0.07161444160020636, 0.28410722736215166, 0.41427819483747214, 0.517913288688775, 0.4998404401002441, 0.22811110923149788, 0.48655532189387385, 0.4955713285852372, 0.47495055219540727, 0.5151139338552317, 0.5258903025539995, 0.5456034490817979, 0.5368685024358868, 0.520254667637614, 0.5614371888402215, 0.5862188298409143, 0.5423308773318488, 0.5364654893990837, 0.5271133792634557, 0.5617402111119498, 0.5450956177496084, 0.5618269552091175, 0.14633413805479975, 0.36047205005616967, 0.31091142425196683, 0.48622516280929584, 0.5237082392280366, 0.5234665755240243, 0.576235051756101, 0.5714749716888881, 0.5761530581101387, 0.1655022174550683, 0.5124058543558858, -0.6023624169418619, 0.2441611940422729, 0.32359414101658934, -0.5498750385239111, -0.4894662384211673]
final halt list:[8.252241623407267, 3.433702713030187, 0.3512757777001049, 0.10168895144264603, 0.016519823788546256, 0.008049060942889995, 0.01195526417277285, 3.6126070991432067, 0.03345070422535211, 0.0, 0.002157829839704069, 0.0, 0.0, 0.0020437956204379564, 0.0, 0.01638733705772812, 0.0, 0.0, 0.015640938456307377, 0.0, 0.0, 0.0, 0.012077294685990338, 0.0, 3.999631947000368, 0.05143040822886532, 0.04041487839771102, 0.022968197879858657, 0.0, 0.0, 0.0, 0.0, 0.0, 7.763459534560611, 0.0008992805755395684, 45.1760700389105, 0.2304701307882644, 0.01757737867787543, 31.07356948228883, 40.42109064644276]
speed reward list:[0.0, 0.0, 0.0, 0.0, 0.0, 0.0, 0.0, 0.0, 0.0, 0.0, 0.0, 0.0, 0.0, 0.0, 0.0, 0.0, 0.0, 0.0, 0.0, 0.0, 0.0, 0.0, 0.0, 0.0, 0.0, 0.0, 0.0, 0.0, 0.0, 0.0, 0.0, 0.0, 0.0, 0.0, 0.0, 0.0, 0.0, 0.0, 0.0, 0.0]
tls reward list:[-0.0019212390571998485, -0.00947734591239696, -0.00782816002456423, -0.008347576338774093, -0.007473192362806032, -0.007709169582161759, -0.008086849890128558, -0.006519049080755736, -0.006607845027078392, -0.0061206298423960226, -0.006784344239298925, -0.00594668913473708, -0.005778349578854917, -0.005405362713822313, -0.005336670964753266, -0.005795622748258227, -0.005293338102168838, -0.005049039646070246, -0.0055053596988421, -0.005315829811798029, -0.005144478794310151, -0.0054560961270666885, -0.005582469034580453, -0.005271660099434545, -0.005094094536257978, -0.006531869355188429, -0.0081610631259873, -0.005381644872098539, -0.005599547761660846, -0.005633498492406183, -0.0054923744390488515, -0.004764146337684051, -0.005479081092179729, -0.004491296138120096, -0.005118366273695119, -0.004537507080583678, -0.006091165695739796, -0.005488356132085934, -0.003696644198322342, -0.0054448404241892795]
target reward list:[-0.9511105747144182, -0.3369121614703223, 0.07944260162477061, 0.2924548037009257, 0.42175138720027816, 0.5256224582709367, 0.5079272899903727, 0.2346301583122536, 0.49316316692095225, 0.5016919584276333, 0.4817348964347061, 0.5210606229899688, 0.5316686521328544, 0.5510088117956202, 0.54220517340064, 0.5260502903858721, 0.5667305269423905, 0.5912678694869847, 0.547836237030691, 0.5417813192108817, 0.5322578580577659, 0.5671963072390166, 0.5506780867841888, 0.5670986153085521, 0.15142823259105773, 0.36700391941135807, 0.31907248737795413, 0.4916068076813943, 0.5293077869896974, 0.5291000740164304, 0.5817274261951499, 0.576239118026572, 0.5816321392023185, 0.16999351359318834, 0.5175242206295809, -0.5978249098612782, 0.2502523597380127, 0.32908249714867527, -0.5461783943255888, -0.48402139799697796]
safe reward list [0.0, 0.0, 0.0, 0.0, 0.0, 0.0, 0.0, 0.0, 0.0, 0.0, 0.0, 0.0, 0.0, 0.0, 0.0, 0.0, 0.0, 0.0, 0.0, 0.0, 0.0, 0.0, 0.0, 0.0, 0.0, 0.0, 0.0, 0.0, 0.0, 0.0, 0.0, 0.0, 0.0, 0.0, 0.0, 0.0, 0.0, 0.0, 0.0, 0.0]
speed list [8.04060575019081, 13.735446201305031, 14.452583466991092, 15.169372430610514, 15.003922662192242, 15.46411567043958, 15.32677843990046, 11.691951769099296, 14.161802028291568, 14.788449689805159, 14.552736979406978, 15.000994103890502, 14.731515800934673, 15.62447962940284, 15.278854421878512, 14.899233485075086, 15.636122504016447, 15.666330456823369, 15.556032731622578, 15.754447030031931, 15.930984141323025, 15.969687155722761, 15.90420001916105, 15.521678822761645, 11.086552400705784, 15.373489676855984, 15.61369741126851, 15.518489129342155, 15.730500043199076, 15.626829795480905, 15.708826967910964, 15.81938705122923, 15.182554349861237, 10.179018741125299, 15.462426164807725, 3.635157431134387, 15.823619018637721, 16.0619045232988, 9.866609500577942, 3.9680001341044764]
ec list [67.27132768129442, 62.81836894984598, 59.641760040968194, 59.22793202376472, 59.397003973004445, 59.89066855738347, 60.46249965716354, 65.54482614069758, 60.33777784609617, 59.992812426205404, 60.77384222538423, 60.25613024034834, 59.21597035557615, 59.3588453095549, 58.807445121655896, 59.081559420614965, 58.62975745199665, 59.427251317792695, 58.52020484830238, 58.72201974459557, 58.81403001016152, 58.5400732021579, 58.74225213358236, 58.78780194703295, 65.76468064173307, 59.238652626853586, 59.65493713318384, 58.514472937999734, 58.81124287927985, 58.80747104376498, 58.752339077659656, 58.46186491894184, 59.09835419277237, 68.73231421116013, 58.981489096575935, 100.02338644421494, 58.79642443253198, 59.29132113711709, 102.39020019199455, 108.24885740011688]
jerk list [0.15433085353066497, 0.1899517908559212, 0.36878494525736066, 0.44457934239806735, 0.507937954573918, 0.5904744056958386, 0.6256059748175673, 0.5537525221329842, 0.552645020631384, 0.5271725755796686, 0.5844368510192995, 0.5472789373240986, 0.4993439308428625, 0.42459812525123136, 0.4193309366481141, 0.41370150924170074, 0.3890056825424319, 0.39365326845861326, 0.4160193983018203, 0.36918393964559676, 0.37537829063224226, 0.3820216957821673, 0.39503601681231093, 0.43185563593299026, 0.439441560933807, 0.44171509043073054, 0.5050756401292784, 0.40960546920717905, 0.43487593594201646, 0.43102156573020856, 0.4797922060737447, 0.4291221724479009, 0.48341037925978614, 0.4026157559609891, 0.4419435700561491, 0.23811399283782278, 0.3488565833868963, 0.38494349830745733, 0.32989287130709777, 0.5218318088721923]