
Env:SUMO, Algorithm:MADDPG, Device:cuda:1
-----------------------------------------
{'algo': 'MADDPG', 'env': 'SUMO', 'seedVal': 20150427, 'gamma': 0.8, 'epsilon': 0.001, 'critic_lr': 0.005, 'actor_lr': 0.0001, 'memory_capacity': 1000000, 'batch_size': 512, 'train_eps': 40, 'eval_eps': 10, 'epsilon_start': 3, 'max_speed': 28, 'target_update': 4, 'hidden_dim': 256, 'soft_tau': 0.001, 'max_action': 2, 'device': device(type='cuda', index=1), 'simulation_steps': 3600, 'pathToSumoFiles': 'rou_net2_single', 'model_dest_path': 'models/', 'model_dest_path_leader': 'single', 'model_dest_path_follow': '', 'procID': 5}
seed 20150427
当前的gamma是0.8, 当前的soft tau是0.001
-----------------------------------------
model saved successfully!
Complete training!
final reward list:[-0.782589442033293, -0.39461602163077153, -0.3458496291960984, -0.30772445604384996, -0.18803019505519816, 0.28893199703462913, 0.5340270475424237, 0.5486715659743138, 0.5732319010690798, 0.5610149304565775, 0.5879169996766233, 0.6052035143717935, 0.5747267029214076, 0.5876889285729762, 0.5573878573856429, 0.5846131598127167, 0.5761157946050185, 0.6062463994231255, 0.5577163365597291, 0.575999809493896, 0.5489124087053776, 0.5783713315843849, 0.5466264517082139, 0.543670112913047, 0.5849016026820869, 0.5808188926404659, 0.5859720835727833, 0.5874649669807583, 0.6011194982882878, 0.5651777370690344, 0.5900399315771429, 0.5621156456822087, 0.5668936821744267, 0.5608036941966988, 0.5346195068028786, 0.559738067743367, 0.5936483827943793, 0.568731272211293, 0.5669938160015613, 0.5830029717603626]
final halt list:[10.60461054837583, 1.628982128982129, 1.2103230337078652, 1.1864105300604768, 3.4669828529733673, 0.15866308106031501, 0.01092896174863388, 0.0, 0.0, 0.0, 0.0, 0.0, 0.0, 0.0, 0.0, 0.01530421799178798, 0.0, 0.0, 0.0, 0.0, 0.0, 0.0, 0.005670311867152693, 0.0, 0.0, 0.0, 0.0, 0.0003536067892503536, 0.0, 0.0, 0.0, 0.000722543352601156, 0.019325657894736843, 0.0010423905489923557, 0.0, 0.0, 0.0, 0.0, 0.005150554675118859, 0.0]
speed reward list:[0.0, 0.0, 0.0, 0.0, 0.0, 0.0, 0.0, 0.0, 0.0, 0.0, 0.0, 0.0, 0.0, 0.0, 0.0, 0.0, 0.0, 0.0, 0.0, 0.0, 0.0, 0.0, 0.0, 0.0, 0.0, 0.0, 0.0, 0.0, 0.0, 0.0, 0.0, 0.0, 0.0, 0.0, 0.0, 0.0, 0.0, 0.0, 0.0, 0.0]
tls reward list:[-0.003998142138545865, -0.007564325652761931, -0.007256018712329817, -0.0071465539763875445, -0.007757174341014826, -0.0067328795549493, -0.006133808611597995, -0.0059755391364287175, -0.005816469078220574, -0.0052416925506875885, -0.005120946220078715, -0.005217216678239199, -0.0057660481908669795, -0.005136515366800768, -0.005630414038403028, -0.005390356699494365, -0.005703602129756585, -0.005325006785259609, -0.005447789576936044, -0.005039885639284815, -0.004632167687952866, -0.005338171590665459, -0.005266663065726147, -0.005205104843335246, -0.005294782573078068, -0.00489045496379346, -0.00519967439501565, -0.005167554296317499, -0.00527472763844173, -0.005247983316083659, -0.004837095781942587, -0.00485762326168627, -0.005746302746401859, -0.005240619988237094, -0.005008381564231952, -0.00473831615552608, -0.004778357943070867, -0.00449766578058053, -0.004683943882480502, -0.004937197338724534]
target reward list:[-0.778591299894747, -0.38705169597800954, -0.3385936104837686, -0.3005779020674624, -0.18027302071418333, 0.29566487658957846, 0.5401608561540217, 0.5546471051107426, 0.5790483701473004, 0.5662566230072651, 0.593037945896702, 0.6104207310500327, 0.5804927511122746, 0.5928254439397769, 0.5630182714240459, 0.5900035165122111, 0.5818193967347751, 0.6115714062083851, 0.5631641261366651, 0.5810396951331809, 0.5535445763933304, 0.5837095031750504, 0.55189311477394, 0.5488752177563823, 0.5901963852551649, 0.5857093476042594, 0.591171757967799, 0.592632521277076, 0.6063942259267296, 0.570425720385118, 0.5948770273590855, 0.5669732689438951, 0.5726399849208286, 0.566044314184936, 0.5396278883671106, 0.5644763838988931, 0.5984267407374502, 0.5732289379918735, 0.5716777598840417, 0.5879401690990872]
safe reward list [0.0, 0.0, 0.0, 0.0, 0.0, 0.0, 0.0, 0.0, 0.0, 0.0, 0.0, 0.0, 0.0, 0.0, 0.0, 0.0, 0.0, 0.0, 0.0, 0.0, 0.0, 0.0, 0.0, 0.0, 0.0, 0.0, 0.0, 0.0, 0.0, 0.0, 0.0, 0.0, 0.0, 0.0, 0.0, 0.0, 0.0, 0.0, 0.0, 0.0]
speed list [8.091361981506054, 15.712522833294837, 16.131053952050273, 15.987246657608617, 13.16549535310581, 15.472148395576282, 15.966834508384652, 15.934279110871996, 15.968998215027353, 15.763737501636001, 16.097184723429127, 16.21827606718771, 15.527860953457832, 16.194551426689493, 15.716007987626144, 15.865057425413385, 15.950902110499035, 16.132635973412963, 15.719625218762904, 15.946632028630477, 16.01481261586275, 16.046698909178073, 15.996592502212703, 15.804512421594454, 16.01650462206496, 16.155722480538888, 16.037748734294908, 15.766542820108947, 16.18834437867522, 16.030235622435598, 15.867581220957394, 16.06513892442544, 15.647103720887738, 15.892161097580301, 16.028873906463364, 15.890301733991903, 16.140782443946023, 16.251057822351985, 16.208509309820197, 15.805746346907739]
ec list [69.98700019469402, 59.89184812587177, 59.5496847431954, 59.13291114625339, 62.67895754103202, 58.90251313204307, 59.028421489645154, 58.85880847300103, 58.51279556825511, 58.74570845097942, 58.91173836701631, 58.77297554447341, 58.30744227337065, 58.532552576895164, 58.16693965401935, 58.12733212334738, 58.189449637288355, 58.68169740517426, 58.15630955951439, 58.21035730377421, 58.28704532249975, 58.328089660009475, 58.30856411238761, 58.34250738701795, 58.324992383679174, 58.33311209814896, 57.91576475937834, 58.09110633767695, 57.969473297885024, 58.18082749701721, 57.94449653952536, 58.16142318043256, 58.24969795703297, 58.1598474757549, 58.05338895888798, 57.96281477793919, 57.79308156913542, 58.322768167840096, 58.26998469414875, 57.81180074265716]
jerk list [0.20510186812943276, 0.10245487611579025, 0.09825442682598158, 0.10196999149863968, 0.26103858456855367, 0.394803483749941, 0.38886065747939397, 0.41220044920226495, 0.41544352248622013, 0.4089939505069772, 0.37231621765860945, 0.35792870797553217, 0.3961139871702582, 0.3622871254096271, 0.3877981952693582, 0.3809353465972639, 0.3711255178141213, 0.36638095321190267, 0.3835715233478249, 0.3611123621342759, 0.3458415383086294, 0.3663865066300674, 0.36704859533674183, 0.3742380322670698, 0.3712939177824, 0.3593362046776836, 0.3582160528644127, 0.3813043909502783, 0.3467948865200493, 0.3507008689046448, 0.3598882486462078, 0.35604963026447417, 0.3691172544290783, 0.35594726239735053, 0.3342019505238816, 0.35953239903612483, 0.33938042757902026, 0.34175559638545366, 0.34008456136869786, 0.3444909723958455]