
Env:SUMO, Algorithm:MADDPG, Device:cuda:1
-----------------------------------------
{'algo': 'MADDPG', 'env': 'SUMO', 'seedVal': 20150427, 'gamma': 0.7, 'epsilon': 0.001, 'critic_lr': 0.005, 'actor_lr': 0.0001, 'memory_capacity': 1000000, 'batch_size': 512, 'train_eps': 40, 'eval_eps': 10, 'epsilon_start': 3, 'max_speed': 28, 'target_update': 4, 'hidden_dim': 256, 'soft_tau': 0.005, 'max_action': 2, 'device': device(type='cuda', index=1), 'simulation_steps': 3600, 'pathToSumoFiles': 'rou_net2_single', 'model_dest_path': 'models/', 'model_dest_path_leader': 'single', 'model_dest_path_follow': '', 'procID': 1}
seed 20150427
当前的gamma是0.7, 当前的soft tau是0.005
-----------------------------------------
model saved successfully!
Complete training!
final reward list:[-0.8621109267782796, -0.4158641636516219, 0.30764428266504484, 0.5301824023882808, 0.5438979342862998, 0.5668850279705764, 0.5614822256760046, 0.5431031068647874, 0.571692647720648, 0.5486739703485306, 0.5660133941125446, 0.5884052067318944, 0.5477137566897186, 0.5866358894071724, 0.5481691857874107, 0.5603258884849798, 0.5650294150455856, 0.5788949007367028, 0.5104660359588653, 0.5657753676573934, 0.5040000083617892, 0.5652291087569623, 0.5355663881765187, 0.5612480546334141, 0.5723369082334905, 0.5665595027132814, 0.5658542621568532, 0.5554558369943271, 0.5940934672572556, 0.5616529177099033, 0.5621126842752059, 0.5390955359424284, 0.5658736558744781, 0.5412159787213774, 0.5504866334766586, 0.5538164378467426, 0.5817842330327899, 0.5760744463020677, 0.5643058973777518, 0.5823302477245866]
final halt list:[10.38681548657133, 1.6226708074534162, 0.20570623458964424, 0.04516358463726885, 0.011803762449280709, 0.004227517294388932, 0.008203125, 0.0, 0.0, 0.00030102347983142685, 0.0, 0.0, 0.0, 0.0005868544600938967, 0.0, 0.0037355248412401943, 0.0, 0.0, 0.0, 0.0, 0.0, 0.0, 0.0, 0.0, 0.0, 0.0, 0.0, 0.0, 0.0, 0.0, 0.0, 0.0, 0.0, 0.01250868658790827, 0.005175038051750381, 0.0040013337779259755, 0.0, 0.0, 0.018253968253968255, 0.000361794500723589]
speed reward list:[0.0, 0.0, 0.0, 0.0, 0.0, 0.0, 0.0, 0.0, 0.0, 0.0, 0.0, 0.0, 0.0, 0.0, 0.0, 0.0, 0.0, 0.0, 0.0, 0.0, 0.0, 0.0, 0.0, 0.0, 0.0, 0.0, 0.0, 0.0, 0.0, 0.0, 0.0, 0.0, 0.0, 0.0, 0.0, 0.0, 0.0, 0.0, 0.0, 0.0]
tls reward list:[-0.0029274775463464463, -0.007478519545808852, -0.007158580667807939, -0.006526900022921518, -0.006620620828393106, -0.006131530349958591, -0.005659795027677273, -0.005655268841269995, -0.005850133029291975, -0.005025106853121696, -0.0051213168728164275, -0.005037480827264362, -0.005686440293763607, -0.004979553451841451, -0.005377105569278591, -0.005537454531159742, -0.005407181299063237, -0.005147169348833642, -0.005448151684015066, -0.004990950297932258, -0.004983416261622836, -0.005255636157506298, -0.005477916881956837, -0.005155253615822686, -0.005268300415663149, -0.004912268551575332, -0.005285844650396514, -0.005307954899050733, -0.005159622939625798, -0.005216837500596544, -0.0049011191875161135, -0.0049833241928461365, -0.005728282112722864, -0.0052768054683718195, -0.005075126472416967, -0.00488163437024949, -0.00495299124810427, -0.004373432956683146, -0.004823760826445483, -0.004988709795518074]
target reward list:[-0.8591834492319331, -0.408385644105813, 0.31480286333285273, 0.5367093024112023, 0.550518555114693, 0.5730165583205349, 0.5671420207036819, 0.5487583757060572, 0.5775427807499398, 0.5536990772016523, 0.571134710985361, 0.5934426875591589, 0.5534001969834822, 0.5916154428590138, 0.5535462913566893, 0.5658633430161396, 0.5704365963446487, 0.5840420700855364, 0.5159141876428803, 0.5707663179553257, 0.5089834246234121, 0.5704847449144687, 0.5410443050584756, 0.5664033082492368, 0.5776052086491537, 0.5714717712648567, 0.5711401068072497, 0.5607637918933778, 0.5992530901968816, 0.5668697552104999, 0.5670138034627219, 0.5440788601352745, 0.5716019379872009, 0.5464927841897491, 0.5555617599490755, 0.5586980722169921, 0.5867372242808943, 0.5804478792587509, 0.5691296582041974, 0.5873189575201048]
safe reward list [0.0, 0.0, 0.0, 0.0, 0.0, 0.0, 0.0, 0.0, 0.0, 0.0, 0.0, 0.0, 0.0, 0.0, 0.0, 0.0, 0.0, 0.0, 0.0, 0.0, 0.0, 0.0, 0.0, 0.0, 0.0, 0.0, 0.0, 0.0, 0.0, 0.0, 0.0, 0.0, 0.0, 0.0, 0.0, 0.0, 0.0, 0.0, 0.0, 0.0]
speed list [8.954471546113812, 15.692129475033374, 15.567271914001134, 15.67770700374124, 15.557329645284701, 15.804135083171575, 16.005567088667057, 15.939029373958471, 15.966663556730856, 15.744528838371377, 16.09006316171541, 16.224393890289925, 15.502951621226151, 16.219787964313674, 15.72115148298451, 15.833128247758598, 15.960042968045526, 16.142998271866546, 15.69945313915353, 15.958831871266538, 16.02303561089346, 16.055884656201574, 16.002560937503354, 15.779132198773283, 15.968964752706997, 16.123056435412746, 16.028390339930258, 15.758392453459562, 16.182613154673195, 16.012202921404572, 15.877429190643118, 16.10992485784172, 15.684127558671769, 15.892970090103047, 16.025013370893042, 15.894257202664576, 16.15636124072362, 16.257397450247762, 16.213531362699257, 15.827995167681824]
ec list [67.10276204438375, 59.926376359313444, 59.506056675826294, 58.55478716889757, 58.756567736200275, 58.571857867802116, 58.50669911878704, 58.59075741126408, 58.342015160371886, 58.57158580423257, 58.920709815246745, 58.70010295709948, 58.19279352433088, 58.32765173361337, 57.95473725937754, 58.16139750200994, 58.09351518442725, 58.566346179786414, 58.04472743805484, 58.132909601399916, 58.48326163108691, 58.21170739112426, 58.40087068399909, 58.27268510479446, 58.220044445274965, 58.18486900261588, 57.92275852899704, 58.056904059769344, 57.98331802915413, 58.0895145790025, 57.98983837093954, 58.05388112395951, 58.20969459112619, 58.22591572217411, 58.13035517508308, 57.86933711474489, 57.90213093581291, 58.28221891599169, 58.25284533859816, 57.864005036381116]
jerk list [0.1403138951643527, 0.10571289756455038, 0.3684087248188126, 0.40442976416906845, 0.4325363906867446, 0.4103065436438507, 0.3776692952297045, 0.3765699239361771, 0.38401348434353677, 0.37412405542899196, 0.35386013596895965, 0.3449209765077322, 0.38144803072743994, 0.335859576647768, 0.3667559073830882, 0.3662388289306056, 0.35017053555107, 0.34422363281120005, 0.3739728046450776, 0.34519890854253604, 0.34621138022420567, 0.3516345853857436, 0.3490296967333069, 0.37607610564713156, 0.3507312901775444, 0.3334689122827814, 0.34933499943263047, 0.37654002867077074, 0.33953955407667524, 0.3427295587094154, 0.3601743771885428, 0.33465456936098265, 0.3730593813686455, 0.35890230328015965, 0.32795936461642883, 0.33475542891889354, 0.3466026653996677, 0.3362806163225489, 0.33746971831150263, 0.3535880873763583]