
Env:SUMO, Algorithm:MADDPG, Device:cuda:0
-----------------------------------------
{'algo': 'MADDPG', 'env': 'SUMO', 'seedVal': 20150427, 'gamma': 0.99, 'epsilon': 0.001, 'critic_lr': 0.005, 'actor_lr': 0.0001, 'memory_capacity': 1000000, 'batch_size': 512, 'train_eps': 40, 'eval_eps': 10, 'epsilon_start': 3, 'max_speed': 28, 'target_update': 4, 'hidden_dim': 256, 'soft_tau': 0.005, 'max_action': 2, 'device': device(type='cuda', index=0), 'simulation_steps': 3600, 'pathToSumoFiles': 'rou_net2_single', 'model_dest_path': 'models/', 'model_dest_path_leader': 'single', 'model_dest_path_follow': '', 'procID': 16}
seed 20150427
当前的gamma是0.99, 当前的soft tau是0.005
-----------------------------------------
model saved successfully!
Complete training!
final reward list:[-0.8888656367867108, -0.5366449346260668, 0.24347588913961854, 0.3432005926370917, 0.38579213306785926, 0.44175455631950294, 0.46503540237982294, 0.471839366964069, 0.5101514058079183, 0.49515087603437813, 0.5262462446189188, 0.5720394465472679, 0.5413109230365073, 0.5650995806447405, 0.5557192744160341, 0.5821723486649633, 0.5872668351140821, 0.6281446371302397, 0.5789999457288519, 0.5809695948608763, 0.5556238682758666, 0.567922002875407, 0.5510590187367341, 0.5913778774700188, 0.6133024753633345, 0.6041874353081911, 0.5702662924682154, 0.5747497812912677, 0.5858443524760035, 0.5626857134142075, 0.5597112839145522, 0.5899383115121112, 0.5942186330665082, 0.5643961196520466, 0.5517146520307608, 0.5733599746828454, 0.5801648276771695, 0.5684374642901777, 0.5699150279333768, 0.5735955543142227]
final halt list:[11.925619834710744, 1.7961876832844574, 0.2734319943622269, 0.18743343982960597, 0.028402803393581703, 0.014592933947772658, 0.016770670826833072, 0.0012380068090374497, 0.0, 0.0, 0.0, 0.0, 0.0, 0.0, 0.0, 0.0026109660574412533, 0.0, 0.0, 0.0, 0.0, 0.0, 0.0, 0.016976556184316895, 0.0, 0.0, 0.0, 0.016851918250268914, 0.0010604453870625664, 0.0, 0.0, 0.0, 0.0, 0.019317714755445952, 0.003126085446335533, 0.0, 0.0, 0.0, 0.0, 0.009382329945269743, 0.0]
speed reward list:[0.0, 0.0, 0.0, 0.0, 0.0, 0.0, 0.0, 0.0, 0.0, 0.0, 0.0, 0.0, 0.0, 0.0, 0.0, 0.0, 0.0, 0.0, 0.0, 0.0, 0.0, 0.0, 0.0, 0.0, 0.0, 0.0, 0.0, 0.0, 0.0, 0.0, 0.0, 0.0, 0.0, 0.0, 0.0, 0.0, 0.0, 0.0, 0.0, 0.0]
tls reward list:[-0.0024813328033271953, -0.007453493114136229, -0.007879736233283521, -0.00795723404696277, -0.007681084815585175, -0.006512611169819588, -0.006029861241075163, -0.005904172244049832, -0.005827952197136461, -0.004929144879898989, -0.004757657369573405, -0.00451921907023742, -0.0047331219455406665, -0.004788109735048176, -0.005295054200820421, -0.004957429537159962, -0.0058128410421997585, -0.0057419333829184195, -0.005964430123130114, -0.00529888047229243, -0.005326380550737308, -0.005561558046714755, -0.005890759576546656, -0.005817655849431604, -0.005733287945739472, -0.005321325906750626, -0.005526396674132408, -0.00523641279811738, -0.005433969479784859, -0.00535053631713418, -0.005138640102780784, -0.00513989365558164, -0.005854369639077487, -0.005132325399841507, -0.00547726907536128, -0.004992554304553184, -0.004911989056014554, -0.004854185685132405, -0.004865268436236388, -0.0049161581064086505]
target reward list:[-0.8863843039833837, -0.5291914415119305, 0.25135562537290207, 0.35115782668405443, 0.39347321788344436, 0.44826716748932255, 0.4710652636208981, 0.4777435392081187, 0.5159793580050548, 0.5000800209142772, 0.5310039019884922, 0.5765586656175054, 0.5460440449820478, 0.5698876903797887, 0.5610143286168546, 0.5871297782021232, 0.5930796761562818, 0.633886570513158, 0.5849643758519821, 0.5862684753331687, 0.5609502488266039, 0.5734835609221217, 0.5569497783132807, 0.5971955333194504, 0.619035763309074, 0.6095087612149417, 0.5757926891423477, 0.5799861940893852, 0.5912783219557883, 0.5680362497313417, 0.564849924017333, 0.5950782051676929, 0.6000730027055857, 0.5695284450518882, 0.557191921106122, 0.5783525289873985, 0.5850768167331841, 0.5732916499753101, 0.5747802963696133, 0.5785117124206314]
safe reward list [0.0, 0.0, 0.0, 0.0, 0.0, 0.0, 0.0, 0.0, 0.0, 0.0, 0.0, 0.0, 0.0, 0.0, 0.0, 0.0, 0.0, 0.0, 0.0, 0.0, 0.0, 0.0, 0.0, 0.0, 0.0, 0.0, 0.0, 0.0, 0.0, 0.0, 0.0, 0.0, 0.0, 0.0, 0.0, 0.0, 0.0, 0.0, 0.0, 0.0]
speed list [7.919776859800422, 15.281388380201852, 15.431990570044684, 15.752908934289993, 15.443643491608537, 15.74120657490434, 15.916156988141097, 15.837761620163253, 15.903013511440477, 15.726856717619413, 16.03684602583425, 16.02082577621692, 15.255788039198958, 15.951092931231642, 15.555439711658314, 15.599061125223034, 15.775299872603611, 15.980835480524012, 15.594425528921374, 15.89563788941968, 15.925818062374208, 15.92847408692566, 15.787507279262238, 15.625100137642324, 15.910598515821, 16.023373880836715, 15.87680051958645, 15.729235664527168, 15.960102981716632, 15.69316620209839, 15.500678593156348, 15.790961384635004, 15.436917507561999, 15.719785533258692, 15.861415568593562, 15.704914983423171, 15.913242566211595, 15.988663620952034, 15.795450645034974, 15.663981395737567]
ec list [69.40683831656159, 60.443579751049676, 59.511191970782754, 58.96352524712367, 59.06710554749923, 58.780048339716295, 58.85867171957647, 58.87544758249592, 58.343240883617526, 58.5941961360696, 58.78446651636306, 58.71642511876238, 58.07849608593712, 58.62859321011478, 58.26357467215558, 58.28113046733521, 58.59701185679236, 59.15415212316387, 58.66906867355163, 58.58118768729014, 58.94659939237178, 58.86551189717101, 59.02137237359242, 59.05215929499898, 59.01848280989101, 58.86074756092005, 58.53834078947852, 58.53011972660602, 58.58441334669766, 58.79966010216935, 58.7441756391189, 58.61947403169955, 58.96849570015394, 58.6772129914169, 58.77537652744238, 58.43793189420436, 58.307741966540334, 59.0590949622595, 58.79416375178525, 58.20342088623476]
jerk list [0.15003204039588142, 0.12093084127332351, 0.3838281076973984, 0.3930270794823599, 0.4598439152789473, 0.4016135289304046, 0.3576046976763648, 0.393520947033844, 0.3985420463436396, 0.3797755380763103, 0.369552154702419, 0.37018430571682137, 0.412884279549945, 0.3974058228859109, 0.43293130055798706, 0.42333846813305426, 0.4467392485806051, 0.4463325905269929, 0.4701043209807949, 0.42737217223255053, 0.43486452456567937, 0.4578367433153946, 0.48115266891766373, 0.47911460885374574, 0.48000094010239835, 0.44324831288929467, 0.4413685471631963, 0.4504420088609734, 0.42366213749131404, 0.4312456805303659, 0.44953746970798864, 0.4416502602246115, 0.4701308983896377, 0.4195526011238735, 0.414068045702465, 0.4286644137694492, 0.40841748031718517, 0.4068280280113493, 0.39065609864465617, 0.4067390995483212]