
Env:SUMO, Algorithm:MADDPG, Device:cuda:0
-----------------------------------------
{'algo': 'MADDPG', 'env': 'SUMO', 'seedVal': 20150427, 'gamma': 0.999, 'epsilon': 0.001, 'critic_lr': 0.005, 'actor_lr': 0.0001, 'memory_capacity': 1000000, 'batch_size': 512, 'train_eps': 40, 'eval_eps': 10, 'epsilon_start': 3, 'max_speed': 28, 'target_update': 4, 'hidden_dim': 256, 'soft_tau': 0.001, 'max_action': 2, 'device': device(type='cuda', index=0), 'simulation_steps': 3600, 'pathToSumoFiles': 'rou_net2_single', 'model_dest_path': 'models/', 'model_dest_path_leader': 'single', 'model_dest_path_follow': '', 'procID': 20}
seed 20150427
当前的gamma是0.999, 当前的soft tau是0.001
-----------------------------------------
model saved successfully!
Complete training!
final reward list:[-0.9958688550208505, -0.45512241208705456, -0.3438254898906209, -0.31332720914356194, -0.4071061241854097, -0.10064821953643589, 0.1584706273849775, 0.10018308657569654, 0.15781018538205335, 0.19597139362122737, 0.22332228824646824, 0.22444657762160808, 0.16000998514223713, 0.27515855327792665, 0.1875380679743322, 0.2330381732972484, 0.2320828463276638, 0.23043350622886336, 0.23309115970211652, 0.2839599913734497, 0.3010436522625798, 0.3219699235426148, 0.33444830399536, 0.31355953687608, 0.4013216122507095, 0.4203864583125074, 0.3930761704001469, 0.3573259015851946, 0.3395047866659106, 0.33616166528895164, 0.3614087019790289, 0.3463740757436002, 0.37375148381857726, 0.4168987495848149, 0.4887233967702656, 0.4584875812525991, 0.527677757096152, 0.5304320776711193, 0.5410220295168532, 0.5218941922498974]
final halt list:[19.579908039570853, 2.196116504854369, 1.2081432081432082, 1.1878335112059766, 1.533136966126657, 1.1553248750480585, 0.28855915657946113, 0.573775573465592, 0.6069669247009148, 0.40967838893898406, 0.33975753807895553, 0.40286298568507156, 0.6746626686656672, 0.34385964912280703, 0.4736650926262259, 0.4116331096196868, 0.44282592862345227, 0.32992036405005687, 0.39408364501870113, 0.241147205150717, 0.27330733782346683, 0.20951302378255945, 0.19087974172719935, 0.1891219338784216, 0.07336050389032975, 0.027606365703150372, 0.10834553440702782, 0.15876944837340876, 0.12377495462794919, 0.044888721237268954, 0.11454545454545455, 0.1318918918918919, 0.2583299053887289, 0.15336571825121442, 0.07547169811320754, 0.08191808191808192, 0.04746723343960326, 0.01948051948051948, 0.029318541996830427, 0.04273813835566823]
speed reward list:[0.0, 0.0, 0.0, 0.0, 0.0, 0.0, 0.0, 0.0, 0.0, 0.0, 0.0, 0.0, 0.0, 0.0, 0.0, 0.0, 0.0, 0.0, 0.0, 0.0, 0.0, 0.0, 0.0, 0.0, 0.0, 0.0, 0.0, 0.0, 0.0, 0.0, 0.0, 0.0, 0.0, 0.0, 0.0, 0.0, 0.0, 0.0, 0.0, 0.0]
tls reward list:[-0.0007363050572324595, -0.006835042340835583, -0.007221119383788442, -0.007175379973086589, -0.007523945626834288, -0.007591857823591376, -0.00645840034874838, -0.0060837253283577575, -0.0059298086309415455, -0.005876183221248201, -0.006057988211497514, -0.006428508495775033, -0.006781026697848276, -0.005755578807554129, -0.006370607660596103, -0.007562325215702699, -0.007441281556140522, -0.007967343213776495, -0.008133411691377157, -0.007981825114854733, -0.0069358879119863735, -0.006810431578836859, -0.006237047581036925, -0.006283892188587745, -0.006695069842543975, -0.007966913783667798, -0.008330210811975412, -0.009161248571647655, -0.00996300807086683, -0.009687926666381984, -0.008851277445258226, -0.009166425254050023, -0.008205031883835734, -0.007155582547003416, -0.006431644579817484, -0.006534853121890328, -0.005477702244261132, -0.005301110262097603, -0.005295191393968179, -0.005577620751032786]
target reward list:[-0.9951325499636181, -0.44828736974621897, -0.3366043705068324, -0.30615182917047534, -0.3995821785585753, -0.09305636171284454, 0.1649290277337259, 0.10626681190405428, 0.16373999401299488, 0.2018475768424756, 0.22938027645796574, 0.2308750861173831, 0.1667910118400854, 0.28091413208548077, 0.19390867563492833, 0.2406004985129511, 0.23952412788380437, 0.23840084944263987, 0.24122457139349365, 0.2919418164883044, 0.3079795401745662, 0.32878035512145165, 0.34068535157639696, 0.31984342906466773, 0.4080166820932534, 0.42835337209617524, 0.40140638121212235, 0.36648715015684225, 0.34946779473677747, 0.34584959195533366, 0.3702599794242871, 0.3555405009976503, 0.381956515702413, 0.4240543321318183, 0.4951550413500831, 0.4650224343744895, 0.5331554593404131, 0.5357331879332169, 0.5463172209108212, 0.5274718130009302]
safe reward list [0.0, 0.0, 0.0, 0.0, 0.0, 0.0, 0.0, 0.0, 0.0, 0.0, 0.0, 0.0, 0.0, 0.0, 0.0, 0.0, 0.0, 0.0, 0.0, 0.0, 0.0, 0.0, 0.0, 0.0, 0.0, 0.0, 0.0, 0.0, 0.0, 0.0, 0.0, 0.0, 0.0, 0.0, 0.0, 0.0, 0.0, 0.0, 0.0, 0.0]
speed list [2.0965983810289934, 14.973180191276048, 16.121678847492152, 15.98180372063133, 15.765563769801242, 15.957101214154648, 15.927270098420495, 15.799959505334419, 16.189578773665538, 16.09707484491726, 16.38104013437104, 16.11378996501399, 15.971008752050793, 16.554972359067055, 16.068657999268467, 16.19047062205812, 16.07121281683489, 16.336509840208283, 15.964048651294627, 16.130397865132597, 16.195989887677325, 16.165949395096966, 16.062882755183388, 15.815294802658894, 15.899964707924282, 15.967936956352874, 16.018514936536455, 15.850944901910006, 16.046765670540434, 16.078008786820288, 15.712861614203156, 16.038123214652092, 15.813977985537457, 15.91160888685538, 16.160482493777533, 15.952817120474013, 16.15168641319584, 16.28800433675256, 16.119314127663547, 15.952466655567404]
ec list [126.26654990617283, 60.54788705777153, 59.504275828108646, 59.167899764336404, 59.92755670633122, 59.61809495846472, 59.20594130584282, 58.7085006667448, 58.11635409051544, 58.981894200605126, 59.1769971867273, 59.60209930374696, 58.5897833281676, 58.67746605358297, 58.680234499189844, 58.84010971681485, 59.2425976475244, 59.815322202152565, 59.41712306234988, 59.61897442372666, 59.64138999752875, 59.097677525021325, 58.999241285318, 58.74345081007368, 58.930635926588856, 59.097965011671846, 58.8059085259176, 59.30004432968358, 59.923930030537214, 59.979583061818985, 59.89254350263638, 59.72204822944308, 59.51605154726869, 59.3809582186987, 58.85313454724098, 58.40230013629451, 58.043247209454, 58.51597296929257, 58.52979789730793, 57.88359494425994]
jerk list [0.11562356529480436, 0.12032236483511928, 0.09693054327940424, 0.10281853865240248, 0.10112432076058454, 0.12467724855015722, 0.2539647251205663, 0.24206133005844563, 0.20955360378554835, 0.2333970629612646, 0.25005335403517276, 0.25650575383169777, 0.2694665264383779, 0.2529068587856747, 0.3236765539465088, 0.37471218962305575, 0.3715575240837122, 0.39242681092002857, 0.43081960542201225, 0.44813245414458586, 0.4340537610220144, 0.43034586730718516, 0.41232224874001505, 0.4093642769684918, 0.4303754329955931, 0.5076447389221591, 0.5069430205089023, 0.5460438594926962, 0.6116709914718238, 0.6015341406335362, 0.5949953431620711, 0.5586579984682216, 0.5325298702650797, 0.5091051404247244, 0.45654456558886236, 0.4397307406232746, 0.4041808127783245, 0.41125467692920525, 0.42424386572002093, 0.3993312248024015]