
Env:SUMO, Algorithm:MADDPG, Device:cuda:0
-----------------------------------------
{'algo': 'MADDPG', 'env': 'SUMO', 'seedVal': 20150427, 'gamma': 0.7, 'epsilon': 0.001, 'critic_lr': 0.005, 'actor_lr': 0.0001, 'memory_capacity': 1000000, 'batch_size': 512, 'train_eps': 40, 'eval_eps': 10, 'epsilon_start': 3, 'max_speed': 28, 'target_update': 4, 'hidden_dim': 256, 'soft_tau': 0.001, 'max_action': 2, 'device': device(type='cuda', index=0), 'simulation_steps': 3600, 'pathToSumoFiles': 'rou_net2_single', 'model_dest_path': 'models/', 'model_dest_path_leader': 'single', 'model_dest_path_follow': '', 'procID': 0}
seed 20150427
当前的gamma是0.7, 当前的soft tau是0.001
-----------------------------------------
model saved successfully!
Complete training!
final reward list:[-0.8755562341342156, -0.39498562909398915, -0.3480775145707382, -0.3081035120281497, -0.4075785563784424, -0.31089959453663363, -0.23356315220206939, -0.33551967627555346, -0.32568304579644414, -0.3585737029351797, -0.31687646326901925, -0.36574593225453844, -0.5084760209803625, -0.29853141783308323, -0.4077030142254222, -0.4583399369582847, -0.37953970032392154, -0.39868976851903803, -0.4161104871870267, -0.36466937542901917, -0.3024530729526863, -0.3637314910498952, -0.3107596477527362, -0.3870945869329999, -0.4106446780647631, -0.42655543518024497, -0.3138947069832745, -0.40601483031560576, -0.32212512945062505, -0.29584765336051877, -0.3140312407378842, -0.41182987936091386, -0.4375486267394458, -0.42056716452828, -0.3796330411117223, -0.3390505767281708, -0.2511006881166982, -0.3087625178311753, -0.013405288725526267, 0.35978946874649487]
final halt list:[13.04046041158005, 1.628982128982129, 1.2256140350877194, 1.183920313055852, 1.5522827687776142, 1.4596774193548387, 1.1074638530676046, 1.0486218643542893, 1.2047413793103448, 0.7149294082307, 0.7512453300124533, 0.7890739117732983, 1.530161109029599, 0.7947291361639824, 1.266497461928934, 1.4809843400447427, 1.0829090909090908, 1.0223146747352496, 1.3455532926001357, 0.9312865497076024, 1.0237336167198017, 1.0331825037707392, 0.981010101010101, 1.336834480260775, 0.9848091885883661, 0.9072031148604802, 1.239663373582144, 1.2927689594356262, 1.1094996374184192, 1.144960362400906, 1.2080170057698147, 1.174666185492602, 1.4874743326488706, 1.2141127637495677, 0.8953057442865967, 1.2450914014895058, 1.1692634560906516, 0.8486238532110092, 0.6638921918351169, 0.19319826338639653]
speed reward list:[0.0, 0.0, 0.0, 0.0, 0.0, 0.0, 0.0, 0.0, 0.0, 0.0, 0.0, 0.0, 0.0, 0.0, 0.0, 0.0, 0.0, 0.0, 0.0, 0.0, 0.0, 0.0, 0.0, 0.0, 0.0, 0.0, 0.0, 0.0, 0.0, 0.0, 0.0, 0.0, 0.0, 0.0, 0.0, 0.0, 0.0, 0.0, 0.0, 0.0]
tls reward list:[-0.002979698770187821, -0.007566039429605861, -0.007250094935333423, -0.007078538709014386, -0.007522957603658913, -0.007191973689170316, -0.006778203145590739, -0.006782190537865702, -0.007135319714643032, -0.007099212198859868, -0.006860481795494736, -0.007307584215276448, -0.007952158792407972, -0.006974673150435103, -0.007200987240227115, -0.007691056403581104, -0.0073267857163827575, -0.007326486934327244, -0.007592924266033131, -0.007071071980639106, -0.006531628988127617, -0.007118892668139871, -0.006875568459627224, -0.007220758810698999, -0.007743115788453155, -0.007910723503937898, -0.007074439028235108, -0.007446617716280761, -0.007381070252486793, -0.00662760406823299, -0.007051757126074782, -0.007286160863924536, -0.0075386298614122296, -0.007495074711776099, -0.0072956458395656, -0.006908898236376016, -0.006955839362223516, -0.006866877849093101, -0.005767158085655922, -0.005699060678301539]
target reward list:[-0.8725765353640277, -0.38741958966438333, -0.3408274196354048, -0.3010249733191353, -0.40005559877478347, -0.3037076208474633, -0.22678494905647864, -0.32873748573768774, -0.3185477260818011, -0.3514744907363198, -0.3100159814735245, -0.35843834803926194, -0.5005238621879546, -0.29155674468264814, -0.400502026985195, -0.45064888055470365, -0.3722129146075387, -0.39136328158471073, -0.40851756292099356, -0.35759830344838006, -0.29592144396455866, -0.3566125983817553, -0.30388407929310896, -0.3798738281223009, -0.4029015622763099, -0.418644711676307, -0.3068202679550394, -0.398568212599325, -0.31474405919813825, -0.2892200492922858, -0.3069794836118094, -0.4045437184969893, -0.4300099968780337, -0.4130720898165039, -0.3723373952721567, -0.3321416784917948, -0.24414484875447465, -0.30189563998208224, -0.007638130639870326, 0.36548852942479637]
safe reward list [0.0, 0.0, 0.0, 0.0, 0.0, 0.0, 0.0, 0.0, 0.0, 0.0, 0.0, 0.0, 0.0, 0.0, 0.0, 0.0, 0.0, 0.0, 0.0, 0.0, 0.0, 0.0, 0.0, 0.0, 0.0, 0.0, 0.0, 0.0, 0.0, 0.0, 0.0, 0.0, 0.0, 0.0, 0.0, 0.0, 0.0, 0.0, 0.0, 0.0]
speed list [7.4632302146850735, 15.717713361773658, 16.09419485821149, 15.983806884483487, 15.741800082742502, 15.905220629236702, 16.133949126228796, 16.236086772601478, 16.11275380924492, 16.076059436189865, 16.22119029229629, 16.350092881271355, 15.736372694116438, 16.392670624821037, 15.905427746505834, 15.794707578781729, 16.278262499318544, 16.309925455785542, 15.797349123529818, 16.179149489543438, 16.082662744928506, 16.151100539410578, 16.270011288499493, 16.001902946578912, 16.209197584125377, 15.952458892968888, 16.092219928232623, 15.954167421048782, 16.276971503771307, 16.29671948056482, 15.841807141296819, 15.997565066117001, 16.043339522295852, 16.119361790784637, 16.281280210932447, 15.989651203518257, 16.152801024576643, 16.28929282949393, 16.522886465821546, 16.21441685642179]
ec list [71.30250827101797, 59.889690459615935, 59.53229260999607, 59.09611339444389, 59.94925935338261, 59.52838963677078, 59.82242336403284, 59.68017511400307, 59.48629594612776, 60.22013799535322, 60.49623493312414, 60.18422589461298, 59.68227082206254, 59.74608870096642, 59.67563244417319, 59.99451080463167, 59.52769243405191, 60.23688268014338, 59.79011619826322, 59.746456928060326, 60.13411795861291, 59.71927253839396, 59.842037453503806, 59.80761364239419, 59.78949096973199, 60.39280752595548, 59.45349945407783, 59.75776476225466, 59.486873304652434, 59.56016405898147, 59.892368242755495, 59.820276536222245, 59.788693344882454, 59.97677380400734, 59.93029260064489, 59.68929602726677, 59.49245774819597, 60.10842779023626, 58.855144703605475, 58.08263925659887]
jerk list [0.1674967065351396, 0.10166931952781016, 0.09632903187338031, 0.10088804990622718, 0.0990789027608752, 0.09798744793441815, 0.09762655214557697, 0.094078910857837, 0.10270464018416105, 0.09688696941063515, 0.09461614618857297, 0.09480776720433817, 0.09941465648136076, 0.09429858982371432, 0.10031499549499803, 0.10214909130907135, 0.09658999622743317, 0.09622907461222958, 0.10118912436902482, 0.09530156700837489, 0.09670354405782414, 0.0979861763064253, 0.09605524080525712, 0.10345771595567813, 0.09717502795605769, 0.09962665532345444, 0.09856906021256956, 0.10171521687382144, 0.09964572405908557, 0.09424679018574073, 0.09914134143056237, 0.0981919038587705, 0.09847983216360287, 0.09866064439592101, 0.09640767013314029, 0.09851452912148785, 0.10013382902707119, 0.09728993303332277, 0.11508172054425322, 0.2609078366374831]