
Env:SUMO, Algorithm:MADDPG, Device:cuda:1
-----------------------------------------
{'algo': 'MADDPG', 'env': 'SUMO', 'seedVal': 20150427, 'gamma': 0.9, 'epsilon': 0.001, 'critic_lr': 0.005, 'actor_lr': 0.0001, 'memory_capacity': 1000000, 'batch_size': 512, 'train_eps': 40, 'eval_eps': 10, 'epsilon_start': 3, 'max_speed': 28, 'target_update': 4, 'hidden_dim': 256, 'soft_tau': 0.05, 'max_action': 2, 'device': device(type='cuda', index=1), 'simulation_steps': 3600, 'pathToSumoFiles': 'rou_net2_single', 'model_dest_path': 'models/', 'model_dest_path_leader': 'single', 'model_dest_path_follow': '', 'procID': 13}
seed 20150427
当前的gamma是0.9, 当前的soft tau是0.05
-----------------------------------------
model saved successfully!
Complete training!
final reward list:[-0.946734798980767, -0.39681492602846336, 0.3347188113008982, 0.49923185456790997, 0.5351879878373975, 0.5627116665346785, 0.5816733360815913, 0.5408452216330984, 0.5753257873189522, 0.5390513046156818, 0.5785862808897528, 0.6020485044685364, 0.5798785901744649, 0.5791016262214033, 0.5597639836555163, 0.5848690733419598, 0.5701918290031299, 0.6075887562970316, 0.5752744207484182, 0.5557268583127645, 0.5521159350515362, 0.5942925023230121, 0.5390081909892376, 0.5617767408371668, 0.5810585647527976, 0.585394934106029, 0.5721459022712665, 0.5566334022560798, 0.6029228402772168, 0.5882588930508375, 0.5762894895072337, 0.5992174173351116, 0.5830393319709253, 0.5532303367794308, 0.5574056676875079, 0.5763910378612946, 0.5785640739393418, 0.5745362906205003, 0.5773232950260753, 0.5811859901437524]
final halt list:[6.1890714709958425, 1.627717391304348, 0.18258426966292135, 0.004616477272727273, 0.009587020648967551, 0.001920860545524395, 0.00546448087431694, 0.0, 0.0, 0.0, 0.0, 0.0, 0.0, 0.0, 0.0, 0.0011198208286674132, 0.0, 0.0, 0.0, 0.0, 0.0, 0.0, 0.0004050222762251924, 0.0, 0.013006317354143442, 0.0, 0.0, 0.0, 0.0, 0.0, 0.0, 0.0, 0.0, 0.002777777777777778, 0.0, 0.0, 0.0003546099290780142, 0.0, 0.0, 0.0]
speed reward list:[0.0, 0.0, 0.0, 0.0, 0.0, 0.0, 0.0, 0.0, 0.0, 0.0, 0.0, 0.0, 0.0, 0.0, 0.0, 0.0, 0.0, 0.0, 0.0, 0.0, 0.0, 0.0, 0.0, 0.0, 0.0, 0.0, 0.0, 0.0, 0.0, 0.0, 0.0, 0.0, 0.0, 0.0, 0.0, 0.0, 0.0, 0.0, 0.0, 0.0]
tls reward list:[-0.001466910392827605, -0.007552699320579088, -0.008424960855592436, -0.006893243531967563, -0.006920209622824076, -0.006489331452747564, -0.005825370361812518, -0.005785138777808778, -0.005587717829900687, -0.004966275261263889, -0.0049804655083694, -0.005054031458233943, -0.005102211344833857, -0.005057445334194152, -0.005336594780844235, -0.005404215016881576, -0.005476431035868739, -0.005098715469183709, -0.005414154346459626, -0.004964412913402054, -0.0049178210258108675, -0.005193909162134281, -0.005442164409970068, -0.005324592407790574, -0.005316162008920519, -0.004970892490695162, -0.0052513957362849755, -0.0052660484922529, -0.005222706431732796, -0.005083661552713192, -0.004690031379030266, -0.004864873229424208, -0.005617304749719162, -0.005188690449765407, -0.004916206377535352, -0.00484441756083236, -0.004872957684918469, -0.004487261062850366, -0.004759604979966816, -0.004985749567208963]
target reward list:[-0.9452678885879393, -0.3892622267078843, 0.34314377215649067, 0.5061250980998775, 0.5421081974602214, 0.5692009979874262, 0.5874987064434039, 0.5466303604109072, 0.5809135051488529, 0.5440175798769458, 0.5835667463981221, 0.6071025359267704, 0.5849808015192987, 0.5841590715555975, 0.5651005784363604, 0.5902732883588413, 0.5756682600389986, 0.6126874717662153, 0.5806885750948778, 0.5606912712261665, 0.5570337560773472, 0.5994864114851464, 0.5444503553992077, 0.5671013332449573, 0.5863747267617182, 0.5903658265967242, 0.5773972980075515, 0.5618994507483327, 0.6081455467089495, 0.5933425546035507, 0.5809795208862639, 0.6040822905645358, 0.5886566367206444, 0.5584190272291962, 0.5623218740650433, 0.5812354554221271, 0.5834370316242604, 0.5790235516833506, 0.5820829000060421, 0.5861717397109613]
safe reward list [0.0, 0.0, 0.0, 0.0, 0.0, 0.0, 0.0, 0.0, 0.0, 0.0, 0.0, 0.0, 0.0, 0.0, 0.0, 0.0, 0.0, 0.0, 0.0, 0.0, 0.0, 0.0, 0.0, 0.0, 0.0, 0.0, 0.0, 0.0, 0.0, 0.0, 0.0, 0.0, 0.0, 0.0, 0.0, 0.0, 0.0, 0.0, 0.0, 0.0]
speed list [9.493899488879578, 15.717835704402313, 15.510812574549739, 15.802048258945717, 15.565809673082185, 15.78047679557944, 16.013431617442397, 15.92797368762579, 15.963328567328135, 15.785985730638123, 16.08598492488037, 16.208573034225658, 15.424282790039188, 16.09492958737528, 15.704539923786056, 15.83540578220512, 15.951476201868328, 16.132105438111992, 15.721541316116848, 15.940370278874434, 16.000512469283866, 16.042546635611554, 15.989445648197458, 15.78051035928116, 15.968015451987677, 16.151950803054742, 16.04313538237607, 15.78721859550069, 16.18106789585116, 16.026861513414477, 15.877482739085803, 16.108324398953155, 15.689771582941097, 15.868831263303115, 16.02528039688461, 15.88296090517614, 16.145005220449747, 16.25374795502691, 16.221505390479184, 15.817887677939925]
ec list [62.68881284302203, 59.856822804516405, 59.7037358308846, 58.5601986930839, 58.93355792053407, 58.814220888194406, 58.755409062329846, 58.6867058982023, 58.42196298954241, 58.66526021704747, 58.924400208495015, 58.77672924250327, 58.16901442017276, 58.634420389192286, 58.11776617285791, 58.037794029583715, 58.20136047280582, 58.69824171784568, 58.17726433422031, 58.24525538555955, 58.597313245702985, 58.316162605232854, 58.46117344651347, 58.4583586348708, 58.393321307913816, 58.25595722591303, 58.03185014324836, 58.13160110824668, 57.99631998485417, 58.12185176014364, 57.88398023490769, 58.08253507705611, 58.11885539282703, 58.224540867258206, 58.09634502595465, 57.8408539858865, 57.93423277680426, 58.272485294398145, 58.240209177394206, 57.8383121959165]
jerk list [0.12065008761579925, 0.10232249667138328, 0.4082919663836979, 0.43080338004234214, 0.46713739556912875, 0.4477477913456934, 0.40564301216860965, 0.4013725229433012, 0.39864928475502837, 0.37678328692047275, 0.3647849364519371, 0.3547226992485527, 0.3984479228525849, 0.3569232463919721, 0.3803541352773567, 0.375839564373159, 0.36633141115577483, 0.36066780124739833, 0.38499826252523445, 0.3536551824535983, 0.36854759710686474, 0.3672676613668534, 0.37116724363386167, 0.37818377793802516, 0.35968159681314377, 0.3533278476404124, 0.3565924764236355, 0.3821419397695482, 0.35059899921513726, 0.34489406076102763, 0.3539661999774327, 0.3415408775037137, 0.37585143116969105, 0.3537279453036448, 0.3316033460920458, 0.3496473465115911, 0.3408016850804689, 0.3283273025822437, 0.33876908625673224, 0.3437217363727251]