
Env:SUMO, Algorithm:MADDPG, Device:cuda:1
-----------------------------------------
{'algo': 'MADDPG', 'env': 'SUMO', 'seedVal': 20150427, 'gamma': 0.99, 'epsilon': 0.001, 'critic_lr': 0.005, 'actor_lr': 0.0001, 'memory_capacity': 1000000, 'batch_size': 512, 'train_eps': 40, 'eval_eps': 10, 'epsilon_start': 3, 'max_speed': 28, 'target_update': 4, 'hidden_dim': 256, 'soft_tau': 0.01, 'max_action': 2, 'device': device(type='cuda', index=1), 'simulation_steps': 3600, 'pathToSumoFiles': 'rou_net2_single', 'model_dest_path': 'models/', 'model_dest_path_leader': 'single', 'model_dest_path_follow': '', 'procID': 17}
seed 20150427
当前的gamma是0.99, 当前的soft tau是0.01
-----------------------------------------
model saved successfully!
Complete training!
final reward list:[-0.94998789552647, -0.3957404989163311, -0.4521587792434704, 0.2460084891693229, 0.23935454305861914, 0.2994544050485073, 0.39622103234047523, 0.39935130397950813, 0.47738826218167585, 0.5190599036605682, 0.5498112850945768, 0.5944278276777378, 0.5764262412632162, 0.6168558139050075, 0.5688052565838361, 0.5955626593908433, 0.6017548110854021, 0.5957059107882324, 0.5675357679657919, 0.5858696451713646, 0.5444375889452173, 0.5710404602677016, 0.5692209131017983, 0.5543193085382145, 0.5810581640235376, 0.5931193850818645, 0.5589126364968475, 0.5852596688814583, 0.5943303844517098, 0.5699512622732373, 0.5747261673079627, 0.5764611547312046, 0.5748885941632905, 0.5880224530550663, 0.6021818898411193, 0.5695359046056786, 0.5969079264932204, 0.5523320065418547, 0.5859213160692551, 0.5947008507568209]
final halt list:[8.348561759729272, 1.6460761460761462, 1.2768049155145929, 0.3106141285055023, 0.21715126978284874, 0.20799692425990005, 0.041181041181041184, 0.019716574245224893, 0.02821869488536155, 0.0, 0.0006234413965087282, 0.0, 0.0, 0.0, 0.0, 0.013422818791946308, 0.0, 0.0, 0.0, 0.0, 0.0, 0.0, 0.009704811969268095, 0.0, 0.0, 0.0, 0.0, 0.006364922206506365, 0.0, 0.0, 0.0, 0.0, 0.02055076037813399, 0.0003473428273706148, 0.0, 0.0, 0.0, 0.0003824091778202677, 0.006326611308817715, 0.002171552660152009]
speed reward list:[0.0, 0.0, 0.0, 0.0, 0.0, 0.0, 0.0, 0.0, 0.0, 0.0, 0.0, 0.0, 0.0, 0.0, 0.0, 0.0, 0.0, 0.0, 0.0, 0.0, 0.0, 0.0, 0.0, 0.0, 0.0, 0.0, 0.0, 0.0, 0.0, 0.0, 0.0, 0.0, 0.0, 0.0, 0.0, 0.0, 0.0, 0.0, 0.0, 0.0]
tls reward list:[-0.0018363160205317687, -0.007521014515027341, -0.006329392836604195, -0.009838229208031873, -0.010505910942356719, -0.009527055945787026, -0.007399934603247785, -0.008011875983383397, -0.007277958243571635, -0.005237137330051871, -0.004924209415091504, -0.004657602298519459, -0.005032779904925569, -0.0048780997404996515, -0.004978442829430595, -0.005609599365657672, -0.0059094555707038705, -0.005219596484614403, -0.0049510233712740164, -0.004868003389357151, -0.004749654401278074, -0.005046332185145002, -0.005130666235816704, -0.005609491682890004, -0.005705277788124871, -0.005599083630031796, -0.005750199844987167, -0.005717370986678421, -0.005717217762574814, -0.005788689738407502, -0.005103320763577819, -0.005480349015138038, -0.006188795782556781, -0.0057428761047576705, -0.005373876791608496, -0.005162392024276816, -0.005634643708234574, -0.004875250042135117, -0.005205462065361868, -0.005360876109138685]
target reward list:[-0.9481515795059383, -0.38821948440130377, -0.44582938640686626, 0.2558467183773548, 0.24986045400097584, 0.3089814609942943, 0.40362096694372307, 0.40736317996289156, 0.4846662204252475, 0.5242970409906201, 0.5547354945096683, 0.5990854299762574, 0.5814590211681419, 0.6217339136455071, 0.5737836994132667, 0.6011722587565009, 0.607664266656106, 0.6009255072728469, 0.5724867913370659, 0.5907376485607218, 0.5491872433464955, 0.5760867924528466, 0.574351579337615, 0.5599288002211045, 0.5867634418116625, 0.5987184687118963, 0.5646628363418347, 0.5909770398681369, 0.6000476022142845, 0.5757399520116449, 0.5798294880715406, 0.5819415037463427, 0.5810773899458472, 0.5937653291598239, 0.6075557666327278, 0.5746982966299555, 0.6025425702014552, 0.5572072565839897, 0.5911267781346171, 0.6000617268659596]
safe reward list [0.0, 0.0, 0.0, 0.0, 0.0, 0.0, 0.0, 0.0, 0.0, 0.0, 0.0, 0.0, 0.0, 0.0, 0.0, 0.0, 0.0, 0.0, 0.0, 0.0, 0.0, 0.0, 0.0, 0.0, 0.0, 0.0, 0.0, 0.0, 0.0, 0.0, 0.0, 0.0, 0.0, 0.0, 0.0, 0.0, 0.0, 0.0, 0.0, 0.0]
speed list [8.34648384888018, 15.683279490606953, 16.003290141311844, 15.597126513553079, 15.427978518256722, 15.065495101602798, 15.337872616634092, 15.430355802256381, 15.62651994198696, 15.594130783419882, 15.89355502264936, 15.993691751718426, 15.26081998777484, 16.097018629830863, 15.646614810975896, 15.731929798421907, 15.808873803550428, 15.84912552686141, 15.463278270978504, 15.67910471111401, 15.71999172546564, 15.818952197767073, 15.799660781565672, 15.625658861321183, 15.816605606014999, 15.98624068140576, 15.875368171566443, 15.670213212178854, 16.058344935437415, 15.879388230273804, 15.760323674045885, 15.960776095836096, 15.511956377878862, 15.746301443914259, 15.916574243654374, 15.783394714771248, 16.005891824106985, 16.115088832512043, 16.060879373292945, 15.692936583382785]
ec list [66.45513551066908, 60.01072865124234, 59.54034567303154, 59.7581528211273, 60.11119501142792, 59.82284281967559, 59.272811406839, 59.70517369325273, 59.06463784279204, 58.835323161762894, 58.972595328744255, 58.76281783428269, 58.26712963464772, 58.63174572462639, 57.85513046076907, 58.53115760002551, 58.59874152830869, 59.128308352497974, 58.29408105591562, 58.59542812842126, 58.80435154452771, 58.73741269395048, 58.61772020102973, 58.76385121868067, 58.7892606934576, 58.82785840462383, 58.42546170550235, 58.69062849332669, 58.56842310366217, 58.82675620911133, 58.258578004940524, 58.657565128094575, 58.81627931776489, 58.77016809998745, 58.75007375797864, 58.32669849448985, 58.49762732117087, 58.91128481495559, 58.815292022747805, 58.427180022581425]
jerk list [0.13362950865913556, 0.10277338501913251, 0.09797808231950497, 0.4127928366159617, 0.5096483180376014, 0.48340917359784236, 0.4087313863821084, 0.4821822272122364, 0.4808626680523558, 0.43805357766109315, 0.3936230716511075, 0.3741267449225961, 0.42453317642862665, 0.39650044659533534, 0.38053160145673137, 0.4366808711629694, 0.4332823781359981, 0.4177433943614855, 0.4301417091145591, 0.4220188117801211, 0.42305519743234415, 0.42350751615545057, 0.41717577345876355, 0.43245702297758404, 0.44035434011615976, 0.4441351109005685, 0.4201894738702917, 0.4533260046094009, 0.4120042342519394, 0.41695095234027835, 0.4000943112058206, 0.42606020388364374, 0.44365161146984045, 0.43784812320268895, 0.4264552969456949, 0.41021945829953244, 0.4281202331225584, 0.41041428701947774, 0.40703139112684683, 0.42372512844851373]