
Env:SUMO, Algorithm:MADDPG, Device:cuda:0
-----------------------------------------
{'algo': 'MADDPG', 'env': 'SUMO', 'seedVal': 20150427, 'gamma': 0.999, 'epsilon': 0.001, 'critic_lr': 0.005, 'actor_lr': 0.0001, 'memory_capacity': 1000000, 'batch_size': 512, 'train_eps': 40, 'eval_eps': 10, 'epsilon_start': 3, 'max_speed': 28, 'target_update': 4, 'hidden_dim': 256, 'soft_tau': 0.01, 'max_action': 2, 'device': device(type='cuda', index=0), 'simulation_steps': 3600, 'pathToSumoFiles': 'rou_net2_single', 'model_dest_path': 'models/', 'model_dest_path_leader': 'single', 'model_dest_path_follow': '', 'procID': 22}
seed 20150427
当前的gamma是0.999, 当前的soft tau是0.01
-----------------------------------------
model saved successfully!
Complete training!
final reward list:[-0.9945493836118818, -0.9977052265265955, -0.998009291398766, -0.9976023868207546, -0.9974338502944021, -0.9977141424350382, -0.9978498293520645, -0.9971097180561119, -0.9979918948577152, -0.9975661843380221, -0.9973071478480023, -0.9973335046680372, -0.9977112769433865, -0.9978536808173223, -0.9976273333794221, -0.9977343613428292, -0.9977628786526808, -0.9972068379351519, -0.9978366376523627, -0.9982500833839507, -0.7356757409197864, -0.360204347005692, -0.8260247137732615, -0.9798449907391217, -0.9734073092771314, -0.9946215908417502, -0.9972547082443292, -0.9676238950202081, -0.686602507202174, -0.5618044367419042, -0.5342361546053382, -0.7497896638509816, -0.8220513897366615, -0.8305012196795085, -0.9815877728906577, -0.9655573611534621, -0.9719410316314699, -0.9751638629678798, -0.9696696443794203, -0.9776174395863966]
final halt list:[2.7643862338024245, 2.165246542813242, 2.2941093374770447, 2.2399441340782125, 2.2526821005081876, 2.1739857800083646, 2.376321353065539, 2.3349844324936315, 2.2369087837837838, 2.3553128937421253, 2.1878923141302833, 2.4103859649122805, 2.3098885793871866, 2.212745098039216, 2.6745336348219335, 2.4057422969187674, 2.406179775280899, 2.285492739320457, 2.2649965205288796, 2.599214696396017, 4.716771050800278, 1.0279245283018867, 5.03958436417615, 217.21495457721872, 2.9374041544681444, 30.596674182638107, 2.8797370997063347, 3.7814261555806086, 7.893814801573114, 3.2543892416884574, 1.9596977329974812, 4.568924680246329, 26.19857142857143, 10.036288088642658, 89.62404092071611, 27.648534385569334, 82.7483960948396, 41.86806238583673, 54.877127824203036, 25.261961554651325]
speed reward list:[0.0, 0.0, 0.0, 0.0, 0.0, 0.0, 0.0, 0.0, 0.0, 0.0, 0.0, 0.0, 0.0, 0.0, 0.0, 0.0, 0.0, 0.0, 0.0, 0.0, 0.0, 0.0, 0.0, 0.0, 0.0, 0.0, 0.0, 0.0, 0.0, 0.0, 0.0, 0.0, 0.0, 0.0, 0.0, 0.0, 0.0, 0.0, 0.0, 0.0]
tls reward list:[-0.000653385548304447, -0.0006405758360733011, -0.0006293168195415544, -0.0006346559268113118, -0.0006312756221364428, -0.0006351130185165225, -0.0006424316371979603, -0.0006337773123269989, -0.00064391884123893, -0.0006113272472009654, -0.0006254061087352836, -0.0006175320027031412, -0.0006147760658967099, -0.0006823455762382547, -0.0006677902880371715, -0.0006240350351271184, -0.0006285729560202358, -0.000628802477327789, -0.0006170598186565443, -0.0006733838850752908, -0.003654453403883048, -0.0071083671326185914, -0.0027952735421907762, -0.0010908353250501791, -0.0015952741030570553, -0.0006785901794103454, -0.000624499125426421, -0.0026128238531637356, -0.013266525583624242, -0.01617253937798774, -0.015100541265969521, -0.014401636923988156, -0.00815694863383038, -0.005684865736992134, -0.0010185417447855579, -0.0015197966273889547, -0.0015716739074580215, -0.001223183427337802, -0.0012803721742095568, -0.0013907972642587193]
target reward list:[-0.9938959980635773, -0.9970646506905222, -0.9973799745792247, -0.9969677308939433, -0.9968025746722656, -0.9970790294165217, -0.9972073977148666, -0.996475940743785, -0.9973479760164764, -0.9969548570908211, -0.9966817417392672, -0.9967159726653341, -0.9970965008774898, -0.997171335241084, -0.9969595430913848, -0.9971103263077021, -0.9971343056966605, -0.996578035457824, -0.9972195778337063, -0.9975766994988755, -0.7320212875159035, -0.3530959798730734, -0.8232294402310707, -0.9787541554140716, -0.9718120351740742, -0.9939430006623398, -0.9966302091189029, -0.9650110711670443, -0.6733359816185499, -0.5456318973639164, -0.5191356133393688, -0.7353880269269933, -0.8138944411028312, -0.8248163539425165, -0.980569231145872, -0.9640375645260733, -0.970369357724012, -0.973940679540542, -0.9683892722052108, -0.9762266423221378]
safe reward list [0.0, 0.0, 0.0, 0.0, 0.0, 0.0, 0.0, 0.0, 0.0, 0.0, 0.0, 0.0, 0.0, 0.0, 0.0, 0.0, 0.0, 0.0, 0.0, 0.0, 0.0, 0.0, 0.0, 0.0, 0.0, 0.0, 0.0, 0.0, 0.0, 0.0, 0.0, 0.0, 0.0, 0.0, 0.0, 0.0, 0.0, 0.0, 0.0, 0.0]
speed list [4.775258982411669, 4.799664866413207, 4.773181324053324, 4.841417237339989, 4.762330214137769, 4.757096944030826, 4.817178920372965, 4.844371034566129, 4.843701622674232, 4.585922272155899, 4.6377927910573655, 4.771664043299445, 4.735981858254434, 4.7152241728932305, 4.818106796980582, 4.847678205713816, 4.731585713073394, 4.849352889309716, 4.845056202915316, 4.4499676224357625, 10.391495897576986, 16.14516073974353, 14.597556489383248, 0.13805758860508027, 6.126558578761967, 1.9441505683626261, 3.9657498230888124, 5.799275137261699, 9.751229390359736, 11.345648212003503, 12.570293662888508, 8.024006805126751, 5.63308342100817, 7.533350720279033, 1.0312254036890642, 1.5392607203971151, 0.9951470248806912, 1.4336640753257814, 1.8414520396352985, 2.0924299370667563]
ec list [45.47674687876395, 43.06518162486344, 44.39837741417088, 43.350836340731405, 44.40835526442608, 42.76584647104647, 43.78419864288411, 43.95491613325143, 43.82216845363112, 43.82477038907919, 42.67062271025401, 42.90119897680202, 45.0395003758733, 43.43065164143326, 44.50788322259379, 44.029791070355586, 44.739904558935876, 44.0697365002182, 44.03582900810984, 45.55877050449297, 65.04556229519982, 59.798761171200844, 68.36984596945257, 510.10492469950077, 62.65229710527808, 213.96794738419723, 61.93761891492227, 62.700034975631574, 71.73049665223444, 67.88347013489738, 66.64161994484793, 75.29762190324955, 90.34421013877818, 75.2653767588809, 257.1408318436881, 146.10198528360036, 214.71552263714517, 179.86355999474563, 187.45941917006223, 112.33977135699054]
jerk list [0.027075834872932525, 0.024228112836253757, 0.017473434913749267, 0.021428378033635558, 0.018204789600566165, 0.019652612684544206, 0.019896104813501844, 0.020661697105960435, 0.01854246967921198, 0.01723980813562685, 0.018352100754149305, 0.03264792464457981, 0.017265099928060103, 0.020020004852424694, 0.017426459284521315, 0.01743359065778944, 0.017719990943614605, 0.018491252457302827, 0.01734959618254065, 0.019285460503026087, 0.23992361514998525, 0.10088848601576089, 0.08987528568500923, 0.06422604449703377, 0.16794076904866684, 0.04884581788282819, 0.02118102138437149, 0.31513723236287794, 0.3060819980625998, 0.3959124492866782, 0.35572348721945857, 0.4163440991590029, 0.3108797156853596, 0.2630993131904636, 0.07819307167530724, 0.12318956820854915, 0.0760141792144191, 0.058079866557940216, 0.08429956795437238, 0.08882831001214793]