
Env:SUMO, Algorithm:MADDPG, Device:cuda:0
-----------------------------------------
{'algo': 'MADDPG', 'env': 'SUMO', 'seedVal': 20150427, 'gamma': 0.8, 'epsilon': 0.001, 'critic_lr': 0.005, 'actor_lr': 0.0001, 'memory_capacity': 1000000, 'batch_size': 512, 'train_eps': 40, 'eval_eps': 10, 'epsilon_start': 3, 'max_speed': 28, 'target_update': 4, 'hidden_dim': 256, 'soft_tau': 0.005, 'max_action': 2, 'device': device(type='cuda', index=0), 'simulation_steps': 3600, 'pathToSumoFiles': 'rou_net2_single', 'model_dest_path': 'models/', 'model_dest_path_leader': 'single', 'model_dest_path_follow': '', 'procID': 6}
seed 20150427
当前的gamma是0.8, 当前的soft tau是0.005
-----------------------------------------
model saved successfully!
Complete training!
final reward list:[-0.9330518183781599, -0.2551445750384238, 0.38168757037230666, 0.5204798088366154, 0.551054773404779, 0.5631559256215507, 0.5751763508254522, 0.5406226223092903, 0.5632113332798913, 0.529087235641082, 0.5555603479320946, 0.5874387748880614, 0.570039831075815, 0.5604450075076896, 0.5388101435499221, 0.5607721414342778, 0.5767541911167133, 0.5759477551868677, 0.5653351879037177, 0.5555733700299401, 0.5637984664026231, 0.5742238316118473, 0.5364791457215988, 0.5599246539932308, 0.5880661006052557, 0.56898270022244, 0.5678726289621479, 0.5613639987239499, 0.5926535800575942, 0.5778088363986611, 0.5779401302132463, 0.5836805372305909, 0.5789295390248512, 0.5509569516087847, 0.5517708788566219, 0.5752154819944617, 0.5816516104399896, 0.5676653416675919, 0.5845247186615937, 0.5565377931012605]
final halt list:[10.990231195050471, 1.500386697602475, 0.11627906976744186, 0.013879003558718862, 0.010697159719660641, 0.0034602076124567475, 0.00039077764751856197, 0.0, 0.0, 0.00030111412225233364, 0.0, 0.0, 0.0, 0.0, 0.0, 0.007471049682480389, 0.0, 0.0, 0.0, 0.0, 0.0, 0.0, 0.001215066828675577, 0.0, 0.0, 0.0, 0.0, 0.0, 0.0, 0.0, 0.0, 0.0, 0.0, 0.002432244614315497, 0.0, 0.0, 0.0, 0.0, 0.0, 0.0]
speed reward list:[0.0, 0.0, 0.0, 0.0, 0.0, 0.0, 0.0, 0.0, 0.0, 0.0, 0.0, 0.0, 0.0, 0.0, 0.0, 0.0, 0.0, 0.0, 0.0, 0.0, 0.0, 0.0, 0.0, 0.0, 0.0, 0.0, 0.0, 0.0, 0.0, 0.0, 0.0, 0.0, 0.0, 0.0, 0.0, 0.0, 0.0, 0.0, 0.0, 0.0]
tls reward list:[-0.0023289476885595076, -0.007593059944640605, -0.007769954400157888, -0.006623187768624997, -0.0065205229832105875, -0.006223812907429133, -0.00553610820994918, -0.0055048082701875415, -0.005535387169553514, -0.005042330674244566, -0.0050165126266897946, -0.0050529356819738105, -0.005621413892455819, -0.004883507462217465, -0.005427509339486416, -0.005445030013811018, -0.005556900448125821, -0.005204316528304006, -0.005464611296882184, -0.005065649138939253, -0.004612253610894007, -0.005182523944233948, -0.005369098826516167, -0.005212238821027352, -0.005299685502874901, -0.004968787975062547, -0.0052206010025707605, -0.005208554581268087, -0.005218064107802847, -0.0051770358312147515, -0.004778437640924218, -0.004776661068203372, -0.005545328434097226, -0.0052597082920413, -0.004895170768228358, -0.00465793289400941, -0.004807812507527703, -0.0044607745051041744, -0.004779499192891702, -0.00497949917627586]
target reward list:[-0.9307228706896001, -0.24755151509378315, 0.3894575247724645, 0.5271029966052403, 0.5575752963879895, 0.5693797385289798, 0.5807124590354013, 0.5461274305794779, 0.5687467204494447, 0.5341295663153265, 0.5605768605587844, 0.5924917105700352, 0.5756612449682708, 0.5653285149699071, 0.5442376528894085, 0.5662171714480889, 0.5823110915648391, 0.5811520717151717, 0.5707997992006, 0.5606390191688795, 0.5684107200135171, 0.5794063555560812, 0.541848244548115, 0.5651368928142582, 0.5933657861081306, 0.5739514881975025, 0.5730932299647186, 0.566572553305218, 0.597871644165397, 0.5829858722298759, 0.5827185678541705, 0.5884571982987942, 0.5844748674589483, 0.5562166599008259, 0.5566660496248502, 0.5798734148884711, 0.5864594229475174, 0.5721261161726959, 0.5893042178544854, 0.5615172922775363]
safe reward list [0.0, 0.0, 0.0, 0.0, 0.0, 0.0, 0.0, 0.0, 0.0, 0.0, 0.0, 0.0, 0.0, 0.0, 0.0, 0.0, 0.0, 0.0, 0.0, 0.0, 0.0, 0.0, 0.0, 0.0, 0.0, 0.0, 0.0, 0.0, 0.0, 0.0, 0.0, 0.0, 0.0, 0.0, 0.0, 0.0, 0.0, 0.0, 0.0, 0.0]
speed list [8.255660328654933, 15.678407553146615, 15.735152879272464, 15.808727762790465, 15.589249001871927, 15.817051022666337, 16.022249080876733, 15.974555529665437, 15.958721427976883, 15.75894502867813, 16.089997955066874, 16.234126563086534, 15.527992097337291, 16.21853650906976, 15.722556239253452, 15.846622482669448, 15.967134527185824, 16.14363478623673, 15.730481533261306, 15.950222249602854, 16.019987848261017, 16.047845513519608, 16.011250956278822, 15.825509108548303, 16.016906270326903, 16.15646841056057, 16.04889818072258, 15.781939306019058, 16.19411141958871, 16.021518557657636, 15.879531747849967, 16.103361789716285, 15.682902639838622, 15.866750496602242, 16.026219279441257, 15.901533695167412, 16.14687762759423, 16.236444750816176, 16.22267195719184, 15.789475977912074]
ec list [67.88722711993368, 59.85899747596596, 59.40224639452268, 58.381616905326396, 58.52923661033783, 58.44505442342942, 58.53798309463403, 58.55377332015933, 58.39528635626464, 58.50689798387006, 58.845575339793655, 58.74360231589908, 58.13401430825369, 58.47656800565983, 58.11021469256597, 58.09314756654367, 58.06378073345443, 58.63668532790863, 58.1459241333531, 58.27414100019205, 58.35870619906165, 58.176301922934854, 58.29312702409847, 58.28706780397653, 58.231396501295876, 58.18015232071771, 57.90504947073162, 58.04203645411041, 57.97477948345651, 58.222630243194025, 57.88048518819618, 57.97989056668152, 58.16388976495206, 58.20389275536537, 58.13903954102261, 57.75351232570083, 57.86875805875492, 58.307710757960244, 58.294975282255784, 57.92877155914254]
jerk list [0.14306050917116717, 0.12420294082186084, 0.39659737709435156, 0.399912913298106, 0.4305513037674488, 0.3997265414923598, 0.36660049024358216, 0.36226000997945995, 0.37000260694218384, 0.3608774575266107, 0.34182599704475014, 0.33771780064691226, 0.37694233978655894, 0.3330882787927168, 0.3635506447496807, 0.3622350342331081, 0.34864027846590345, 0.3396614969209054, 0.36971087429528504, 0.34717025471073953, 0.33938298087942526, 0.34939145931321464, 0.35652654545910195, 0.3737764611087385, 0.34819501298361394, 0.3313712213581668, 0.33243768219652103, 0.36266049785606386, 0.3373290267773918, 0.3372726925815793, 0.35031315126449525, 0.3371468601218152, 0.36553317398822355, 0.35663170911230735, 0.3328182279851365, 0.3425174061398325, 0.33270526491721153, 0.3322531302045125, 0.3330218533957657, 0.34977445296526616]