
Env:SUMO, Algorithm:MADDPG, Device:cuda:1
-----------------------------------------
{'algo': 'MADDPG', 'env': 'SUMO', 'seedVal': 20150427, 'gamma': 0.8, 'epsilon': 0.001, 'critic_lr': 0.005, 'actor_lr': 0.0001, 'memory_capacity': 1000000, 'batch_size': 512, 'train_eps': 40, 'eval_eps': 10, 'epsilon_start': 3, 'max_speed': 28, 'target_update': 4, 'hidden_dim': 256, 'soft_tau': 0.1, 'max_action': 2, 'device': device(type='cuda', index=1), 'simulation_steps': 3600, 'pathToSumoFiles': 'rou_net2_single', 'model_dest_path': 'models/', 'model_dest_path_leader': 'single', 'model_dest_path_follow': '', 'procID': 9}
seed 20150427
当前的gamma是0.8, 当前的soft tau是0.1
-----------------------------------------
model saved successfully!
Complete training!
final reward list:[-0.912188615583142, 0.31485387012251975, 0.557230730001269, 0.5677733758928578, 0.5421992375898186, 0.5708538255566061, 0.5708172997395707, 0.5268829694213206, 0.5575290678141288, 0.5039086105867239, 0.5439706765644269, 0.5908871800755259, 0.5613183945574851, 0.5650459197425575, 0.5496279025695815, 0.5743138276262657, 0.5581935582520008, 0.5807867434708641, 0.5281189580939368, 0.5381989806997317, 0.5353538511842983, 0.5360591250823518, 0.5385741411166761, 0.5640258376267338, 0.570460370068972, 0.5806525918228638, 0.5583068290836004, 0.5465109672804636, 0.5807984958709589, 0.539789973790304, 0.5602328070897036, 0.5922707277281597, 0.5543663912735027, 0.5258371024552401, 0.5544008700024327, 0.5490543534055654, 0.5872937820896061, 0.5695524159755564, 0.594768757183412, 0.5857097191586773]
final halt list:[7.183639947437582, 0.09753276792598303, 0.01622002820874471, 0.0010676156583629894, 0.006268436578171091, 0.0, 0.00078125, 0.0, 0.0, 0.00030120481927710846, 0.0, 0.0, 0.0, 0.0, 0.0, 0.0056032872618602915, 0.0, 0.0, 0.0003402517863218782, 0.0, 0.0, 0.0, 0.015384615384615385, 0.0, 0.0, 0.0, 0.0, 0.0, 0.0, 0.0, 0.0, 0.0, 0.018930041152263374, 0.0027787426189649182, 0.0, 0.0, 0.0, 0.0, 0.0015873015873015873, 0.0010857763300760044]
speed reward list:[0.0, 0.0, 0.0, 0.0, 0.0, 0.0, 0.0, 0.0, 0.0, 0.0, 0.0, 0.0, 0.0, 0.0, 0.0, 0.0, 0.0, 0.0, 0.0, 0.0, 0.0, 0.0, 0.0, 0.0, 0.0, 0.0, 0.0, 0.0, 0.0, 0.0, 0.0, 0.0, 0.0, 0.0, 0.0, 0.0, 0.0, 0.0, 0.0, 0.0]
tls reward list:[-0.002300059454867453, -0.009460002424933953, -0.005929047313020726, -0.005823988222865858, -0.005777372412760734, -0.005499142332964612, -0.00516880427163943, -0.005369149238627483, -0.005329217852644613, -0.0049674669971309995, -0.00494795948303965, -0.005108281853678696, -0.005526334281644911, -0.005000841729911429, -0.005274216568901261, -0.005173362508843557, -0.005394922162934072, -0.00514663017471069, -0.005425278508249275, -0.005010027468337509, -0.004696884590350869, -0.005252178231096695, -0.005510854581533279, -0.005307353522317486, -0.0052569849706199665, -0.004935973336374755, -0.005362643803563573, -0.005238721951759935, -0.005382797784863192, -0.005063422219507072, -0.004919305202032281, -0.004907641526761242, -0.0056933951540714695, -0.0053851550260442345, -0.005102739736154035, -0.004770526126565841, -0.004744669749466318, -0.004413386755658328, -0.004791742756980103, -0.004972882745699773]
target reward list:[-0.9098885561282746, 0.32431387254745375, 0.5631597773142897, 0.5735973641157237, 0.5479766100025795, 0.5763529678895706, 0.5759861040112102, 0.5322521186599481, 0.5628582856667734, 0.5088760775838549, 0.5489186360474665, 0.5959954619292046, 0.5668447288391301, 0.5700467614724688, 0.5549021191384828, 0.5794871901351093, 0.5635884804149348, 0.5859333736455749, 0.5335442366021861, 0.543209008168069, 0.5400507357746492, 0.5413113033134485, 0.5440849956982095, 0.5693331911490512, 0.575717355039592, 0.5855885651592386, 0.563669472887164, 0.5517496892322235, 0.586181293655822, 0.5448533960098112, 0.5651521122917359, 0.5971783692549211, 0.5600597864275741, 0.5312222574812843, 0.5595036097385867, 0.5538248795321312, 0.5920384518390724, 0.5739658027312147, 0.5995604999403922, 0.5906826019043772]
safe reward list [0.0, 0.0, 0.0, 0.0, 0.0, 0.0, 0.0, 0.0, 0.0, 0.0, 0.0, 0.0, 0.0, 0.0, 0.0, 0.0, 0.0, 0.0, 0.0, 0.0, 0.0, 0.0, 0.0, 0.0, 0.0, 0.0, 0.0, 0.0, 0.0, 0.0, 0.0, 0.0, 0.0, 0.0, 0.0, 0.0, 0.0, 0.0, 0.0, 0.0]
speed list [9.463069262963248, 15.310340097140303, 15.746132003891454, 15.894229582728876, 15.57248164166471, 15.79724715468484, 15.996432271476943, 15.943886985066474, 15.971967463540176, 15.751163648433971, 16.099441221614693, 16.231951096747903, 15.494887070856603, 16.217900724599243, 15.71940681000179, 15.83756517426998, 15.963980664665721, 16.146615989890737, 15.722368094174811, 15.959000935329147, 16.009788603807404, 16.054079745461596, 16.016207072078856, 15.817369000222037, 16.022587998526305, 16.153978295215712, 16.046551440318943, 15.765794856928121, 16.1841963537652, 16.03910305605268, 15.871990590267743, 16.102749444174222, 15.644684551439223, 15.872711554905461, 16.005161000228696, 15.89315817442959, 16.159485465333848, 16.250098479531903, 16.21797067341213, 15.81558876311458]
ec list [64.997150483696, 60.23339202438982, 58.82198393902768, 58.0521311705466, 58.34813323662757, 58.24608859147627, 58.42145676962828, 58.560154711501404, 58.192196379363224, 58.50918781324314, 58.768569878242936, 58.703872163616246, 58.11946071522474, 58.35390723369301, 57.92883248365596, 57.90305565546594, 58.01800661603158, 58.586664820093, 58.1087416365972, 58.12018961901964, 58.345214698307736, 58.26754658185552, 58.35903951502062, 58.21737041072737, 58.26971537455728, 58.20679145261243, 57.906626081911355, 58.06732267506191, 58.01923923705133, 58.16295200315699, 57.938693086435016, 58.03471097871386, 58.25902760783337, 58.3158322868251, 58.15009942501902, 57.74029602385591, 57.83108060939349, 58.23356374543684, 58.233286114562695, 57.871080079058224]
jerk list [0.23985434051718824, 0.42967827421272015, 0.422877094473509, 0.3902802563038414, 0.40287951490320195, 0.3956691631182635, 0.3691902239116874, 0.3685261671463401, 0.36741674128118773, 0.3618388289804345, 0.3407919204023091, 0.33132069615494814, 0.3812135029746739, 0.3259457098681484, 0.357919555450137, 0.34959714871712333, 0.33994781512014843, 0.3493067554349136, 0.36700074504067826, 0.3375301862500249, 0.3406052196410123, 0.3372040490270017, 0.3471660335658448, 0.3607409653978648, 0.3497400123138593, 0.3377920944907672, 0.34589354436039116, 0.36337343737531397, 0.33504140784945347, 0.3342178192226721, 0.35199961563106236, 0.34142928433911524, 0.3647094975955433, 0.3481302485489883, 0.3408210281648735, 0.3389764415941487, 0.3352825898780792, 0.3319318429500042, 0.3437299289162678, 0.3418046541822071]