
Env:SUMO, Algorithm:MADDPG, Device:cuda:1
-----------------------------------------
{'algo': 'MADDPG', 'env': 'SUMO', 'seedVal': 20150427, 'gamma': 0.8, 'epsilon': 0.001, 'critic_lr': 0.005, 'actor_lr': 0.0001, 'memory_capacity': 1000000, 'batch_size': 512, 'train_eps': 40, 'eval_eps': 10, 'epsilon_start': 3, 'max_speed': 28, 'target_update': 4, 'hidden_dim': 256, 'soft_tau': 0.01, 'max_action': 2, 'device': device(type='cuda', index=1), 'simulation_steps': 3600, 'pathToSumoFiles': 'rou_net2_single', 'model_dest_path': 'models/', 'model_dest_path_leader': 'single', 'model_dest_path_follow': '', 'procID': 7}
seed 20150427
当前的gamma是0.8, 当前的soft tau是0.01
-----------------------------------------
model saved successfully!
Complete training!
final reward list:[-0.9304754337333242, -0.39395419324092423, -0.343907994100398, -0.23656903364051138, 0.2310670088216428, 0.5279422516195664, 0.5793217193063569, 0.540890664878679, 0.5373138402464174, 0.5343344205468783, 0.5536702188218361, 0.5559123666466954, 0.5437103375976687, 0.5542383480855293, 0.5351576249425225, 0.5644640427184691, 0.5684458343383622, 0.5990090822008133, 0.5525383761070038, 0.5619337663030021, 0.5391891289515008, 0.5314305682574096, 0.5312826025047471, 0.5565641391308249, 0.574591703446902, 0.5821791716455339, 0.5682032102795909, 0.5598410546202014, 0.5888586586295789, 0.5730162665933981, 0.5822219516071512, 0.5809883916198311, 0.5876774256652696, 0.5606430967985973, 0.5572254297347665, 0.5814549076617126, 0.594159391684503, 0.586179251147939, 0.5758116705112487, 0.5849136769446969]
final halt list:[10.29440628066732, 1.6282051282051282, 1.2103230337078652, 1.2247386759581882, 0.2999263080324245, 0.02880184331797235, 0.013671875, 0.0, 0.0, 0.0, 0.00031210986267166043, 0.0, 0.0, 0.0, 0.0, 0.009715994020926755, 0.0, 0.0, 0.0, 0.0, 0.0, 0.0, 0.006477732793522267, 0.0, 0.0, 0.0, 0.0, 0.0, 0.0, 0.0, 0.0, 0.0, 0.018930041152263374, 0.0031271716469770676, 0.0, 0.0, 0.0, 0.004592422502870264, 0.013492063492063493, 0.0]
speed reward list:[0.0, 0.0, 0.0, 0.0, 0.0, 0.0, 0.0, 0.0, 0.0, 0.0, 0.0, 0.0, 0.0, 0.0, 0.0, 0.0, 0.0, 0.0, 0.0, 0.0, 0.0, 0.0, 0.0, 0.0, 0.0, 0.0, 0.0, 0.0, 0.0, 0.0, 0.0, 0.0, 0.0, 0.0, 0.0, 0.0, 0.0, 0.0, 0.0, 0.0]
tls reward list:[-0.002299504225861854, -0.007557429405081439, -0.007266792395092678, -0.008106516428852554, -0.009312868505968802, -0.006880139520491835, -0.00602787749606268, -0.0062775933000378155, -0.006439782716368557, -0.005554880427723775, -0.005543416997012447, -0.0054366772509660865, -0.005758539417072424, -0.0052546033072661535, -0.00574328054904173, -0.005666912450807249, -0.005758281933892101, -0.005261505178312548, -0.0054405944082648915, -0.00502861253425122, -0.004935821166147269, -0.005358241263062556, -0.005395952757503502, -0.0053791729967449225, -0.00539887958686241, -0.00493127859903072, -0.005212823650424993, -0.005127681149565316, -0.0051549609531674635, -0.005058473476315469, -0.0047973920916570675, -0.004846144480418019, -0.005637471868551435, -0.0052738004022520445, -0.004961816796958294, -0.004719255279812011, -0.004775271726085025, -0.004624712919291294, -0.0047922365936784225, -0.004950210410044105]
target reward list:[-0.9281759295074624, -0.38639676383584287, -0.3366412017053053, -0.2284625172116588, 0.24037987732761154, 0.5348223911400584, 0.5853495968024196, 0.5471682581787167, 0.543753622962786, 0.5398893009746021, 0.5592136358188485, 0.5613490438976615, 0.5494688770147412, 0.5594929513927954, 0.5409009054915642, 0.5701309551692763, 0.5742041162722543, 0.6042705873791259, 0.5579789705152687, 0.5669623788372533, 0.544124950117648, 0.5367888095204721, 0.5366785552622505, 0.5619433121275698, 0.5799905830337644, 0.5871104502445647, 0.5734160339300157, 0.5649687357697666, 0.5940136195827463, 0.5780747400697136, 0.5870193436988083, 0.585834536100249, 0.5933148975338212, 0.5659168972008493, 0.5621872465317248, 0.5861741629415245, 0.5989346634105881, 0.5908039640672303, 0.5806039071049273, 0.589863887354741]
safe reward list [0.0, 0.0, 0.0, 0.0, 0.0, 0.0, 0.0, 0.0, 0.0, 0.0, 0.0, 0.0, 0.0, 0.0, 0.0, 0.0, 0.0, 0.0, 0.0, 0.0, 0.0, 0.0, 0.0, 0.0, 0.0, 0.0, 0.0, 0.0, 0.0, 0.0, 0.0, 0.0, 0.0, 0.0, 0.0, 0.0, 0.0, 0.0, 0.0, 0.0]
speed list [8.694276167117554, 15.718229986420472, 16.13211834931762, 15.669722997397153, 15.306173019530464, 15.746866591262558, 15.949890143125504, 15.952056298625036, 15.977730448938315, 15.75095466350624, 16.09080682776887, 16.22545730138578, 15.50901135787597, 16.22162492321609, 15.730728921116821, 15.834761602484189, 15.968813802896264, 16.154496428443952, 15.73138600059277, 15.961543371711494, 16.0097730744548, 16.043354072958397, 15.983671112799815, 15.82143497727495, 16.019988977403155, 16.164011273366395, 16.04826180822497, 15.794695945023074, 16.180543403918445, 16.02488748713195, 15.873738749855518, 16.10884028305072, 15.650098679153865, 15.868362999282132, 16.027123113361498, 15.884554996402152, 16.14772908635663, 16.253519582202706, 16.211307818222778, 15.802745976676663]
ec list [66.8405723868305, 59.934774124241464, 59.47522148056213, 59.384686950875384, 60.045867044155194, 58.85604407902792, 58.98702207846277, 58.79138676572254, 58.718782598578336, 58.89551122430661, 59.065954358087815, 58.87163161327733, 58.33444498738642, 58.50985328847523, 58.23840873172932, 58.12877171376595, 58.14921010374153, 58.640163831011584, 58.06176267235719, 58.18460976828214, 58.594197102665184, 58.38852736873837, 58.460048884939425, 58.40368321742384, 58.2979733204933, 58.175778063136285, 57.857190486239396, 58.0220238409142, 58.031541198755626, 58.113090323721885, 57.90866079710716, 58.07283068178166, 58.2377435335897, 58.22212023214194, 58.134874696562434, 57.79383032566763, 57.85275791604501, 58.29963370185905, 58.21001806711783, 57.9193150930966]
jerk list [0.1378537976373551, 0.10106744533172128, 0.09679922991717756, 0.12188853741225646, 0.36180794222873547, 0.44933446610306665, 0.4365793379563734, 0.41606039537387735, 0.4210474509939806, 0.40459476184972454, 0.3625330837299998, 0.35965146442535384, 0.39396618758137675, 0.34725861594816276, 0.375832290375114, 0.3615853660187541, 0.3563517741963528, 0.34703209596372636, 0.3705089022298437, 0.3497742465476979, 0.35713326556247177, 0.3529553187200293, 0.3631649914042954, 0.37468189503803034, 0.35650885431156637, 0.33453503302326393, 0.3444738604670597, 0.3685034789238466, 0.33810100333877474, 0.3314496796967553, 0.34830201990968085, 0.34971396874925653, 0.3719568753039124, 0.3630807660308237, 0.33356980279851633, 0.3484252779434498, 0.3451620711155309, 0.3417915103546716, 0.34066712356697293, 0.3489127991113694]